MedInc,HouseAge,AveRooms,AveBedrms,Population,AveOccup,Latitude,Longitude,MedHouseVal
2.473,44.0,5.298630136986302,1.0273972602739727,750.0,2.054794520547945,34.17,-118.33,2.518
3.1275,29.0,4.501564129301356,1.08133472367049,2102.0,2.191866527632951,33.8,-118.32,2.864
1.6667,13.0,4.015923566878981,1.144904458598726,1381.0,2.199044585987261,40.91,-124.08,0.788
<<<<<<< HEAD,,,,,,,,
2.619,20.0,4.326347305389222,0.9670658682634732,573.0,1.715568862275449,32.65,-117.09,1.458
4.2324,9.0,6.118727050183598,1.069767441860465,2687.0,3.2888616891064872,38.34,-121.95,1.421
2.5556,20.0,5.132478632478633,1.205128205128205,601.0,2.568376068376069,37.08,-122.25,1.775
6.1273,26.0,7.0049504950495045,0.9876237623762376,1204.0,2.98019801980198,33.92,-118.0,2.896
2.0871,20.0,3.5859154929577466,0.9971830985915492,1548.0,4.3605633802816905,33.64,-116.11,0.847
1.5429,24.0,2.970238095238096,1.1770833333333333,1215.0,1.8080357142857144,34.1,-118.34,3.25
2.9167,34.0,4.588235294117647,1.0441176470588236,986.0,3.625,34.96,-120.44,1.042
3.1734,38.0,6.0602409638554215,1.0451807228915662,880.0,2.6506024096385543,37.67,-122.13,1.816
2.0524,31.0,3.602094240837696,1.068062827225131,2461.0,4.294938917975567,33.97,-118.14,1.608
4.1779,10.0,5.817850637522769,1.0546448087431697,2088.0,3.80327868852459,34.03,-117.64,1.591
2.334,30.0,5.365217391304348,1.0608695652173914,1688.0,2.935652173913044,39.51,-121.52,0.722
5.3028,35.0,6.026128266033254,0.992874109263658,1161.0,2.75771971496437,34.19,-118.51,2.292
10.9722,5.0,7.978070175438597,1.0745614035087718,802.0,3.517543859649123,37.46,-121.88,5.00001
5.2121,32.0,4.294964028776978,1.0629496402877698,1009.0,1.814748201438849,33.98,-118.46,4.667
4.5972,19.0,9.791139240506327,2.0970464135021096,1334.0,2.814345991561181,34.21,-117.12,1.239
3.4886,35.0,5.332480818414322,1.0230179028132993,1112.0,2.843989769820972,33.95,-118.02,1.739
4.2386,27.0,4.915851272015655,0.9902152641878668,1861.0,3.6418786692759295,33.76,-117.94,1.842
2.6033,22.0,4.055194805194805,1.0876623376623376,699.0,2.26948051948052,38.34,-122.71,1.216
5.9357,19.0,5.8584070796460175,1.0575221238938053,1160.0,2.566371681415929,33.78,-118.01,2.074
3.8125,39.0,4.487012987012987,1.0227272727272727,1090.0,3.538961038961039,34.07,-118.04,1.74
2.6447,22.0,7.595588235294118,1.7058823529411764,442.0,3.25,36.23,-118.74,1.375
3.525,12.0,6.143636363636364,1.1281818181818182,3918.0,3.561818181818182,36.7,-121.54,2.017
3.0893,52.0,3.907692307692308,0.9743589743589745,600.0,3.076923076923077,37.79,-122.21,1.25
3.6875,29.0,5.015410958904109,1.095890410958904,1618.0,2.77054794520548,33.82,-117.95,2.132
3.7833,47.0,5.438356164383562,1.0582191780821917,827.0,2.8321917808219177,33.99,-118.06,1.661
3.1087,39.0,3.79344262295082,0.8950819672131147,877.0,2.875409836065574,33.91,-118.17,1.71
4.2792,11.0,6.409836065573771,1.0510018214936248,1459.0,2.6575591985428053,39.11,-121.62,1.238
4.775,14.0,6.235915492957746,1.0598591549295775,1046.0,3.683098591549296,32.72,-116.99,1.433
4.8966,45.0,6.176646706586826,1.0419161676646709,1722.0,2.5778443113772456,37.48,-122.24,3.621
3.142,23.0,4.538277511961723,1.0526315789473684,1109.0,2.65311004784689,37.64,-122.08,1.795
8.7394,23.0,6.951871657754011,1.0641711229946524,917.0,2.4518716577540105,34.44,-119.68,5.00001
11.6677,37.0,7.605633802816901,0.9507042253521126,366.0,2.5774647887323945,33.75,-118.32,5.00001
7.3715,17.0,5.0060975609756095,0.9939024390243902,229.0,1.396341463414634,34.15,-118.16,2.63
2.3,16.0,4.498084291187739,0.9272030651340996,464.0,1.7777777777777777,38.14,-121.25,1.333
2.2788,46.0,4.490054249547921,1.061482820976492,2121.0,3.835443037974684,34.1,-118.23,1.529
8.7059,13.0,7.419354838709677,0.912442396313364,703.0,3.23963133640553,37.93,-121.91,3.294
4.9107,19.0,5.58,1.0333333333333334,1551.0,3.4466666666666668,36.84,-121.7,2.319
3.154,23.0,5.923312883435583,1.072085889570552,2082.0,3.193251533742332,34.03,-117.08,1.157
4.105,16.0,6.035962877030163,1.0417633410672853,2515.0,2.917633410672854,32.83,-116.91,1.744
2.1522,39.0,3.7813021702838063,1.0484140233722872,2323.0,3.8781302170283807,33.96,-118.21,1.553
1.933,30.0,4.295,0.9875,914.0,2.285,37.66,-120.99,1.07
3.0187,24.0,4.173775671406003,1.099526066350711,1649.0,2.605055292259084,34.21,-118.58,2.177
2.8351,45.0,4.780392156862745,0.9058823529411764,1415.0,2.7745098039215685,38.67,-121.77,1.072
4.2135,36.0,5.886363636363637,1.0340909090909092,974.0,3.689393939393939,33.87,-118.2,1.614
2.4028,41.0,3.896135265700483,1.0748792270531402,1481.0,3.577294685990338,37.74,-122.17,0.977
10.6514,33.0,6.981132075471698,0.7924528301886793,153.0,2.8867924528301887,37.39,-122.25,5.00001
2.6827,43.0,4.035294117647059,0.9882352941176472,613.0,2.403921568627451,34.19,-118.34,2.199
0.9506,40.0,3.9,1.21875,423.0,2.64375,37.82,-122.26,1.875
3.8333,32.0,6.079787234042553,1.1063829787234043,454.0,2.4148936170212765,39.15,-123.1,1.161
1.6045,36.0,3.822950819672131,1.0754098360655735,2175.0,3.565573770491804,35.76,-119.25,0.573
2.8042,26.0,4.017982017982018,1.07992007992008,2457.0,2.4545454545454546,33.81,-117.97,2.063
5.8519,36.0,6.771812080536913,1.1006711409395973,466.0,3.12751677852349,34.07,-117.9,2.494
2.5042,19.0,5.739957716701903,1.2600422832980973,1301.0,2.7505285412262155,38.61,-120.66,1.264
7.7197,26.0,5.714285714285714,1.1428571428571428,52.0,7.428571428571429,37.42,-121.89,2.25
2.5762,29.0,4.048703849175177,1.0950510604870385,3741.0,2.93872741555381,37.78,-122.28,1.734
4.8021,45.0,5.927536231884058,1.0434782608695652,340.0,2.463768115942029,37.74,-121.42,1.335
2.6165,33.0,4.179389312977099,1.0559796437659033,2281.0,2.9020356234096694,34.19,-118.42,2.308
2.8958,32.0,5.758122743682311,1.1155234657039712,706.0,2.5487364620938626,40.62,-124.17,0.864
1.4615,28.0,2.1839464882943145,1.065217391304348,2079.0,3.4765886287625416,34.05,-118.28,2.75
5.4288,6.0,6.50625,1.03125,1513.0,3.152083333333333,32.83,-116.83,1.678
2.3942,42.0,4.329787234042553,1.1861702127659577,511.0,2.7180851063829787,34.01,-118.29,1.232
4.036,5.0,13.885901162790695,2.851017441860465,2880.0,2.0930232558139537,33.75,-116.33,1.585
4.6,34.0,5.332258064516129,0.9419354838709676,1003.0,3.235483870967742,33.89,-118.01,2.034
2.9154,9.0,3.719251336898396,1.181818181818182,1790.0,2.393048128342246,33.79,-118.3,2.033
8.8062,52.0,6.932475884244373,0.9839228295819936,861.0,2.7684887459807075,34.07,-118.32,5.00001
1.5635,17.0,3.4126506024096384,1.0436746987951808,3200.0,4.819277108433735,37.29,-120.48,0.604
1.8362,36.0,4.7250608272506085,1.0072992700729928,1051.0,2.557177615571776,35.36,-119.04,0.669
1.4464,17.0,5.431034482758621,1.5344827586206895,130.0,2.2413793103448274,37.65,-120.46,0.792
2.8438,38.0,4.779527559055119,0.9606299212598424,632.0,2.4881889763779528,38.25,-122.04,0.942
4.2667,46.0,5.256055363321799,1.0069204152249136,573.0,1.982698961937716,37.75,-122.44,3.388
2.875,34.0,4.772151898734177,1.1729957805907174,560.0,2.3628691983122363,37.69,-122.13,1.617
4.4766,14.0,5.503311258278146,1.042384105960265,2112.0,2.797350993377484,35.33,-120.83,1.927
3.4722,35.0,3.822274881516588,1.014218009478673,675.0,1.599526066350711,37.83,-122.25,2.431
2.1638,39.0,3.776349614395887,1.1079691516709511,1464.0,3.763496143958869,37.79,-122.24,1.055
2.9531,28.0,4.341753343239227,1.098068350668648,3013.0,4.476968796433878,33.91,-118.16,1.271
2.0577,12.0,6.372727272727273,1.181818181818182,434.0,3.945454545454545,33.79,-116.89,0.567
4.25,4.0,6.232227488151659,1.1895734597156398,1150.0,2.7251184834123223,35.13,-117.95,1.044
3.0,35.0,5.040697674418604,1.055232558139535,1527.0,4.438953488372093,34.04,-118.04,1.606
3.9219,15.0,4.466666666666667,1.0444444444444445,677.0,2.5074074074074075,33.74,-117.93,1.426
4.3553,42.0,6.449685534591195,1.050314465408805,878.0,2.761006289308176,38.15,-121.36,1.857
4.7426,19.0,5.871428571428571,1.022857142857143,1064.0,3.04,37.93,-121.66,2.631
6.3639,10.0,6.658385093167702,1.0890269151138716,1539.0,3.186335403726708,35.41,-118.94,1.43
3.7159,52.0,4.574829931972789,0.9897959183673468,560.0,1.9047619047619049,37.78,-122.45,4.944
1.6642,39.0,3.504950495049505,1.0907590759075907,1365.0,2.2524752475247523,36.97,-122.02,2.813
5.1701,23.0,5.809891808346213,0.9884080370942812,3827.0,2.957496136012365,37.68,-122.05,2.168
7.3252,24.0,6.7384615384615385,0.9717948717948718,2474.0,3.171794871794872,34.22,-118.61,3.337
1.8972,17.0,4.382830626450116,1.0893271461716938,2393.0,2.776102088167053,38.66,-121.38,1.005
3.0739,36.0,4.178997613365155,1.045346062052506,1175.0,2.804295942720764,33.88,-118.29,2.186
7.167,20.0,7.72865275142315,1.073055028462998,3562.0,3.379506641366224,34.26,-118.59,3.571
2.6094,52.0,6.98639455782313,1.6598639455782314,492.0,3.346938775510204,37.8,-122.29,0.813
3.8065,5.0,5.436657681940701,1.0390835579514826,1967.0,2.650943396226415,37.69,-121.03,1.46
3.7344,46.0,4.817767653758542,1.0546697038724373,1133.0,2.580865603644647,34.19,-118.33,2.22
2.4835,43.0,4.253731343283582,1.0582089552238807,1510.0,2.253731343283582,34.16,-118.36,2.743
2.6042,29.0,4.138728323699422,1.2369942196531791,422.0,2.439306358381503,33.43,-118.48,2.875
2.1864,29.0,4.031626506024097,1.0406626506024097,1880.0,2.8313253012048194,38.43,-122.73,1.432
5.5849,15.0,5.885662431941924,1.0,1752.0,3.17967332123412,37.26,-121.83,2.574
1.4554,52.0,2.498371335504886,1.242671009771987,1520.0,2.47557003257329,37.78,-122.41,3.75
2.3903,52.0,4.466302367941712,1.1347905282331512,1932.0,3.519125683060109,37.75,-122.41,2.361
1.7188,45.0,5.008064516129032,1.0403225806451613,257.0,2.0725806451612905,37.77,-120.86,1.094
0.7403,37.0,4.491428571428571,1.1485714285714286,1046.0,2.9885714285714284,37.96,-122.37,0.686
5.883,13.0,4.907407407407407,0.9969135802469136,2261.0,2.3261316872427984,33.7,-118.09,2.951
3.4028,52.0,4.429184549356223,1.0643776824034334,1726.0,3.703862660944206,37.76,-122.41,2.333
3.8235,10.0,5.34593837535014,1.0070028011204482,1686.0,2.361344537815126,36.32,-119.35,0.946
2.1042,16.0,24.5,6.071428571428571,29.0,2.071428571428572,33.82,-116.5,0.875
3.699,19.0,3.532110091743119,1.073394495412844,2672.0,2.0428134556574924,37.32,-121.97,2.375
4.3899,33.0,4.8121546961325965,1.0349907918968693,3150.0,5.801104972375691,33.72,-117.9,1.807
3.25,19.0,5.800469483568075,1.011737089201878,1040.0,2.4413145539906105,36.08,-119.03,0.806
2.2411,47.0,3.986175115207373,0.8894009216589862,782.0,3.6036866359447006,33.98,-118.28,0.93
2.3464,30.0,4.141618497109826,1.1473988439306355,1110.0,3.208092485549133,34.08,-118.14,1.917
3.235,12.0,6.094650205761317,1.0905349794238683,757.0,3.11522633744856,33.64,-117.19,2.107
5.0507,14.0,6.656790123456791,1.0135802469135802,2350.0,2.9012345679012346,33.38,-117.2,2.915
2.5388,12.0,4.508816120906801,0.9546599496221664,1399.0,3.5239294710327456,36.98,-120.07,0.596
4.1806,28.0,6.317738791423002,1.0389863547758285,1334.0,2.6003898635477585,32.83,-117.21,1.996
2.4524,25.0,3.657754010695187,1.0160427807486632,665.0,3.556149732620321,32.74,-117.11,0.903
6.3434,52.0,6.947890818858561,1.01985111662531,1061.0,2.632754342431762,37.85,-122.23,3.736
4.1591,27.0,5.381834215167548,1.101410934744268,3026.0,2.6684303350970016,37.55,-122.0,3.324
3.1304,42.0,4.073717948717949,0.9647435897435898,574.0,1.8397435897435896,34.0,-118.47,3.405
3.9722,29.0,4.789795918367347,0.946938775510204,1135.0,2.316326530612245,37.97,-122.32,1.61
3.0104,15.0,3.855218855218855,1.1144781144781144,1034.0,1.7407407407407407,32.87,-117.23,2.042
5.0346,10.0,7.106598984771574,1.076142131979695,2573.0,3.265228426395939,33.88,-117.36,2.405
2.6288,37.0,5.230061349693251,0.9969325153374232,827.0,2.53680981595092,38.52,-121.45,0.712
4.675,36.0,5.09375,0.8854166666666666,475.0,2.473958333333333,34.19,-118.55,2.225
7.6526,29.0,7.01432664756447,1.01432664756447,894.0,2.561604584527221,33.84,-118.15,4.813
4.7943,26.0,6.418168709444845,1.0187454938716656,3941.0,2.841384282624369,32.78,-116.97,2.269
3.1442,21.0,4.709163346613546,0.9681274900398408,733.0,2.9203187250996017,34.65,-120.45,1.316
3.7214,42.0,5.022413793103448,0.9948275862068966,1873.0,3.2293103448275864,37.37,-121.82,1.679
1.3587,35.0,5.18798955613577,1.0287206266318538,1233.0,3.219321148825065,36.71,-119.78,0.453
2.875,34.0,4.235849056603773,1.009433962264151,918.0,2.1650943396226414,32.77,-117.03,1.612
1.7262,18.0,5.71259842519685,1.094488188976378,695.0,2.736220472440945,40.58,-123.18,0.737
4.5972,39.0,5.120192307692308,1.1923076923076923,497.0,2.389423076923077,37.11,-122.05,1.463
2.4881,29.0,6.101910828025478,1.2292993630573248,1019.0,3.245222929936306,36.06,-120.79,0.875
9.1808,12.0,8.400541271989175,1.0148849797023003,2443.0,3.3058186738836266,33.82,-117.78,4.137
2.9083,14.0,3.6482084690553744,1.0390879478827362,982.0,3.198697068403909,33.76,-118.0,1.792
4.0403,23.0,4.792408066429418,1.0,2181.0,2.587188612099644,37.3,-121.96,3.034
7.1472,25.0,7.613333333333333,1.08,486.0,3.24,33.89,-117.87,2.701
3.1375,31.0,5.25,1.1203703703703705,680.0,2.098765432098765,38.32,-122.48,1.921
3.0938,35.0,5.597911227154047,1.0130548302872062,1003.0,2.618798955613577,32.75,-117.05,1.373
15.0001,31.0,9.425101214574898,1.0931174089068827,722.0,2.923076923076923,37.44,-122.2,5.00001
4.7,36.0,6.0201005025125625,1.0577889447236182,1064.0,2.6733668341708543,34.21,-118.51,2.236
3.5179,12.0,5.021396396396397,1.045045045045045,2471.0,2.7826576576576576,33.04,-117.28,2.527
6.4562,23.0,7.626506024096385,1.0963855421686748,236.0,2.8433734939759034,38.09,-121.23,2.3
3.2431,14.0,52.848214285714285,11.410714285714286,265.0,2.3660714285714284,37.64,-119.02,2.214
5.2206,6.0,5.749529190207157,1.0677966101694916,3246.0,3.056497175141243,34.28,-118.91,2.802
2.9386,23.0,3.815136476426799,1.066997518610422,1584.0,1.965260545905707,33.74,-118.3,2.605
3.0682,39.0,4.316810344827586,1.0775862068965518,1109.0,2.390086206896552,37.8,-122.21,1.565
1.822,41.0,5.608225108225108,1.2662337662337662,1638.0,3.5454545454545454,37.94,-122.36,0.797
3.0469,25.0,6.386666666666667,1.149333333333333,983.0,2.6213333333333333,40.66,-123.74,1.36
2.694,41.0,5.233333333333333,1.1229166666666666,1179.0,2.45625,38.04,-122.26,1.23
5.457,28.0,5.5303347280334725,1.096234309623431,2031.0,2.1244769874476988,37.85,-122.22,3.373
3.3125,27.0,4.149080348499516,1.036786060019361,2863.0,2.771539206195547,34.19,-118.58,2.228
4.5833,21.0,7.2784313725490195,1.0823529411764703,863.0,3.384313725490196,34.28,-119.04,5.00001
1.6887,20.0,4.16955017301038,1.0934256055363325,2135.0,3.6937716262975777,34.16,-118.15,1.486
2.1515,6.0,5.440366972477064,1.073394495412844,1135.0,5.206422018348624,36.72,-119.55,0.639
5.3224,17.0,6.103633916554509,1.0255720053835802,1562.0,2.1022880215343203,38.0,-121.36,2.258
4.983,30.0,4.916943521594685,0.9767441860465116,1126.0,3.740863787375415,37.47,-122.13,1.667
6.4599,15.0,7.8125,1.0220588235294117,857.0,3.150735294117647,38.07,-122.17,2.197
2.0441,33.0,5.983758700696056,1.308584686774942,1155.0,2.679814385150812,35.63,-117.66,0.421
3.3438,8.0,6.096871846619576,0.987891019172553,3031.0,3.058526740665994,34.4,-117.27,1.244
3.5909,31.0,3.698675496688742,1.0066225165562914,591.0,1.9569536423841056,37.39,-122.1,3.531
3.1779,41.0,4.394736842105263,1.0548245614035088,1658.0,3.6359649122807016,33.8,-118.26,1.711
2.3971,17.0,4.654867256637168,1.0553097345132745,1476.0,1.6327433628318584,37.28,-121.85,0.875
5.741,35.0,6.46067415730337,1.0393258426966292,741.0,4.162921348314606,34.27,-118.47,2.206
2.462,19.0,4.548969072164948,1.0154639175257731,868.0,2.237113402061856,38.39,-122.83,2.603
3.0,13.0,6.177285318559557,1.2271468144044322,920.0,2.548476454293629,37.49,-119.9,1.12
5.2838,36.0,5.9,1.06,664.0,3.32,37.64,-122.09,1.726
3.292,28.0,4.444891980959356,1.0519956060051263,5359.0,1.9622848773343096,34.13,-118.06,2.273
4.0114,30.0,4.878464818763327,0.9552238805970148,1240.0,2.6439232409381663,32.83,-117.19,1.698
8.7382,34.0,6.4421487603305785,1.0041322314049588,600.0,2.479338842975207,37.36,-122.22,5.00001
3.1025,28.0,4.854460093896714,1.1486697965571204,1623.0,2.539906103286385,38.12,-122.26,1.037
3.6815,17.0,4.765864332603939,1.0437636761487965,1077.0,2.3566739606126914,33.82,-118.03,2.453
5.6096,17.0,5.486005089058525,1.1068702290076335,1400.0,3.5623409669211195,37.41,-121.85,1.991
3.1353,22.0,3.644657863145258,1.0816326530612246,4715.0,2.830132052821128,33.74,-117.84,1.214
2.8528,25.0,3.8976744186046512,1.036046511627907,1815.0,2.11046511627907,34.17,-118.54,4.25
1.4432,27.0,4.902912621359223,1.1585760517799353,1178.0,3.812297734627832,36.34,-119.3,0.481
2.99,29.0,5.91255605381166,1.147982062780269,1188.0,2.663677130044843,34.89,-117.0,0.694
3.4844,46.0,4.876777251184834,0.8578199052132701,567.0,2.6872037914691944,37.74,-122.16,1.295
4.9297,31.0,5.309255079006772,1.0383747178329572,1895.0,2.13882618510158,34.19,-118.22,4.0
3.875,23.0,50.83783783783784,10.27027027027027,64.0,1.7297297297297298,37.12,-119.34,1.25
7.7042,32.0,6.62753807106599,1.0279187817258884,4474.0,2.8388324873096447,33.79,-118.38,5.00001
4.3,20.0,6.270676691729324,1.137844611528822,981.0,2.4586466165413534,36.98,-122.0,2.75
7.3004,32.0,5.724137931034483,0.7586206896551724,63.0,2.1724137931034484,34.17,-119.08,1.25
4.6635,35.0,5.193333333333333,0.9533333333333334,371.0,2.473333333333333,34.25,-118.27,2.301
3.9632,25.0,4.56,1.0752941176470587,1280.0,3.011764705882353,34.18,-118.54,2.403
3.3893,52.0,5.368029739776952,1.1226765799256506,1253.0,2.328996282527881,37.86,-122.26,2.417
3.6034,16.0,3.220956719817768,1.0546697038724373,793.0,1.806378132118451,34.44,-119.82,1.5
5.7654,35.0,5.755474452554744,1.0182481751824817,743.0,2.7116788321167884,33.84,-118.36,3.43
4.9125,38.0,6.501766784452297,1.028268551236749,633.0,2.2367491166077738,32.73,-117.25,3.836
4.2015,52.0,4.163021868787276,1.1292246520874751,920.0,1.8290258449304173,37.8,-122.4,4.125
4.9091,35.0,7.158371040723982,1.1221719457013577,654.0,2.959276018099548,34.14,-117.85,2.75
3.6705,50.0,5.130563798219584,1.053412462908012,617.0,1.830860534124629,32.77,-117.11,1.67
2.2899,14.0,4.145593869731801,1.053639846743295,2046.0,1.9597701149425288,32.81,-117.16,1.59
3.358,9.0,4.65625,1.09375,297.0,1.85625,38.57,-121.5,0.775
4.2778,16.0,6.188365650969529,0.9889196675900276,1150.0,3.185595567867036,36.31,-119.3,0.973
4.7515,18.0,5.260416666666667,1.0873397435897436,3079.0,2.467147435897436,33.71,-118.01,2.956
5.4591,31.0,5.981132075471698,1.0117924528301887,990.0,2.3349056603773586,34.15,-118.48,4.955
4.6591,15.0,3.445945945945946,0.8513513513513513,138.0,1.864864864864865,37.4,-122.11,1.75
1.6078,28.0,4.2514792899408285,1.183431952662722,806.0,2.3846153846153846,37.66,-121.02,1.25
6.4214,14.0,6.008849557522124,0.9557522123893806,306.0,2.707964601769912,37.05,-121.93,3.406
1.654,17.0,3.534306569343065,1.197080291970803,2971.0,4.337226277372263,33.53,-116.12,1.0
3.1087,24.0,4.735015772870662,1.0157728706624605,1495.0,2.358044164037855,33.82,-118.0,2.028
2.4583,31.0,5.325925925925926,1.1851851851851851,816.0,3.022222222222222,34.65,-120.47,1.281
2.2618,17.0,5.351282051282051,1.091025641025641,1845.0,2.3653846153846154,33.75,-117.11,0.961
1.2863,52.0,2.7590361445783134,0.891566265060241,1283.0,7.728915662650603,32.7,-117.15,0.863
3.6531,30.0,4.562,1.044,1969.0,3.938,34.08,-118.01,1.663
5.0497,38.0,6.537444933920705,1.0462555066079295,1176.0,2.590308370044053,38.58,-121.38,1.917
2.5388,23.0,3.721448467966574,1.1030640668523677,1255.0,3.4958217270194987,34.14,-118.26,2.05
1.95,28.0,3.658105939004816,1.0770465489566614,1166.0,1.8715890850722312,32.75,-117.13,1.5
3.6373,52.0,6.841397849462366,1.0779569892473118,1004.0,2.6989247311827955,34.04,-118.33,4.2
2.3944,48.0,3.729096989966555,0.991638795986622,2419.0,4.045150501672241,34.02,-118.2,1.307
4.1912,52.0,5.763285024154589,0.966183574879227,506.0,2.4444444444444446,37.88,-122.28,2.545
3.0431,41.0,4.605475040257649,1.0982286634460547,1516.0,2.4412238325281805,34.2,-118.34,2.629
2.4605,43.0,4.082228116710875,1.023872679045093,1122.0,2.976127320954907,34.01,-118.11,1.96
2.7685,29.0,3.658252427184466,1.1757281553398058,2320.0,2.25242718446602,34.14,-118.27,2.045
9.8214,33.0,7.619389587073608,1.0682226211849193,1534.0,2.754039497307002,33.77,-118.33,5.00001
4.7446,15.0,5.164102564102564,1.0743589743589743,839.0,2.151282051282051,33.93,-117.96,1.754
2.9072,8.0,5.389845094664372,1.073580034423408,6133.0,2.6389845094664373,34.54,-117.22,1.192
8.1189,52.0,8.154761904761905,1.0515873015873016,735.0,2.9166666666666665,37.74,-122.47,5.00001
5.1439,21.0,7.276243093922652,1.0349907918968693,1392.0,2.56353591160221,33.43,-117.6,4.14
2.2188,20.0,5.739795918367347,1.1785714285714286,521.0,2.6581632653061225,39.14,-122.88,1.063
8.758,30.0,7.338129496402877,1.0575539568345325,787.0,2.8309352517985613,37.35,-122.06,5.00001
3.0904,36.0,5.193661971830986,0.9507042253521126,1149.0,4.045774647887324,34.05,-117.96,1.586
3.2222,6.0,4.821428571428571,1.0324675324675323,894.0,2.9025974025974026,38.54,-121.96,1.396
2.1949,22.0,5.1937984496124034,1.246124031007752,1644.0,3.186046511627907,32.65,-116.45,1.271
15.0001,15.0,8.062043795620438,1.0036496350364963,735.0,2.6824817518248176,33.62,-117.87,5.00001
3.9762,14.0,5.796803652968037,1.0639269406392695,1271.0,2.901826484018265,40.58,-122.26,1.385
4.6488,16.0,6.350847457627118,0.9932203389830508,1817.0,3.0796610169491525,38.7,-121.27,1.453
4.0625,52.0,4.156118143459915,1.0443037974683544,871.0,1.8375527426160336,37.75,-122.43,3.556
2.0179,11.0,4.140608604407135,1.0262329485834207,2814.0,2.9527806925498425,37.36,-120.59,0.873
4.3542,42.0,5.370629370629371,1.0303030303030305,862.0,2.009324009324009,34.16,-118.36,4.179
3.2386,13.0,3.537142857142857,1.0895238095238096,838.0,1.5961904761904762,33.7,-117.89,1.292
4.075,49.0,5.361305361305361,1.0792540792540792,1061.0,2.473193473193473,38.23,-122.64,2.288
5.1991,39.0,6.309446254071661,1.0944625407166124,742.0,2.416938110749186,37.73,-122.49,3.694
2.0972,37.0,3.781045751633987,1.0849673202614378,983.0,3.212418300653595,32.67,-117.09,1.17
2.5263,34.0,4.4631956912028725,1.0053859964093357,2443.0,4.385996409335728,36.67,-121.63,1.304
10.3979,25.0,8.094736842105263,1.0357894736842106,1461.0,3.0757894736842104,37.29,-122.02,5.00001
4.2463,14.0,4.921568627450981,1.261437908496732,421.0,2.751633986928105,37.41,-122.09,2.667
7.2909,14.0,6.176136363636363,0.9375,365.0,2.073863636363636,36.82,-119.83,1.556
2.2326,42.0,4.761467889908257,1.0596330275229358,1641.0,3.763761467889908,34.19,-118.16,1.492
2.6842,44.0,5.169642857142857,1.0089285714285714,1094.0,4.883928571428571,37.88,-121.38,1.563
3.2158,11.0,4.781059063136456,0.9725050916496945,2065.0,2.1028513238289204,34.27,-119.22,2.236
3.0357,23.0,4.470219435736677,0.9811912225705328,954.0,2.9905956112852663,34.09,-117.66,1.515
4.233,34.0,4.99436090225564,0.9680451127819548,1948.0,3.661654135338346,34.32,-118.43,1.574
4.0227,10.0,6.346846846846847,1.117117117117117,782.0,3.5225225225225225,38.03,-121.3,1.077
1.5474,44.0,4.674931129476584,1.137741046831956,1396.0,3.8457300275482096,32.71,-117.13,0.833
1.64,25.0,3.911971830985916,1.1161971830985915,1025.0,1.8045774647887325,32.75,-117.12,1.3
3.5329,31.0,4.5,1.0308370044052864,1524.0,3.356828193832599,33.84,-117.9,1.874
3.4872,18.0,5.408759124087592,1.000912408759124,2697.0,2.460766423357664,38.69,-120.85,1.414
2.5352,32.0,3.717299578059072,1.0365682137834036,2784.0,3.915611814345992,33.98,-118.22,1.844
2.5833,19.0,4.309153713298791,1.0967184801381693,1571.0,2.7132987910189983,37.7,-122.12,1.599
2.065,23.0,4.80349344978166,1.013646288209607,6330.0,3.455240174672489,38.55,-121.76,2.194
2.2452,35.0,6.136842105263158,1.0157894736842106,574.0,3.0210526315789474,38.6,-121.42,1.028
3.119,34.0,4.130890052356021,1.0471204188481675,1041.0,5.450261780104712,33.91,-118.23,0.903
3.75,41.0,4.329545454545454,0.8352272727272727,817.0,4.642045454545454,34.05,-118.18,1.231
2.0848,38.0,3.4036281179138324,0.9909297052154196,1777.0,4.029478458049887,34.03,-118.29,1.352
6.8492,25.0,8.143939393939394,1.0454545454545454,451.0,3.4166666666666665,33.99,-117.95,3.322
2.1389,39.0,4.22680412371134,1.090721649484536,1959.0,4.039175257731959,33.96,-118.21,1.689
1.9937,40.0,4.076015727391874,1.001310615989515,1557.0,2.040629095674967,34.08,-118.36,3.671
2.7431,14.0,4.204081632653061,1.075801749271137,782.0,2.2798833819241984,34.15,-118.1,1.775
3.8462,49.0,5.365122615803815,1.0272479564032695,977.0,2.662125340599455,34.18,-118.33,2.313
3.2447,52.0,3.5267857142857144,1.0491071428571428,714.0,1.59375,37.8,-122.44,5.00001
4.7813,30.0,5.95249406175772,0.9358669833729216,1255.0,2.980997624703088,33.94,-117.92,1.982
3.6728,25.0,2.671201814058957,1.2358276643990929,592.0,1.342403628117914,37.81,-122.41,5.00001
10.076,12.0,6.994535519125683,0.9972677595628416,907.0,2.478142076502732,34.1,-118.66,5.00001
5.193,8.0,6.255813953488372,0.9900332225913622,999.0,3.318936877076412,37.81,-121.21,1.721
2.7321,31.0,4.703389830508475,1.1144067796610169,1662.0,3.5211864406779663,34.05,-117.72,1.043
2.0,31.0,3.894375857338821,1.0864197530864197,2390.0,3.27846364883402,33.95,-118.29,1.098
8.3209,12.0,7.586151368760064,1.0611916264090178,2089.0,3.363929146537842,37.81,-121.82,4.854
4.3542,36.0,6.3112033195020745,1.049792531120332,736.0,3.0539419087136928,37.59,-122.5,2.375
3.4398,35.0,5.505119453924915,1.0170648464163825,911.0,3.1092150170648463,34.08,-117.74,1.343
3.4222,33.0,5.073322932917317,0.982839313572543,2010.0,3.135725429017161,36.7,-121.66,1.581
2.6368,34.0,5.769021739130435,1.0516304347826086,1310.0,3.5597826086956523,37.72,-121.22,1.656
3.0173,19.0,3.639344262295082,1.1038251366120218,1837.0,2.007650273224044,34.04,-118.45,3.938
8.0428,3.0,8.23943661971831,1.0422535211267605,493.0,3.471830985915493,34.16,-118.94,5.00001
2.3625,42.0,3.903314917127072,1.1215469613259668,1027.0,2.837016574585636,37.73,-122.4,2.33
3.0069,25.0,3.0643776824034337,1.0271816881258942,1390.0,1.988555078683834,34.04,-118.46,3.25
5.3102,13.0,7.494404883011191,1.0600203458799593,3193.0,3.2482197355035605,38.24,-122.1,1.95
3.8343,38.0,5.355223880597015,1.0417910447761194,810.0,2.417910447761194,37.94,-122.31,1.914
1.9063,18.0,5.661971830985915,1.0704225352112675,213.0,3.0,37.06,-120.08,0.958
1.2891,18.0,4.12289156626506,0.9228915662650602,1474.0,3.5518072289156626,34.16,-118.15,1.813
5.2134,13.0,7.564102564102564,1.0897435897435896,1055.0,3.3814102564102564,36.36,-119.64,0.974
2.2574,23.0,6.018229166666667,1.2682291666666667,1019.0,2.653645833333333,36.63,-118.18,1.047
3.9306,37.0,5.550522648083624,1.0557491289198606,1030.0,3.588850174216028,37.09,-121.62,2.607
1.7052,48.0,4.238095238095238,1.0453514739229024,1834.0,4.158730158730159,34.0,-118.27,1.074
3.5893,35.0,5.966911764705882,1.1176470588235294,868.0,3.1911764705882355,33.88,-118.11,2.76
5.1433,16.0,6.306264501160093,1.0162412993039442,1515.0,3.51508120649652,32.93,-117.15,1.853
4.87,19.0,5.662109375,0.974609375,1356.0,2.6484375,33.03,-117.27,2.209
2.5592,37.0,4.733974358974359,1.0288461538461535,888.0,2.8461538461538463,38.52,-121.45,0.703
2.8561,36.0,4.259189443920829,1.0188501413760602,4818.0,4.540999057492932,34.19,-119.18,1.791
5.3345,4.0,7.209251101321586,1.0903083700440528,1497.0,3.297356828193833,38.16,-122.14,1.761
5.5,30.0,6.004651162790697,1.069767441860465,835.0,3.883720930232558,33.79,-118.26,1.815
2.7813,41.0,3.446428571428572,1.1785714285714286,1209.0,3.5982142857142856,33.77,-118.2,1.292
3.5882,21.0,13.568627450980392,2.788235294117647,658.0,2.5803921568627453,33.71,-116.68,1.611
4.1116,45.0,4.108187134502924,0.9883040935672516,733.0,2.1432748538011697,37.72,-122.48,1.875
3.7065,16.0,5.487272727272727,1.0751515151515152,2531.0,3.067878787878788,37.52,-120.84,1.248
3.2434,42.0,5.401503759398496,1.0571428571428572,1625.0,2.443609022556391,37.67,-122.13,1.799
2.8393,34.0,4.782352941176471,1.0058823529411764,440.0,2.588235294117647,35.4,-118.98,0.698
2.2621,43.0,5.314285714285714,1.0696428571428571,1181.0,2.108928571428572,39.74,-121.84,0.851
4.625,36.0,24.5,3.5,28.0,14.0,36.51,-119.54,1.625
3.7454,35.0,5.6298076923076925,1.0240384615384617,2176.0,5.230769230769231,34.05,-117.98,1.569
3.175,26.0,4.670588235294118,1.0705882352941176,709.0,4.170588235294118,34.07,-118.09,1.708
2.119,18.0,4.636971046770602,1.0723830734966593,2032.0,2.2628062360801784,38.66,-121.34,1.331
4.4732,29.0,5.482978723404256,0.946808510638298,1849.0,3.934042553191489,33.77,-117.89,1.948
7.8647,52.0,7.112962962962963,0.9944444444444444,1391.0,2.575925925925926,37.45,-122.14,5.00001
0.9817,32.0,3.227146814404432,0.9916897506925209,997.0,2.761772853185596,34.0,-118.08,1.663
5.0864,16.0,6.6573426573426575,1.0,530.0,3.706293706293706,32.73,-116.98,1.753
2.4044,34.0,5.092936802973978,1.066914498141264,818.0,3.04089219330855,36.54,-119.87,0.725
4.5694,27.0,4.706214689265536,1.0310734463276836,995.0,2.810734463276836,33.95,-118.1,2.043
3.95,45.0,4.5210084033613445,0.8949579831932774,781.0,3.2815126050420167,33.95,-118.35,1.64
5.0477,16.0,4.230460921843688,0.9719438877755512,1285.0,2.5751503006012024,37.3,-121.93,2.925
4.18,23.0,4.936633663366337,1.0336633663366337,1488.0,2.9465346534653465,34.27,-118.74,2.15
1.6911,18.0,4.771653543307087,1.022965879265092,5022.0,3.295275590551181,39.72,-121.85,0.988
5.1663,25.0,6.186153846153847,0.9753846153846154,2178.0,3.350769230769231,37.25,-121.82,2.412
4.9743,19.0,5.412935323383085,1.0298507462686568,1002.0,2.492537313432836,33.9,-117.9,1.935
3.4821,16.0,5.008988764044944,1.0292134831460673,1199.0,2.69438202247191,37.75,-121.44,1.706
4.625,49.0,5.478927203065134,1.057471264367816,1178.0,2.256704980842912,37.98,-122.57,3.55
5.5584,23.0,6.967889908256881,1.084862385321101,1501.0,3.442660550458716,33.63,-117.7,2.417
2.4167,52.0,5.002227171492205,1.051224944320713,1005.0,2.2383073496659245,37.85,-122.28,1.527
2.0549,44.0,3.8976833976833976,1.1872586872586872,1243.0,2.3996138996139,37.35,-121.89,1.938
4.4762,30.0,6.247685185185185,1.0717592592592593,2672.0,3.092592592592593,33.94,-117.55,1.639
2.2377,27.0,3.3765822784810124,1.0232067510548524,3403.0,3.589662447257384,34.2,-118.42,2.317
4.9028,15.0,6.391666666666667,1.0458333333333334,761.0,3.1708333333333334,34.87,-120.41,1.936
3.2359,36.0,5.065997130559541,1.0817790530846485,1613.0,2.3142037302725966,33.99,-118.04,1.986
3.7604,15.0,5.804143126177024,1.009416195856874,1268.0,2.3879472693032016,33.81,-117.87,2.801
6.1527,40.0,5.472014925373134,1.0541044776119404,1077.0,2.0093283582089554,34.06,-118.42,5.00001
6.2082,14.0,7.773892773892774,1.0256410256410255,1329.0,3.097902097902098,38.66,-121.24,2.503
3.5714,48.0,5.94392523364486,1.031152647975078,789.0,2.457943925233645,35.4,-118.99,0.846
4.5833,28.0,6.292117465224111,1.1020092735703246,2033.0,3.142194744976816,37.96,-122.0,1.907
4.8984,31.0,4.492690058479532,0.9853801169590644,1486.0,2.172514619883041,34.18,-118.49,3.117
2.6098,23.0,6.385542168674699,1.0983935742971886,1829.0,3.6726907630522088,36.18,-119.27,0.66
3.4934,27.0,5.46,1.0466666666666666,451.0,3.006666666666667,37.57,-120.85,1.938
1.8937,21.0,3.7345299952763344,1.0826641473783656,4868.0,2.2994803967879074,32.8,-116.94,1.098
1.2171,33.0,5.084033613445378,1.2100840336134453,850.0,3.571428571428572,34.11,-117.26,0.593
3.3611,24.0,4.10304449648712,0.9531615925058547,910.0,2.1311475409836067,33.74,-117.84,1.346
6.3267,36.0,5.246628131021194,1.0539499036608864,1090.0,2.1001926782273603,33.96,-118.45,5.00001
3.6167,17.0,3.1549295774647885,0.9859154929577464,147.0,2.0704225352112675,34.12,-119.16,2.8
3.1912,24.0,5.0,0.8085106382978723,347.0,2.4609929078014185,37.68,-120.98,1.496
3.6111,22.0,5.617866004962779,0.967741935483871,1056.0,2.620347394540943,39.14,-121.67,1.123
3.3594,30.0,3.972972972972973,1.06006006006006,856.0,2.5705705705705704,34.18,-118.42,2.022
8.8342,52.0,8.345205479452055,1.021917808219178,975.0,2.671232876712329,37.89,-122.27,4.305
4.1361,26.0,5.878195488721804,1.0075187969924813,1884.0,2.833082706766917,34.02,-117.03,1.21
1.625,52.0,3.4285714285714284,0.8571428571428571,46.0,6.571428571428571,34.06,-117.75,0.675
8.3188,12.0,8.481045751633987,1.0169934640522875,2404.0,3.142483660130719,37.81,-121.96,4.034
1.5208,52.0,3.9080459770114944,1.1149425287356325,200.0,2.2988505747126435,37.81,-122.28,1.125
1.9799,28.0,4.260233918128655,1.1608187134502923,672.0,1.9649122807017545,32.76,-117.11,1.227
3.5982,35.0,5.1976401179941005,1.0324483775811208,686.0,2.023598820058997,38.29,-122.46,2.717
5.1782,23.0,6.564476885644769,0.9975669099756692,1094.0,2.661800486618005,32.8,-117.07,1.951
3.2875,52.0,5.990936555891238,1.039274924471299,887.0,2.6797583081570995,34.07,-118.15,2.344
2.7763,30.0,4.231884057971015,1.0614216701173222,3147.0,2.17184265010352,34.08,-117.88,1.878
4.645,22.0,5.712585034013605,1.0935374149659864,1227.0,2.086734693877551,34.13,-118.04,2.762
2.2262,25.0,6.457013574660634,1.1131221719457014,772.0,3.493212669683258,36.2,-119.32,0.645
3.8571,36.0,5.446043165467626,0.9280575539568344,665.0,2.392086330935252,32.79,-117.19,2.351
3.9018,35.0,5.651356993736952,1.0041753653444676,1595.0,3.329853862212944,34.16,-117.25,0.915
2.6979,19.0,4.901015228426396,1.2918781725888324,855.0,2.17005076142132,33.18,-117.37,2.667
10.2252,14.0,7.1,1.0461538461538462,420.0,3.230769230769231,33.89,-117.97,4.628
4.0156,34.0,5.471590909090909,0.9034090909090908,392.0,2.227272727272727,38.14,-122.26,1.347
6.3403,34.0,5.1923076923076925,1.0288461538461535,213.0,2.048076923076923,33.88,-118.41,5.00001
2.0363,31.0,4.9326599326599325,1.02020202020202,1013.0,3.410774410774411,36.39,-119.21,0.535
2.8438,34.0,4.620967741935484,1.0698924731182795,1444.0,3.881720430107527,33.82,-118.21,1.393
5.0829,5.0,5.972014925373134,0.9925373134328358,2061.0,3.845149253731343,32.69,-117.03,1.794
2.6827,16.0,5.93993993993994,1.1261261261261262,961.0,2.885885885885886,40.32,-122.42,0.839
5.5291,52.0,5.937984496124031,1.049095607235142,1203.0,3.108527131782946,34.14,-118.22,2.746
2.5764,14.0,5.08984375,1.00390625,1228.0,2.3984375,34.71,-118.06,1.5
2.9531,34.0,4.316239316239316,0.8803418803418803,678.0,2.8974358974358974,37.87,-121.27,1.04
7.8537,22.0,8.156182212581346,1.0455531453362257,1485.0,3.2212581344902387,33.9,-117.8,3.549
3.8643,33.0,5.052536231884058,1.0271739130434785,1682.0,3.0471014492753623,37.73,-122.41,2.762
5.0353,12.0,4.6575539568345325,1.0553956834532374,2516.0,1.8100719424460432,37.56,-122.29,3.058
2.6464,37.0,3.954692556634304,1.0533980582524272,1562.0,2.527508090614887,37.69,-122.11,1.552
5.5164,15.0,6.644012944983818,1.0388349514563109,993.0,3.2135922330097086,32.75,-116.87,2.489
1.3485,26.0,4.717391304347826,1.077294685990338,1284.0,3.101449275362319,34.06,-117.18,0.851
4.2667,32.0,3.6330150068212825,0.9017735334242838,1403.0,1.914051841746248,37.46,-122.16,4.102
1.4048,52.0,3.05078125,1.203125,692.0,1.3515625,33.77,-118.19,2.0
13.1107,17.0,8.111650485436893,0.9320388349514565,678.0,3.29126213592233,33.89,-117.89,4.676
1.8224,44.0,3.7506702412868633,1.03485254691689,1419.0,3.804289544235925,34.04,-118.2,1.438
7.0215,6.0,6.534090909090909,0.8295454545454546,318.0,3.613636363636364,33.94,-117.56,2.571
4.2813,45.0,4.209606986899563,0.9890829694323144,1323.0,2.888646288209607,33.89,-118.32,2.101
4.3723,19.0,5.956030150753769,1.048994974874372,2903.0,3.646984924623116,33.93,-117.5,1.356
2.4213,12.0,3.7448275862068967,1.013793103448276,870.0,3.0,32.58,-117.11,1.325
5.2598,47.0,6.335106382978723,1.0425531914893618,867.0,2.305851063829788,37.73,-122.48,3.715
3.1563,42.0,6.1875,1.0,158.0,4.9375,37.36,-121.92,1.375
4.4474,46.0,4.702127659574468,0.9361702127659576,255.0,2.7127659574468086,33.93,-118.37,2.469
2.4196,46.0,3.881904761904762,1.0171428571428571,1250.0,2.380952380952381,34.08,-118.32,3.581
6.0,40.0,5.990196078431373,1.0065359477124185,751.0,2.454248366013072,37.53,-122.3,3.842
1.5917,28.0,5.45136186770428,1.1361867704280155,967.0,3.762645914396887,37.3,-120.4,0.894
2.8042,35.0,3.895017793594306,1.0800711743772242,1193.0,2.122775800711744,37.34,-121.91,2.409
3.1654,25.0,5.267605633802817,0.9295774647887324,564.0,2.647887323943662,38.6,-121.28,1.116
4.875,40.0,5.181818181818182,1.0101010101010102,399.0,4.03030303030303,33.91,-118.1,1.676
4.605,16.0,7.002212389380531,1.0663716814159292,1351.0,2.9889380530973453,33.36,-117.22,2.633
5.3046,37.0,5.028801843317972,1.066820276497696,1661.0,1.913594470046083,33.77,-118.13,3.607
1.4635,43.0,4.662162162162162,1.1531531531531531,1925.0,4.335585585585585,36.75,-119.78,0.466
1.6023,32.0,3.878787878787879,1.0696969696969696,1335.0,4.045454545454546,32.7,-117.14,0.773
5.1333,4.0,7.107561665992721,1.1399110392236151,7766.0,3.1403154063890013,34.12,-117.54,1.818
2.8021,47.0,3.7656903765690375,1.1422594142259417,921.0,1.926778242677824,34.09,-118.35,2.806
4.3194,44.0,5.764069264069264,1.106060606060606,1277.0,2.764069264069264,33.86,-118.12,1.995
5.5351,4.0,8.584269662921349,1.25,2088.0,2.932584269662921,33.55,-117.27,4.29
1.7011,45.0,4.057017543859649,1.013157894736842,797.0,3.495614035087719,36.73,-119.8,0.448
3.7143,39.0,4.994186046511628,0.9534883720930232,673.0,3.9127906976744176,33.93,-118.08,1.582
4.89,52.0,6.060679611650485,0.9854368932038836,1030.0,2.5,34.07,-118.35,5.00001
3.1917,21.0,5.563380281690141,0.971830985915493,533.0,2.5023474178403755,38.07,-121.29,2.045
2.9375,33.0,3.7375,0.978125,1448.0,4.525,33.98,-118.16,1.625
4.0536,37.0,4.741847826086956,0.9918478260869564,1022.0,2.777173913043478,33.96,-118.03,1.714
5.1701,37.0,5.598870056497175,1.0169491525423728,463.0,2.615819209039548,37.54,-122.28,2.942
5.368,18.0,7.858356940509915,1.3937677053824362,1283.0,3.634560906515581,36.89,-121.89,3.52
4.8854,30.0,5.280632411067193,0.9446640316205532,905.0,3.577075098814229,34.04,-117.93,1.781
3.4133,16.0,4.052173913043478,1.1471571906354514,3285.0,2.197324414715719,33.71,-117.95,2.909
4.1379,42.0,4.828767123287672,1.0547945205479452,624.0,2.136986301369863,38.03,-122.7,3.091
3.175,27.0,4.791044776119403,0.9552238805970148,214.0,3.194029850746269,34.0,-117.34,1.016
4.9102,32.0,5.995994659546062,1.0881174899866488,1696.0,2.2643524699599467,34.15,-118.61,3.191
6.5616,33.0,6.393805309734513,1.002212389380531,1300.0,2.8761061946902653,33.74,-117.8,2.902
2.7628,39.0,4.332844574780059,1.0205278592375366,1417.0,2.0777126099706744,37.91,-122.31,1.678
3.3281,25.0,5.102728731942215,1.0256821829855538,2526.0,4.054574638844302,33.8,-117.99,1.808
4.3214,35.0,5.655844155844156,0.9415584415584416,354.0,2.2987012987012987,34.41,-119.72,3.418
4.5987,12.0,6.527646129541864,1.1216429699842023,2087.0,3.296998420221169,38.26,-122.01,1.397
1.0398,25.0,5.465798045602606,1.1954397394136809,971.0,3.1628664495114007,38.64,-121.44,0.621
5.6506,10.0,7.092150170648464,1.0392491467576792,1878.0,3.204778156996587,37.99,-121.79,1.786
3.5562,32.0,5.052777777777778,1.0722222222222222,1679.0,4.663888888888889,33.89,-118.07,1.46
1.1707,20.0,3.092568448500652,1.0886571056062582,2283.0,2.9765319426336374,32.79,-115.56,0.625
1.625,18.0,6.1347826086956525,1.3565217391304347,592.0,2.5739130434782607,38.31,-120.55,0.947
5.3774,22.0,7.019230769230769,1.0134615384615384,1637.0,3.148076923076923,37.38,-121.79,3.256
2.0817,35.0,4.481481481481482,1.0722222222222222,2010.0,3.7222222222222223,33.9,-118.21,1.046
2.1971,52.0,3.0926640926640925,1.05019305019305,639.0,2.467181467181468,37.75,-122.42,2.75
2.6023,22.0,4.741333333333333,1.088,875.0,2.333333333333333,38.61,-121.34,1.422
3.3173,12.0,4.00462962962963,1.102777777777778,1897.0,1.7564814814814815,33.93,-117.9,2.474
3.1921,27.0,3.957627118644068,1.023728813559322,982.0,1.664406779661017,32.74,-117.16,2.615
2.3,23.0,4.305699481865285,0.9766839378238342,1318.0,3.414507772020725,32.58,-117.1,1.208
1.8,32.0,3.9397590361445785,0.9518072289156626,736.0,2.9558232931726907,36.72,-120.06,0.604
5.7704,17.0,5.744974874371859,1.1771356783919598,1619.0,2.0339195979899496,33.72,-118.06,5.00001
4.0526,36.0,5.639506172839506,1.0962962962962963,1425.0,3.5185185185185186,33.95,-117.43,1.045
3.59,34.0,6.109756097560975,1.0091463414634143,843.0,2.5701219512195124,33.8,-117.84,2.306
7.5847,5.0,6.7725752508361206,0.9765886287625418,1986.0,3.321070234113712,33.71,-117.77,3.757
4.5962,19.0,7.12280701754386,0.9692982456140352,782.0,3.429824561403509,33.71,-117.96,3.045
4.0375,32.0,5.877483443708609,1.0397350993377483,1067.0,3.533112582781457,34.07,-117.68,1.213
4.4653,33.0,5.872909698996655,1.05685618729097,1971.0,3.2959866220735785,34.02,-117.98,1.932
1.4871,27.0,3.9380952380952383,1.138095238095238,1141.0,2.716666666666667,38.03,-121.94,0.871
3.1607,34.0,4.743732590529248,1.1002785515320337,849.0,2.364902506963788,34.05,-117.27,1.382
2.5461,34.0,4.476489028213166,1.0501567398119125,1272.0,3.987460815047022,37.96,-122.35,0.939
3.3438,52.0,4.663461538461538,1.0432692307692308,528.0,2.5384615384615383,37.78,-122.26,2.013
3.4505,30.0,4.531553398058253,0.9866504854368932,1834.0,2.2257281553398056,37.29,-121.95,2.6
2.6208,52.0,3.820338983050848,1.088135593220339,1237.0,2.0966101694915253,35.27,-120.65,2.271
4.9148,16.0,5.4702093397745575,1.104669887278583,1924.0,3.0982286634460547,33.71,-117.87,1.555
2.3155,14.0,4.29014598540146,1.131386861313869,1215.0,2.2171532846715327,39.76,-121.84,1.023
2.325,35.0,3.163265306122449,1.0426716141001855,2212.0,4.103896103896104,33.98,-118.21,1.615
1.5429,42.0,5.258215962441315,1.1971830985915493,677.0,3.1784037558685445,35.33,-119.01,0.394
7.0175,37.0,6.982954545454546,1.0284090909090908,420.0,2.386363636363636,37.82,-122.2,3.667
2.7868,15.0,5.338129496402877,1.009592326139089,1004.0,2.407673860911271,38.7,-121.33,1.178
2.7543,15.0,3.933179723502304,1.1843317972350231,1335.0,3.076036866359447,33.64,-117.93,1.778
5.2713,36.0,5.884146341463414,1.079268292682927,915.0,2.789634146341464,33.82,-118.1,2.444
2.2969,17.0,4.930163447251115,1.1277860326894502,2016.0,2.99554234769688,33.79,-117.23,0.893
3.6364,42.0,5.087533156498674,1.030503978779841,2118.0,2.8090185676392574,34.07,-118.16,2.546
6.213,50.0,6.866666666666666,1.0444444444444445,121.0,2.688888888888889,34.21,-118.23,2.85
2.5551,35.0,4.018487394957983,1.0168067226890756,1886.0,3.169747899159664,37.35,-121.86,1.821
2.1,41.0,3.4976076555023923,1.0370813397129186,2751.0,3.29066985645933,34.19,-118.37,1.716
6.2987,23.0,7.1722846441947565,1.0374531835205991,724.0,2.7116104868913857,34.48,-119.85,3.482
1.0,45.0,4.0,1.2156862745098038,133.0,2.607843137254902,39.2,-121.07,0.906
5.3785,12.0,5.843648208469055,1.007600434310532,3928.0,4.264929424538545,38.12,-122.32,1.506
2.725,39.0,2.438271604938272,0.9814814814814816,620.0,3.8271604938271606,32.69,-117.11,0.865
3.8837,32.0,5.559718969555036,1.053864168618267,1580.0,3.700234192037471,34.07,-117.89,2.003
4.4531,25.0,4.5064935064935066,1.0649350649350648,148.0,1.922077922077922,37.39,-122.05,3.5
3.6989,13.0,4.82054890921886,0.9852216748768472,4251.0,2.9915552427867698,38.69,-121.36,0.933
4.1405,5.0,5.956695156695156,1.1205128205128203,9690.0,2.7606837606837606,33.23,-117.27,1.985
4.6023,8.0,5.917293233082707,0.9473684210526316,446.0,3.3533834586466167,34.64,-120.44,1.634
2.5577,24.0,3.690533015115354,1.0930787589498807,3093.0,2.460620525059666,33.83,-118.01,2.023
3.975,40.0,4.645796064400716,1.0411449016100178,1285.0,2.298747763864043,33.85,-118.18,2.138
3.5508,27.0,5.785,1.0883333333333334,1793.0,2.9883333333333333,38.34,-120.98,0.991
2.1667,37.0,3.2721518987341773,1.0569620253164558,2173.0,4.584388185654008,34.02,-118.26,1.177
3.8906,46.0,5.426923076923077,1.0096153846153846,1434.0,2.757692307692308,34.09,-118.1,2.383
4.8,21.0,4.60377358490566,1.0566037735849056,1215.0,2.547169811320755,33.8,-118.06,1.969
4.4312,26.0,5.6608187134502925,1.0804093567251465,1629.0,2.381578947368421,37.92,-122.07,2.25
6.8469,36.0,8.734265734265735,1.111888111888112,362.0,2.531468531468532,38.6,-121.38,4.464
4.5833,36.0,5.627450980392157,1.0374331550802138,1842.0,3.283422459893048,33.77,-117.93,1.907
2.4583,26.0,4.361643835616438,1.1753424657534246,1182.0,3.238356164383561,34.06,-117.67,1.104
4.6207,35.0,4.955684007707129,0.9710982658959536,1172.0,2.258188824662813,33.78,-118.3,3.041
3.0434,22.0,19.163120567375888,3.9361702127659575,1062.0,2.5106382978723403,34.24,-117.2,1.372
1.4712,12.0,5.251937984496124,1.1143410852713178,1724.0,3.3410852713178296,36.98,-120.06,0.604
3.4327,52.0,5.126760563380282,1.1338028169014085,313.0,2.204225352112676,36.62,-121.92,2.545
4.7143,46.0,5.882845188284519,0.9832635983263598,771.0,3.225941422594142,37.72,-122.45,2.193
4.575,45.0,5.578947368421052,1.0555555555555556,890.0,2.602339181286549,33.84,-118.14,3.36
4.0,36.0,5.6298076923076925,1.0480769230769231,1191.0,2.862980769230769,37.97,-122.02,1.71
4.3859,45.0,4.939024390243903,1.048780487804878,941.0,2.8689024390243905,37.75,-122.5,2.702
6.7543,15.0,7.185567010309279,1.0701030927835051,1740.0,3.5876288659793816,33.65,-117.65,2.519
6.4242,12.0,6.200585651537335,1.076134699853587,1798.0,2.6325036603221084,33.86,-118.38,3.655
2.75,27.0,4.018672199170124,1.1141078838174274,1211.0,2.512448132780083,32.8,-117.15,0.875
3.1523,14.0,5.226685796269727,1.0129124820659972,2070.0,2.96987087517934,37.53,-120.84,1.418
2.6629,33.0,4.9529085872576175,1.263157894736842,1787.0,4.950138504155125,34.12,-117.9,1.241
4.2917,5.0,4.890982503364738,0.9663526244952894,1317.0,1.7725437415881562,34.19,-119.0,2.279
2.3062,15.0,4.9308755760368665,0.9585253456221198,470.0,2.165898617511521,33.14,-117.15,1.589
6.3002,24.0,6.252252252252252,1.029029029029029,2803.0,2.805805805805806,34.38,-118.55,2.829
2.5352,13.0,9.793028322440088,1.8649237472766884,1149.0,2.503267973856209,38.25,-120.37,1.137
3.3833,20.0,4.55524861878453,1.12707182320442,1729.0,4.776243093922652,37.29,-121.83,1.152
2.4234,28.0,3.0234798314268514,1.053582179409994,2558.0,1.5400361228175798,37.83,-122.25,2.185
7.9627,8.0,8.234463276836157,1.0480225988700564,1271.0,3.5903954802259888,34.13,-117.69,3.454
4.0069,42.0,4.5,1.0,394.0,1.931372549019608,34.27,-119.26,2.143
3.8571,42.0,5.132780082987552,0.9626556016597512,900.0,3.734439834024896,37.37,-121.84,1.875
2.7098,47.0,4.330601092896175,1.147540983606557,949.0,2.592896174863388,34.13,-118.22,1.738
3.5497,25.0,4.801946193474528,1.0715512306811676,4483.0,2.566113337149399,34.26,-118.49,2.613
3.1795,32.0,4.889830508474576,1.0084745762711864,1509.0,2.557627118644068,33.93,-117.42,1.256
4.7475,28.0,5.325513196480938,1.064516129032258,2100.0,2.0527859237536656,37.88,-122.5,4.746
3.6988,28.0,4.213174748398902,1.0869167429094235,2558.0,2.340347666971638,33.87,-118.34,2.666
10.1299,25.0,8.23963133640553,0.935483870967742,676.0,3.115207373271889,33.84,-117.82,4.543
5.8541,22.0,6.448105436573312,0.9884678747940692,1871.0,3.0823723228995057,33.66,-117.97,2.815
5.9263,3.0,6.550796812749004,1.051792828685259,3032.0,3.0199203187251,34.52,-118.5,2.518
2.6847,18.0,5.704152249134948,1.1453287197231834,1554.0,2.688581314878893,40.99,-124.08,1.113
5.2442,26.0,6.367441860465116,0.9953488372093025,1316.0,3.0604651162790697,37.97,-121.98,2.132
3.9489,21.0,4.753794266441822,1.092748735244519,1435.0,2.4198988195615514,34.04,-118.45,3.602
2.7411,27.0,4.684210526315789,1.0588235294117647,1346.0,4.1671826625387,35.78,-119.25,0.598
10.3345,5.0,8.74031007751938,1.0426356589147288,876.0,3.395348837209302,37.76,-121.93,4.614
5.0893,25.0,4.393530997304582,0.9514824797843666,1546.0,4.16711590296496,37.47,-122.13,1.734
7.8118,17.0,7.3478260869565215,1.0217391304347827,200.0,4.3478260869565215,33.93,-117.59,2.442
4.1339,52.0,4.567058823529412,1.0258823529411765,955.0,2.247058823529412,37.78,-122.47,3.964
3.1453,23.0,5.483582089552239,0.991044776119403,1064.0,3.1761194029850746,36.2,-119.31,0.745
2.8135,52.0,4.584329349269589,1.0411686586985391,2987.0,3.9667994687915007,37.76,-122.41,2.603
7.7684,13.0,8.446691176470589,1.0422794117647058,1643.0,3.020220588235294,33.04,-117.01,3.623
2.9828,30.0,6.06401766004415,1.1368653421633554,1368.0,3.019867549668874,36.54,-119.12,0.852
0.957,52.0,2.709016393442623,1.2950819672131149,392.0,1.6065573770491803,40.8,-124.17,0.6
=======,,,,,,,,
2.0096,38.0,4.445993031358885,1.0940766550522647,955.0,3.327526132404181,37.45,-122.12,1.557
2.6386,38.0,3.371698113207547,0.958490566037736,2113.0,3.986792452830189,37.32,-121.88,1.776
3.8576,20.0,4.449513836948392,1.0598354525056095,2593.0,1.9394166043380705,34.17,-118.26,3.186
4.5658,33.0,5.74468085106383,1.2644376899696048,859.0,2.610942249240121,33.62,-117.93,5.00001
3.1667,23.0,3.773960216998192,1.0325497287522605,1809.0,3.27124773960217,34.19,-118.49,2.02
1.7917,34.0,4.398496240601504,1.0902255639097744,602.0,2.263157894736842,35.13,-118.44,0.8
4.475,32.0,3.923512747875354,1.0084985835694051,1096.0,3.104815864022663,37.66,-122.41,2.467
4.3594,23.0,5.225572979493365,1.0337756332931245,2461.0,2.9686369119420988,37.56,-122.02,2.234
1.5313,23.0,3.305,1.018333333333333,2048.0,3.4133333333333336,33.96,-118.28,0.914
4.665,14.0,7.4921875,1.109375,2047.0,3.1984375,36.92,-119.81,1.213
5.5797,35.0,6.338461538461538,1.0205128205128204,1171.0,3.0025641025641026,37.67,-122.15,1.981
5.0016,19.0,5.531431897555297,1.029685681024447,6370.0,3.70779976717113,34.19,-119.2,2.185
4.5556,34.0,5.710073710073711,0.9901719901719902,2282.0,2.803439803439804,37.57,-122.48,2.49
7.8904,33.0,7.082802547770701,1.0047770700636942,1675.0,2.667197452229299,37.95,-122.52,4.688
4.9297,31.0,5.309255079006772,1.0383747178329572,1895.0,2.13882618510158,34.19,-118.22,4.0
5.0877,26.0,6.097058823529411,1.088235294117647,952.0,2.8,33.46,-117.66,2.881
3.8913,40.0,5.666666666666667,1.003921568627451,849.0,3.3294117647058825,37.75,-122.15,1.263
5.1057,45.0,5.381578947368421,0.9671052631578948,546.0,3.5921052631578947,33.85,-117.97,1.707
6.1785,5.0,7.197784810126582,1.2436708860759491,1238.0,1.9588607594936709,33.51,-117.73,2.959
4.175,18.0,5.709371293001186,1.00711743772242,2333.0,2.767497034400949,38.4,-121.36,1.444
1.9038,34.0,2.341232227488152,1.1345971563981043,2326.0,2.204739336492891,34.06,-118.31,3.25
8.3609,34.0,7.733532934131737,1.0538922155688624,2071.0,3.1002994011976046,33.79,-118.36,5.00001
2.4219,24.0,3.7145969498910674,1.0435729847494553,2037.0,4.437908496732026,33.99,-118.12,1.375
5.0,43.0,5.313131313131313,0.9646464646464646,1071.0,2.7045454545454546,33.86,-118.14,2.089
2.8269,40.0,5.089494163424124,1.0583657587548638,901.0,3.5058365758754864,33.9,-118.24,0.98
2.8322,41.0,3.927194860813704,0.9914346895074948,1105.0,2.366167023554604,37.68,-122.09,1.703
8.0,28.0,2.888888888888889,0.3333333333333333,29.0,3.2222222222222223,34.25,-119.23,2.75
5.1169,46.0,5.590106007067138,0.9858657243816256,603.0,2.1307420494699647,34.16,-118.39,4.143
3.8235,10.0,5.34593837535014,1.0070028011204482,1686.0,2.361344537815126,36.32,-119.35,0.946
1.3846,26.0,3.156779661016949,1.0932203389830508,694.0,2.940677966101695,34.05,-118.21,1.292
5.7654,35.0,5.755474452554744,1.0182481751824817,743.0,2.7116788321167884,33.84,-118.36,3.43
2.1324,36.0,3.671186440677966,1.159322033898305,1023.0,3.467796610169492,34.03,-118.36,1.438
6.6204,16.0,6.729303547963206,0.9658344283837056,2464.0,3.23784494086728,37.75,-121.94,2.961
6.5004,16.0,5.45475113122172,0.9502262443438914,1671.0,3.7805429864253393,37.41,-121.86,2.636
4.1482,7.0,5.674956622325043,1.1069982648930017,5595.0,3.2359745517640253,33.92,-117.25,1.246
3.875,39.0,4.589242053789731,1.0415647921760391,805.0,1.9682151589242047,32.83,-117.27,4.1
1.0313,20.0,2.4368421052631577,0.9473684210526316,486.0,2.557894736842105,38.59,-121.49,0.85
5.3272,3.0,6.982358402971216,1.0612813370473535,2878.0,2.6722376973073354,36.91,-119.77,1.742
2.7344,25.0,4.166112956810632,1.0365448504983388,715.0,2.3754152823920265,33.98,-117.11,1.49
1.7273,19.0,3.432314410480349,1.2314410480349345,525.0,2.2925764192139737,32.8,-117.21,1.375
1.625,25.0,6.338842975206612,1.7024793388429753,301.0,2.487603305785124,40.77,-123.28,0.792
5.6529,14.0,6.817821782178218,1.00990099009901,1413.0,2.798019801980198,38.65,-121.21,1.96
5.1893,34.0,6.307865168539326,1.09438202247191,1152.0,2.58876404494382,37.76,-122.47,4.203
2.4207,26.0,4.140540540540541,0.9891891891891892,980.0,1.7657657657657655,32.85,-117.2,2.135
1.8462,25.0,4.545045045045045,1.108108108108108,994.0,4.4774774774774775,35.95,-119.04,0.558
3.8904,21.0,5.211965811965812,0.9948717948717948,2355.0,4.0256410256410255,32.71,-116.99,1.138
5.1024,28.0,5.210743801652892,0.962809917355372,609.0,2.5165289256198347,33.46,-117.66,3.127
4.3333,15.0,11.024561403508772,2.168421052631579,725.0,2.543859649122807,38.76,-120.02,1.214
2.4387,34.0,2.7439903846153846,0.9723557692307692,3032.0,3.644230769230769,33.98,-118.22,1.75
1.2745,15.0,2.738693467336684,0.9262981574539364,1347.0,2.256281407035176,32.67,-117.1,0.929
3.16,14.0,3.204933586337761,1.0531309297912714,1319.0,2.5028462998102468,32.69,-117.05,1.438
4.8958,49.0,3.7540106951871657,0.7647058823529411,458.0,2.449197860962567,34.05,-118.38,3.336
2.4545,23.0,5.404255319148936,0.9929078014184396,358.0,2.539007092198581,38.19,-121.09,1.05
1.375,16.0,3.950819672131148,1.3770491803278688,152.0,2.4918032786885247,40.51,-123.21,0.488
2.9028,11.0,4.013207547169811,1.0962264150943395,1989.0,3.752830188679245,34.22,-118.37,1.741
5.397,44.0,6.234299516908212,1.0555555555555556,1006.0,2.429951690821256,37.47,-122.16,3.417
10.6767,48.0,8.171617161716172,1.033003300330033,900.0,2.9702970297029703,34.12,-118.11,5.00001
2.3077,36.0,4.432926829268292,1.1280487804878048,1404.0,2.8536585365853657,34.9,-117.01,0.555
7.8528,9.0,6.009174311926605,1.0091743119266054,222.0,2.036697247706422,34.15,-118.82,3.375
5.422,13.0,6.287610619469026,1.0587863463969658,4071.0,2.5733249051833123,33.69,-117.9,3.166
1.8472,52.0,5.4907063197026025,1.1152416356877324,1065.0,3.95910780669145,37.78,-122.21,1.37
7.5813,20.0,8.197943444730077,1.0796915167095116,1234.0,3.172236503856041,37.36,-121.81,3.741
2.6923,41.0,5.116071428571429,1.1071428571428572,844.0,2.511904761904762,40.88,-123.98,0.842
2.5321,35.0,4.196601941747573,1.0631067961165048,1308.0,3.174757281553398,34.06,-118.12,1.972
3.6667,40.0,5.989690721649485,1.127147766323024,981.0,3.3711340206185567,33.96,-118.1,1.731
5.1786,16.0,6.860714285714286,1.1142857142857143,862.0,3.0785714285714287,33.28,-117.17,3.768
3.0216,37.0,5.539094650205762,1.0041152263374489,1263.0,2.598765432098765,40.79,-124.15,0.864
2.9453,26.0,5.411904761904762,1.1285714285714286,1124.0,2.676190476190476,38.39,-122.8,1.667
3.4032,37.0,4.172839506172839,1.0555555555555556,691.0,2.132716049382716,37.68,-122.1,1.969
7.4729,28.0,6.871035940803383,1.025369978858351,1328.0,2.807610993657505,37.35,-122.04,4.316
4.76,14.0,6.096666666666667,1.02,1951.0,3.2516666666666665,36.83,-121.37,2.16
4.97,52.0,6.685064935064935,1.12012987012987,800.0,2.5974025974025974,37.57,-122.35,5.00001
4.9236,28.0,5.847176079734219,1.1162790697674418,1746.0,2.9003322259136213,37.66,-122.42,2.735
3.2829,5.0,4.779040404040404,1.181818181818182,2240.0,2.8282828282828283,37.63,-122.05,1.625
2.2583,18.0,7.046728971962617,1.5046728971962615,247.0,2.308411214953271,40.89,-122.31,0.788
4.5086,16.0,5.7156398104265405,0.9928909952606636,1612.0,3.8199052132701423,32.93,-117.14,1.711
3.7388,17.0,5.002643171806168,0.9832599118942732,3182.0,2.80352422907489,38.35,-121.97,1.22
7.1687,22.0,7.615720524017467,0.9868995633187772,1479.0,3.2292576419213974,34.46,-119.81,3.844
2.4069,52.0,3.538116591928252,1.0919282511210762,879.0,1.97085201793722,32.73,-117.17,2.15
2.8229,16.0,4.700389105058366,1.0992217898832686,1750.0,3.404669260700389,34.06,-118.11,1.637
4.0581,7.0,7.054014598540146,1.235036496350365,3617.0,2.64014598540146,35.2,-118.66,1.629
3.5082,11.0,4.442100098135427,1.076054955839058,7096.0,3.4818449460255154,34.24,-118.45,1.365
3.3281,18.0,4.88539741219963,0.9279112754158964,1755.0,3.243992606284658,38.42,-121.37,0.912
1.852,40.0,3.967863894139888,1.1323251417769375,2311.0,4.368620037807183,34.0,-118.27,1.015
3.9667,27.0,5.793002915451895,1.0903790087463556,961.0,2.801749271137026,36.95,-122.04,2.658
2.0161,11.0,3.82312925170068,1.1156462585034013,504.0,3.4285714285714284,34.64,-120.46,1.188
3.6875,19.0,4.979277364505845,1.0520722635494155,4259.0,2.263018065887354,36.66,-121.67,1.897
4.7188,36.0,6.008333333333334,1.0194444444444444,915.0,2.5416666666666665,32.8,-117.09,1.741
4.0403,23.0,4.792408066429418,1.0,2181.0,2.587188612099644,37.3,-121.96,3.034
3.024,17.0,6.4734513274336285,1.4955752212389382,529.0,2.34070796460177,38.33,-120.41,1.009
4.2143,37.0,5.288235294117647,0.973529411764706,860.0,2.5294117647058822,33.81,-118.12,2.285
3.2952,30.0,4.972924187725631,1.0776173285198556,1519.0,2.7418772563176894,36.61,-121.91,2.346
4.1354,52.0,5.202868852459017,1.0184426229508197,1152.0,2.360655737704918,33.82,-118.17,2.682
3.3333,49.0,5.436440677966102,1.0084745762711864,576.0,2.440677966101695,37.9,-122.29,2.768
1.9185,34.0,4.827868852459017,1.0655737704918034,1166.0,4.778688524590164,33.92,-118.27,0.933
3.6731,35.0,5.350253807106599,1.0279187817258884,1243.0,3.154822335025381,33.92,-118.03,1.67
3.5694,41.0,5.03793626707132,1.0819423368740515,1236.0,1.8755690440060693,34.16,-118.05,2.786
2.2454,37.0,3.353174603174604,0.988095238095238,881.0,3.496031746031746,34.04,-118.21,1.65
3.8687,11.0,4.663424124513619,1.017509727626459,1566.0,3.046692607003891,32.71,-117.06,1.452
3.2824,52.0,4.356984478935699,1.06430155210643,794.0,1.7605321507760532,34.08,-118.36,3.048
1.0208,38.0,3.345890410958904,1.0102739726027397,1073.0,3.6746575342465753,33.96,-118.27,0.864
4.3859,45.0,4.939024390243903,1.048780487804878,941.0,2.8689024390243905,37.75,-122.5,2.702
5.2206,6.0,5.749529190207157,1.0677966101694916,3246.0,3.056497175141243,34.28,-118.91,2.802
5.144,27.0,5.041237113402062,1.0103092783505154,403.0,4.154639175257732,33.85,-118.28,1.808
3.0179,28.0,4.310405643738977,0.9788359788359788,1848.0,3.259259259259259,33.82,-117.93,1.988
4.4,52.0,6.128851540616247,1.011204481792717,917.0,2.5686274509803924,37.58,-122.37,5.0
1.6983,34.0,4.872586872586872,1.0308880308880308,520.0,2.007722007722008,40.58,-122.38,0.726
5.1261,20.0,6.137404580152672,0.9847328244274808,1655.0,3.1583969465648853,34.13,-117.62,1.588
3.39,5.0,5.19589552238806,1.0764925373134329,1310.0,2.444029850746269,34.04,-117.31,1.495
3.2396,24.0,7.90728476821192,1.6291390728476822,414.0,2.741721854304636,38.92,-120.02,1.019
4.3218,17.0,5.805460750853243,1.0170648464163825,941.0,3.21160409556314,35.51,-120.68,2.091
3.2232,27.0,4.86737400530504,1.0954907161803713,1221.0,3.2387267904509285,33.43,-117.62,2.471
1.9342,32.0,4.89957264957265,0.9957264957264956,1538.0,3.286324786324786,36.39,-119.31,0.686
2.5714,18.0,4.549492385786802,1.015228426395939,3873.0,4.91497461928934,33.67,-116.17,0.659
3.8047,45.0,4.911475409836066,1.0262295081967212,1003.0,3.2885245901639344,37.72,-122.18,1.567
2.9524,31.0,3.933793103448276,1.0206896551724138,3100.0,4.275862068965517,34.06,-118.1,1.788
2.7183,48.0,3.9053803339517614,1.098330241187384,1807.0,3.352504638218924,33.79,-118.2,1.904
2.2,25.0,4.503164556962025,1.018987341772152,2272.0,3.59493670886076,32.74,-117.11,0.987
3.8038,22.0,4.574324324324325,1.0734797297297298,2260.0,1.908783783783784,33.72,-118.05,1.745
2.5953,15.0,7.053497942386831,1.0102880658436213,2303.0,4.738683127572016,32.81,-117.11,0.675
4.4562,25.0,4.907692307692308,0.935897435897436,897.0,2.3,37.74,-122.25,2.062
6.4335,7.0,7.383081896551724,1.2672413793103448,4446.0,2.3954741379310347,32.83,-117.08,2.606
3.155,25.0,5.411589895988113,1.0787518573551262,1729.0,2.5690936106983657,35.11,-120.59,2.054
6.1863,16.0,7.317494600431965,1.062634989200864,1249.0,2.697624190064795,33.65,-117.7,3.556
2.5147,38.0,4.0,1.055363321799308,1359.0,4.70242214532872,34.28,-118.44,1.371
4.0039,30.0,5.180602006688964,1.0869565217391304,885.0,2.959866220735786,33.84,-118.0,1.951
2.3169,28.0,3.680473372781065,1.0562130177514792,2891.0,4.276627218934912,33.72,-116.21,0.689
5.0514,48.0,5.971677559912854,0.9564270152505446,1115.0,2.429193899782135,33.99,-118.35,2.691
5.4067,26.0,6.005970149253732,0.9402985074626866,872.0,2.602985074626865,32.85,-117.21,2.775
6.1655,52.0,7.072727272727272,1.0654545454545454,708.0,2.5745454545454547,37.44,-122.15,5.00001
5.2497,32.0,6.629268292682927,1.0902439024390245,1156.0,2.819512195121951,37.7,-122.08,2.593
3.9485,23.0,5.2182410423452765,1.0488599348534202,2295.0,3.737785016286645,34.15,-119.16,1.966
4.7926,27.0,5.388235294117648,1.08,2252.0,2.6494117647058824,34.23,-118.51,4.544
6.2475,26.0,5.824561403508772,0.95906432748538,980.0,2.865497076023392,37.34,-122.02,3.5
2.5662,31.0,3.973579920739762,1.0092470277410832,2088.0,2.7582562747688244,32.67,-117.08,1.182
4.5266,4.0,6.358957654723128,1.0964169381107491,4970.0,3.237785016286645,34.57,-118.09,1.429
1.2575,26.0,3.8875,1.1392857142857142,1971.0,3.5196428571428573,38.52,-121.47,0.668
2.6818,35.0,4.38801261829653,1.0378548895899051,726.0,2.2902208201892744,32.75,-117.14,1.594
2.9821,35.0,5.57089552238806,1.037313432835821,729.0,2.720149253731343,37.6,-120.95,0.974
2.4821,24.0,4.769491525423729,1.1084745762711865,501.0,1.6983050847457628,37.73,-121.92,1.572
3.6618,14.0,7.312138728323699,1.329479768786127,621.0,3.5895953757225434,33.83,-117.2,1.613
2.5682,36.0,5.44,1.0555555555555556,1268.0,2.8177777777777777,32.71,-117.07,1.091
3.7857,16.0,5.077504725897921,0.9754253308128544,1553.0,2.935727788279773,38.69,-121.34,1.127
4.1205,36.0,5.771604938271605,1.0432098765432098,947.0,2.9228395061728394,33.94,-117.97,2.17
5.2486,19.0,6.1676829268292686,1.195121951219512,955.0,2.9115853658536586,37.05,-121.99,3.53
5.979,19.0,6.860557768924303,1.0225763612217795,2374.0,3.152722443559097,33.91,-118.0,2.852
7.143,22.0,7.127717391304348,0.970108695652174,838.0,2.277173913043478,38.56,-121.4,3.278
2.5495,27.0,5.445026178010472,1.0785340314136125,1082.0,2.832460732984293,39.19,-121.53,0.983
2.6523,36.0,5.689655172413793,1.0991379310344829,720.0,3.103448275862069,37.66,-120.91,0.763
5.3369,18.0,5.340277777777778,1.4756944444444444,425.0,1.4756944444444444,33.61,-117.92,3.125
5.0151,4.0,4.896984924623116,1.150753768844221,868.0,2.180904522613065,34.31,-118.61,2.852
6.221,52.0,6.571428571428571,0.9666666666666668,530.0,2.523809523809524,37.6,-122.4,4.203
3.5714,48.0,5.94392523364486,1.031152647975078,789.0,2.457943925233645,35.4,-118.99,0.846
1.8814,40.0,4.418897637795276,1.078740157480315,2268.0,3.5716535433070864,37.94,-121.28,0.577
2.7202,31.0,4.684466019417476,1.0533980582524272,599.0,2.907766990291262,33.99,-118.1,1.903
2.6742,27.0,3.87515299877601,1.0611995104039167,1332.0,1.6303549571603426,32.75,-117.15,1.714
3.3469,30.0,3.280598958333333,1.0182291666666667,2129.0,1.3860677083333333,37.58,-122.35,3.45
3.4,44.0,4.688235294117647,1.1441176470588237,832.0,2.447058823529412,34.18,-118.32,2.121
4.3438,33.0,6.180769230769231,1.0846153846153843,608.0,2.3384615384615386,34.15,-117.3,1.15
2.5592,37.0,4.733974358974359,1.0288461538461535,888.0,2.8461538461538463,38.52,-121.45,0.703
3.8003,23.0,4.190885640584694,1.0756663800515909,2699.0,2.3207222699914016,37.42,-122.09,2.298
2.425,52.0,5.590804597701149,1.137931034482759,928.0,2.1333333333333333,39.22,-121.07,1.211
4.436,7.0,6.360294117647059,1.0546218487394958,3031.0,3.1838235294117645,32.69,-117.02,1.35
1.4429,32.0,4.174757281553398,0.9838187702265372,852.0,2.7572815533980584,36.22,-119.35,0.546
6.314,9.0,8.146896127842655,1.068838352796558,5001.0,3.0737553779963123,38.7,-121.06,2.289
3.0216,37.0,5.539094650205762,1.0041152263374489,1263.0,2.598765432098765,40.79,-124.15,0.864
3.183,33.0,4.132,1.1186666666666667,2025.0,2.7,33.97,-118.12,1.911
4.1094,37.0,5.830985915492958,1.0375586854460097,565.0,2.652582159624413,33.84,-118.12,2.158
3.5667,28.0,4.616343490304709,1.0415512465373962,2026.0,2.806094182825485,33.88,-117.87,1.907
4.555,39.0,4.900621118012422,0.984472049689441,872.0,2.7080745341614905,34.25,-117.55,1.531
10.3591,33.0,7.6369426751592355,1.0095541401273886,832.0,2.64968152866242,37.35,-122.08,5.00001
4.2165,15.0,4.962085308056872,1.0489731437598735,1729.0,2.7314375987361768,33.67,-117.99,2.346
7.6107,33.0,7.554166666666666,1.0458333333333334,1348.0,2.808333333333333,37.88,-122.17,4.232
4.2083,9.0,5.026352288488211,1.1262135922330097,1856.0,2.574202496532594,37.27,-121.84,1.984
2.0542,46.0,4.422535211267606,1.0663983903420524,2067.0,4.158953722334004,33.99,-118.29,1.034
3.9559,42.0,4.6528662420382165,0.961783439490446,986.0,3.140127388535032,33.88,-117.99,1.611
2.1863,23.0,3.795238095238095,0.9952380952380953,3883.0,4.622619047619048,34.01,-117.93,1.576
3.8529,17.0,4.916967509025271,1.023465703971119,2213.0,3.9945848375451263,32.58,-117.06,1.477
3.7188,18.0,5.075822603719599,1.2589413447782547,1476.0,2.111587982832618,38.25,-122.3,1.634
3.6,19.0,5.24223602484472,1.1335403726708075,622.0,1.9316770186335404,34.1,-117.65,1.364
10.1882,38.0,7.401883830455259,1.084772370486656,1660.0,2.6059654631083204,34.04,-118.51,5.00001
4.8824,34.0,5.857142857142857,1.083743842364532,445.0,2.1921182266009853,34.3,-119.25,3.964
4.3,41.0,5.445468509984639,1.0721966205837177,1221.0,1.87557603686636,34.15,-118.36,5.00001
12.3767,27.0,7.737037037037037,1.1222222222222222,654.0,2.422222222222222,34.12,-118.42,5.00001
5.2361,16.0,5.123583934088568,0.9773429454170958,2537.0,2.612770339855819,34.21,-118.84,2.247
5.9277,38.0,6.356502242152466,1.0022421524663676,1148.0,2.5739910313901344,37.44,-122.13,4.466
4.8375,40.0,6.8625,1.09375,415.0,2.59375,38.64,-121.26,2.174
2.4132,11.0,4.198895027624309,1.0368324125230202,6083.0,3.734192756292204,33.64,-117.84,1.983
3.0,16.0,41.333333333333336,8.476190476190476,44.0,2.095238095238096,39.3,-120.33,1.75
4.4375,26.0,6.442724458204334,1.0495356037151702,906.0,2.804953560371517,38.45,-122.66,2.935
3.625,37.0,5.865671641791045,1.0865671641791044,796.0,2.3761194029850747,36.78,-119.81,0.834
2.7348,16.0,4.2625250501002006,1.0260521042084167,1532.0,3.070140280561122,32.99,-117.26,2.313
2.6161,30.0,6.833333333333333,1.597938144329897,1387.0,2.3831615120274914,38.49,-123.04,1.325
2.3182,23.0,3.6525974025974026,0.8863636363636364,687.0,2.2305194805194803,32.98,-117.09,2.688
2.6979,33.0,4.075242718446602,0.9805825242718448,933.0,2.2645631067961167,34.17,-118.43,2.66
7.2354,52.0,7.11716621253406,0.994550408719346,901.0,2.455040871934605,37.85,-122.24,3.911
9.1541,37.0,7.914754098360656,1.0590163934426229,878.0,2.878688524590164,33.96,-118.0,4.538
5.4193,17.0,5.789340101522843,0.9111675126903552,1226.0,3.1116751269035534,37.23,-121.79,2.595
3.875,39.0,5.386819484240688,1.0515759312320916,954.0,2.7335243553008595,34.05,-118.14,2.364
1.5427,49.0,4.298969072164948,1.0589101620029455,1956.0,2.880706921944036,37.3,-120.48,0.885
3.3438,16.0,5.227067669172932,0.9774436090225564,2126.0,3.1969924812030075,37.7,-121.02,1.254
4.825,45.0,5.832797427652733,1.045016077170418,709.0,2.279742765273312,34.05,-118.52,5.00001
2.1767,13.0,4.050724637681159,1.1202898550724638,1869.0,2.708695652173913,32.75,-117.12,1.018
2.9569,27.0,6.233082706766917,1.1954887218045114,2362.0,4.43984962406015,33.82,-116.49,0.659
1.5911,29.0,4.57092819614711,1.0455341506129596,1659.0,2.905429071803853,36.07,-119.02,0.608
5.5291,52.0,5.937984496124031,1.049095607235142,1203.0,3.108527131782946,34.14,-118.22,2.746
2.7474,43.0,4.418952618453865,1.0523690773067331,1573.0,3.9226932668329177,37.58,-122.33,2.331
3.8,26.0,6.876494023904383,1.151394422310757,672.0,2.6772908366533863,38.29,-122.49,2.421
3.7007,26.0,6.272311212814645,1.032036613272311,1217.0,2.7848970251716247,39.71,-121.89,1.392
2.625,41.0,3.115479115479116,0.977886977886978,1887.0,4.636363636363637,34.05,-118.2,1.5
4.925,22.0,6.730831973898858,1.00163132137031,1795.0,2.9282218597063623,36.76,-119.63,1.547
2.1734,34.0,4.622377622377623,1.020979020979021,742.0,5.188811188811189,33.91,-118.23,0.882
2.9511,17.0,3.5869336143308748,1.065331928345627,1694.0,1.7850368809272918,34.14,-118.14,2.823
2.3083,20.0,5.485776805251641,1.262582056892779,1072.0,2.3457330415754925,38.96,-122.63,0.602
6.5843,20.0,7.351201478743068,0.99815157116451,1886.0,3.4861367837338264,33.88,-117.86,2.722
3.8506,22.0,4.944845699277741,1.0302035456336178,5254.0,3.4497701904136573,33.76,-117.91,1.674
2.6226,40.0,4.071216617210682,1.0504451038575668,2747.0,4.07566765578635,34.09,-118.18,1.488
4.7813,17.0,7.31767955801105,1.0662983425414363,1057.0,2.9198895027624308,34.9,-120.37,3.268
3.5735,16.0,5.080419580419581,1.0454545454545454,904.0,3.160839160839161,39.79,-121.97,0.896
4.51,22.0,5.858597285067873,1.0678733031674208,2315.0,2.6187782805429864,34.1,-117.85,1.899
3.5769,12.0,5.9375866851595,1.0901525658807212,1891.0,2.622746185852982,32.84,-116.79,2.318
1.9621,27.0,4.079002079002079,1.130977130977131,1492.0,3.101871101871102,33.85,-117.93,1.181
2.7165,50.0,3.321965897693079,1.098294884653962,1475.0,1.4794383149448345,37.79,-122.43,5.00001
3.9628,29.0,5.862068965517241,1.0830721003134796,1724.0,2.702194357366772,33.84,-118.01,2.156
2.3203,21.0,4.439446366782007,0.9619377162629758,684.0,2.366782006920415,32.83,-116.93,1.635
4.9044,24.0,4.881889763779528,1.1653543307086611,513.0,2.0196850393700787,33.72,-118.07,4.85
4.3362,31.0,5.945098039215687,0.9333333333333332,596.0,2.3372549019607844,34.16,-117.25,1.594
5.5921,18.0,7.803763440860215,1.0403225806451613,1127.0,3.0295698924731185,37.81,-121.98,3.591
4.5189,45.0,5.637010676156583,1.0640569395017794,1341.0,2.386120996441281,32.69,-117.17,4.222
4.0625,52.0,3.645161290322581,0.9301075268817204,791.0,4.252688172043011,34.11,-118.2,1.713
2.8233,31.0,4.0607476635514015,1.0822429906542057,1987.0,1.8570093457943928,34.06,-118.38,3.1
5.3247,13.0,7.292307692307692,1.5128205128205128,395.0,2.025641025641025,37.54,-122.26,3.278
1.9688,40.0,3.8967971530249113,1.085409252669039,1322.0,4.704626334519573,34.04,-118.19,1.5
4.7027,14.0,4.951739618406285,1.037037037037037,2698.0,3.028058361391695,37.32,-121.8,2.276
5.4218,16.0,6.071022727272728,1.015625,2240.0,3.1818181818181817,37.23,-121.76,2.339
3.6411,19.0,5.892173913043478,1.0417391304347825,1707.0,2.968695652173913,37.98,-121.68,1.628
2.4516,36.0,3.606232294617564,1.0736543909348442,1398.0,3.960339943342776,33.99,-118.19,1.478
6.8482,34.0,6.296724470134874,1.0366088631984585,1463.0,2.8188824662813103,34.17,-118.62,3.083
3.8531,21.0,5.030555555555556,0.9263888888888888,2503.0,3.4763888888888888,34.08,-117.4,1.054
2.875,49.0,5.264615384615385,1.0707692307692307,1138.0,3.5015384615384617,37.71,-122.46,2.25
3.7841,26.0,6.193146417445483,1.1806853582554515,905.0,2.8193146417445485,39.33,-120.2,1.095
4.125,32.0,6.151282051282052,0.9846153846153848,1199.0,3.0743589743589745,34.2,-118.86,2.646
2.582,28.0,4.617801047120419,1.068062827225131,2304.0,3.0157068062827226,33.81,-117.98,1.818
4.0882,52.0,4.312629399585921,1.0165631469979295,1224.0,2.5341614906832297,37.79,-122.44,4.688
5.6271,44.0,6.262780269058296,1.0143497757847533,2818.0,2.527354260089686,37.5,-122.26,3.748
2.8182,22.0,5.302040816326531,0.9836734693877552,1151.0,2.3489795918367347,39.76,-121.63,1.097
4.1339,34.0,5.320158102766799,0.9552042160737813,2716.0,3.578392621870883,34.07,-117.73,1.35
1.5208,52.0,3.9080459770114944,1.1149425287356325,200.0,2.2988505747126435,37.81,-122.28,1.125
2.5553,16.0,3.717870257037944,1.1113831089351285,2592.0,1.5862913096695226,32.74,-117.14,1.781
5.928,6.0,5.739922694643843,1.0574268360022088,4783.0,2.6410822749861955,33.65,-117.68,2.399
3.0938,25.0,4.039130434782609,1.0717391304347823,865.0,1.880434782608696,34.4,-119.7,3.125
1.3302,38.0,4.37958115183246,1.044502617801047,1116.0,2.9214659685863875,38.63,-121.44,0.622
3.9766,14.0,6.58664546899841,1.0429252782193958,1569.0,2.494435612082671,38.44,-122.78,3.453
4.4271,25.0,5.082514734774067,1.005893909626719,1219.0,2.3948919449901767,33.82,-118.32,3.821
1.6667,30.0,5.265217391304348,1.2565217391304349,611.0,2.6565217391304348,34.83,-116.96,0.447
1.7636,52.0,5.175637393767706,1.0084985835694051,855.0,2.4220963172804533,36.75,-119.81,0.551
5.4727,34.0,6.312785388127854,1.1757990867579908,1422.0,3.246575342465753,34.21,-118.15,2.389
3.2891,28.0,5.781818181818182,1.1772727272727272,519.0,2.359090909090909,40.93,-123.88,1.063
4.7685,5.0,4.331352154531946,1.0950965824665675,3959.0,1.96087171867261,37.39,-122.04,2.801
1.5758,11.0,4.789346246973365,1.1138014527845037,2756.0,2.2243744955609364,34.41,-117.29,1.083
3.3516,26.0,5.142857142857143,0.8367346938775511,568.0,2.897959183673469,34.12,-117.34,1.056
4.9097,17.0,5.365853658536586,1.048780487804878,431.0,3.5040650406504064,37.28,-121.76,2.41
2.8971,37.0,4.077540106951871,0.9705882352941176,1075.0,2.874331550802139,37.36,-121.89,1.861
6.2918,22.0,7.746938775510204,0.9755102040816328,734.0,2.9959183673469387,37.68,-121.89,3.341
2.4519,45.0,5.155797101449275,1.0072463768115942,822.0,2.9782608695652173,34.02,-118.31,0.981
3.2596,48.0,5.145985401459854,1.1094890510948905,677.0,2.470802919708029,34.11,-118.05,2.724
4.2132,37.0,4.964285714285714,0.9910714285714286,771.0,3.4419642857142856,33.9,-118.09,1.646
6.2488,16.0,5.461538461538462,0.9031339031339032,1324.0,3.772079772079772,33.71,-117.9,2.52
2.25,39.0,3.820441988950276,1.2679558011049723,677.0,1.8701657458563536,34.38,-119.69,2.813
8.8693,8.0,6.307801418439716,1.0113475177304965,1680.0,2.382978723404255,33.64,-117.8,4.504
2.7157,25.0,3.7865497076023393,1.219298245614035,856.0,2.502923976608187,33.77,-117.97,3.5
6.6143,16.0,7.386138613861386,1.0132013201320131,1002.0,3.3069306930693068,32.67,-117.0,2.641
3.1696,17.0,4.07,0.97,307.0,3.07,37.5,-122.04,1.563
2.8424,30.0,3.9277504105090313,1.0755336617405582,1987.0,3.2627257799671594,34.2,-118.4,2.264
4.5682,21.0,5.905982905982906,1.017094017094017,1044.0,2.9743589743589745,37.01,-121.97,3.716
2.6071,16.0,5.775067750677507,1.1490514905149052,989.0,2.680216802168021,37.38,-119.72,1.037
5.1418,32.0,5.030508474576271,1.0,928.0,3.145762711864407,33.79,-117.88,1.903
2.5473,16.0,4.2255054432348365,0.9657853810264384,3343.0,5.199066874027994,38.02,-121.3,1.063
6.4865,2.0,8.052670080468179,1.1331382589612289,4098.0,2.997805413313826,34.6,-118.16,2.044
3.2794,42.0,5.591760299625468,1.0374531835205991,671.0,2.51310861423221,33.82,-118.12,2.245
3.6128,10.0,3.832352941176471,1.1,1373.0,2.0191176470588235,34.16,-118.37,2.25
2.2321,34.0,4.919629057187017,1.1406491499227205,1820.0,2.812982998454405,33.93,-116.9,0.718
5.0818,35.0,5.188405797101449,0.9681159420289857,1277.0,3.701449275362319,34.22,-118.39,1.868
2.1389,39.0,4.22680412371134,1.090721649484536,1959.0,4.039175257731959,33.96,-118.21,1.689
2.375,36.0,2.333333333333333,0.7777777777777778,21.0,2.333333333333333,34.03,-118.06,1.75
5.0838,20.0,6.116037735849057,1.0075471698113208,3526.0,3.3264150943396227,37.54,-122.06,2.482
3.5403,26.0,5.159914712153518,1.1343283582089552,1383.0,2.9488272921108742,33.94,-117.42,1.135
1.5078,22.0,3.96684350132626,1.0490716180371351,2486.0,3.297082228116711,34.04,-118.16,1.819
6.6783,16.0,6.456876456876457,0.9463869463869464,1269.0,2.958041958041958,32.77,-116.92,2.75
2.0242,36.0,4.967105263157895,1.0328947368421053,625.0,4.1118421052631575,34.06,-117.33,0.65
3.851,16.0,6.912408759124087,1.1897810218978102,477.0,3.4817518248175183,35.17,-120.43,3.15
1.62,19.0,3.28352490421456,1.0102171136653897,1205.0,1.5389527458492975,32.64,-117.09,1.313
5.1017,17.0,5.895104895104895,0.986013986013986,1756.0,4.093240093240094,37.35,-121.8,2.407
4.0656,27.0,6.09375,0.990625,950.0,2.96875,32.81,-117.02,1.64
2.7209,32.0,5.090510948905109,1.0802919708029195,1957.0,2.856934306569343,37.64,-120.95,0.883
4.0,26.0,4.587234042553192,1.0829787234042554,1142.0,2.429787234042553,34.19,-118.5,2.247
2.212,19.0,4.47953216374269,0.9961013645224172,1246.0,2.4288499025341133,34.96,-120.42,1.32
2.7279,34.0,3.404063205417607,1.090293453724605,774.0,1.747178329571106,37.39,-122.09,3.656
1.5933,37.0,3.998330550918197,1.0467445742904842,2489.0,4.155258764607679,32.69,-117.11,0.863
1.8086,38.0,3.5,1.111940298507463,1783.0,4.435323383084577,33.99,-118.27,0.971
2.5511,25.0,4.327464788732394,1.0941901408450705,2140.0,1.8838028169014085,38.61,-121.35,1.341
3.4777,33.0,4.345415778251599,1.0085287846481876,1546.0,3.29637526652452,34.13,-117.97,1.445
1.8878,30.0,4.272952853598015,0.9230769230769232,1467.0,3.640198511166253,36.56,-119.62,0.516
2.5809,27.0,4.898601398601398,1.027972027972028,1306.0,4.566433566433567,34.96,-120.57,0.832
7.2648,14.0,7.298913043478261,0.9510869565217392,650.0,3.532608695652174,33.51,-117.64,3.632
5.3345,4.0,7.209251101321586,1.0903083700440528,1497.0,3.297356828193833,38.16,-122.14,1.761
3.2865,52.0,4.8839590443686,1.023890784982935,657.0,2.242320819112628,36.62,-121.91,2.401
2.6696,19.0,4.099290780141844,1.1645390070921986,2203.0,3.124822695035461,34.19,-118.37,1.851
7.2423,52.0,7.875,1.5,47.0,5.875,33.89,-118.17,3.5
3.8307,33.0,5.728440366972477,1.062385321100917,1733.0,3.179816513761468,35.38,-118.92,0.706
3.4844,28.0,5.18018018018018,0.9436936936936936,1312.0,2.954954954954955,34.08,-117.42,1.277
7.7799,25.0,7.045936395759718,1.0141342756183749,704.0,2.487632508833922,37.34,-122.04,4.473
2.6033,52.0,5.465454545454546,1.0836363636363635,690.0,2.5090909090909093,37.84,-122.27,1.629
2.1417,12.0,4.390029325513196,1.0557184750733135,943.0,2.7653958944281527,38.02,-121.9,1.222
3.2917,49.0,4.308641975308642,1.0648148148148149,1301.0,2.007716049382716,33.77,-118.14,3.074
2.625,20.0,5.53125,1.3125,231.0,2.40625,38.71,-122.64,0.896
1.6009,39.0,5.12183908045977,1.2459770114942528,1516.0,3.485057471264368,35.39,-118.99,0.488
3.4926,30.0,5.360230547550432,0.9711815561959656,1123.0,3.236311239193084,36.44,-119.57,0.942
4.192,25.0,4.886756238003839,1.0460652591170825,1543.0,2.9616122840690977,33.79,-117.87,2.199
2.6949,15.0,5.496394230769231,1.1153846153846154,2513.0,3.0204326923076925,33.66,-117.28,1.636
3.2639,50.0,5.121212121212121,1.0649350649350648,851.0,3.683982683982684,34.03,-118.19,1.426
3.9443,2.0,7.507731958762887,1.1947717231222386,7132.0,2.625920471281296,33.57,-117.16,1.873
3.6731,16.0,3.96635262449529,1.0794078061911172,1385.0,1.864064602960969,37.93,-122.48,3.18
2.8378,25.0,4.099778270509978,1.1485587583148558,1498.0,3.3215077605321506,33.96,-118.36,1.7
3.5667,28.0,4.616343490304709,1.0415512465373962,2026.0,2.806094182825485,33.88,-117.87,1.907
4.5913,49.0,5.748299319727892,1.04421768707483,770.0,2.619047619047619,37.72,-122.47,2.597
3.5388,30.0,5.050713153724248,0.9381933438985736,2082.0,3.299524564183835,32.71,-117.02,1.185
3.6546,30.0,5.250639386189258,0.9411764705882352,1496.0,3.8260869565217392,34.16,-119.18,1.862
4.1058,25.0,6.507518796992481,1.169172932330827,810.0,3.045112781954887,37.33,-120.65,1.076
2.8125,24.0,3.504672897196261,1.0623052959501558,579.0,1.8037383177570088,34.15,-118.13,1.417
4.635,33.0,6.052380952380952,1.1095238095238096,1099.0,2.6166666666666667,38.46,-122.4,2.485
4.0037,2.0,7.536463536463536,1.5144855144855145,2801.0,2.798201798201798,34.0,-117.58,2.452
3.9722,38.0,5.292878635907723,1.0110330992978938,2695.0,2.703109327983952,37.65,-122.44,2.762
5.2815,30.0,6.392434988179669,1.0070921985815602,1289.0,3.0472813238770686,33.69,-117.91,2.295
6.5147,47.0,5.838235294117647,0.9264705882352942,819.0,2.4088235294117646,34.04,-118.52,5.00001
3.6412,15.0,5.3442088091354,1.0929853181076672,1520.0,2.4796084828711256,35.33,-120.84,2.078
2.8456,40.0,4.869918699186992,1.086720867208672,756.0,2.048780487804878,37.98,-122.02,1.655
4.0536,13.0,5.54601226993865,1.030674846625767,2022.0,3.1012269938650308,38.34,-121.98,1.348
2.3611,52.0,2.36,0.7866666666666666,269.0,3.5866666666666664,34.07,-118.04,1.313
2.5357,33.0,5.585106382978723,1.1560283687943262,879.0,3.117021276595745,34.0,-117.06,0.944
3.7454,30.0,4.367170626349892,1.1274298056155507,1196.0,2.583153347732181,33.78,-117.87,1.86
3.2484,16.0,4.339915373765868,1.0338504936530324,1447.0,2.040902679830748,38.0,-122.04,0.911
5.7951,24.0,6.63575042158516,1.053962900505902,1912.0,3.224283305227656,33.89,-117.84,2.269
2.9821,12.0,4.763888888888889,1.101388888888889,1840.0,2.555555555555556,35.12,-120.61,1.62
2.3152,25.0,5.412844036697248,1.055045871559633,1424.0,3.26605504587156,36.21,-119.32,0.631
5.606,32.0,5.365155131264917,1.097852028639618,1191.0,2.8424821002386635,37.31,-121.98,2.889
3.125,48.0,6.430711610486892,1.149812734082397,610.0,2.284644194756554,34.14,-117.29,0.976
7.4678,15.0,6.594464500601685,1.0734055354993983,2009.0,2.417569193742479,37.48,-122.29,5.00001
2.3454,33.0,2.8876404494382024,1.0589887640449438,753.0,2.115168539325843,34.43,-119.72,2.438
6.4576,33.0,5.661327231121281,1.080091533180778,1268.0,2.9016018306636155,34.15,-117.97,5.00001
3.6111,48.0,3.836206896551724,1.0991379310344829,434.0,1.8706896551724137,34.07,-118.35,4.5
2.1382,37.0,4.5697940503432495,0.9977116704805492,1349.0,3.0869565217391304,37.66,-122.08,1.666
4.0929,33.0,4.73953488372093,0.8883720930232558,938.0,4.362790697674418,37.34,-121.84,1.65
5.7664,16.0,6.002976190476191,1.0982142857142858,931.0,2.770833333333333,38.38,-122.89,2.675
5.5,30.0,6.004651162790697,1.069767441860465,835.0,3.883720930232558,33.79,-118.26,1.815
2.1029,46.0,3.732558139534884,1.1744186046511629,401.0,4.662790697674419,34.06,-118.2,1.094
6.3767,24.0,6.37987012987013,1.073051948051948,1831.0,2.9724025974025974,33.67,-117.81,2.69
5.136,15.0,9.466666666666669,1.3777777777777778,133.0,2.955555555555556,33.52,-117.55,4.474
2.9643,38.0,3.7400346620450606,1.0086655112651646,1061.0,1.8388214904679376,34.09,-118.36,3.553
2.7409,41.0,4.513978494623656,1.0150537634408603,1369.0,2.944086021505376,34.05,-118.34,1.671
4.6863,4.0,5.204113924050633,1.1518987341772151,1345.0,2.1281645569620253,33.56,-117.67,1.844
2.6538,31.0,3.357142857142857,1.0357142857142858,997.0,3.237012987012987,34.41,-119.71,2.318
3.5652,14.0,6.838983050847458,1.38135593220339,1000.0,2.824858757062147,39.32,-120.17,1.198
15.0001,35.0,8.586206896551724,1.0689655172413792,268.0,9.241379310344827,34.13,-118.04,5.00001
6.244,31.0,6.828947368421052,0.9429824561403508,1121.0,2.458333333333333,38.62,-121.31,2.4
4.4964,27.0,6.096551724137931,1.1137931034482758,1837.0,3.1672413793103447,34.28,-118.7,2.383
4.0813,24.0,6.0553097345132745,1.0564159292035398,3020.0,3.34070796460177,32.72,-117.04,1.37
1.7929,14.0,4.085653104925053,1.0364025695931478,1195.0,2.558886509635974,39.16,-123.2,0.823
2.1383,30.0,4.997549019607843,1.0866013071895424,2768.0,2.261437908496732,36.78,-119.76,0.788
4.0581,7.0,7.054014598540146,1.235036496350365,3617.0,2.64014598540146,35.2,-118.66,1.629
4.2679,33.0,5.7566462167689165,0.9918200408997956,1447.0,2.9591002044989776,34.68,-118.14,1.196
4.5263,33.0,6.552380952380952,1.0285714285714285,1384.0,4.393650793650794,33.79,-117.99,1.69
1.7159,43.0,4.121580547112462,1.012158054711246,796.0,2.419452887537994,34.02,-118.36,1.897
2.1406,16.0,4.958333333333333,1.0148809523809523,479.0,1.425595238095238,33.69,-117.77,0.55
4.5052,52.0,4.94228356336261,1.06900878293601,1737.0,2.179422835633626,37.77,-122.45,5.00001
3.1875,9.0,3.788808664259928,1.128158844765343,1252.0,2.259927797833935,34.15,-118.13,1.731
2.5385,33.0,3.0518672199170123,0.9356846473029046,2272.0,4.713692946058091,33.96,-118.15,1.609
6.3215,4.0,7.2110091743119265,1.0642201834862386,368.0,3.376146788990826,37.33,-120.46,1.382
3.099,30.0,5.688559322033898,1.125,2778.0,2.942796610169492,34.83,-117.15,0.668
2.0348,17.0,2.6659815005138747,1.0565262076053443,3950.0,4.059609455292908,34.2,-118.39,1.772
3.0875,26.0,4.725543478260869,1.0923913043478262,599.0,1.627717391304348,34.44,-119.83,1.984
4.8419,15.0,6.112259970457902,0.9394387001477104,2001.0,2.955686853766617,32.83,-117.09,2.64
3.0877,47.0,4.184782608695652,0.998447204968944,1505.0,2.3369565217391304,37.78,-122.49,3.291
6.3088,6.0,7.038608400509122,1.1438268985999152,6223.0,2.640220619431481,33.48,-117.7,3.403
1.0648,39.0,4.216901408450704,1.0788732394366196,1182.0,3.3295774647887324,35.38,-118.98,0.5
2.6964,29.0,5.059171597633136,1.1775147928994083,785.0,4.644970414201183,34.05,-118.19,1.222
3.1989,52.0,4.295049504950495,1.0336633663366337,1220.0,2.415841584158416,37.78,-122.47,4.469
6.7058,44.0,6.335429769392033,0.9916142557651992,1235.0,2.589098532494759,37.47,-122.27,4.959
4.2149,42.0,4.933806146572104,0.950354609929078,1342.0,3.1725768321513,37.36,-121.88,1.99
4.5347,12.0,6.504098360655738,1.0655737704918034,1590.0,3.258196721311476,36.93,-119.88,1.012
5.3272,46.0,5.748995983935743,1.0301204819277108,1412.0,2.835341365461848,34.16,-118.1,3.302
5.273,35.0,5.882783882783883,1.0586080586080586,829.0,3.0366300366300365,33.92,-118.01,1.876
2.506,25.0,3.374717832957111,1.0474040632054176,5217.0,2.944130925507901,34.14,-118.25,1.845
5.0821,4.0,4.014634146341463,0.9951219512195122,853.0,2.080487804878049,37.44,-121.9,2.655
2.9886,21.0,5.097130242825607,0.93598233995585,1047.0,2.3112582781456954,36.31,-119.32,0.875
2.5035,20.0,4.484782608695652,1.056521739130435,1045.0,2.2717391304347827,38.32,-122.3,1.532
2.0242,36.0,4.967105263157895,1.0328947368421053,625.0,4.1118421052631575,34.06,-117.33,0.65
2.1522,31.0,5.5422343324250685,1.2098092643051772,1097.0,2.989100817438692,34.94,-117.19,0.608
5.0072,44.0,5.914835164835165,1.03021978021978,947.0,2.601648351648352,33.79,-118.13,2.362
5.6501,4.0,6.162349968414403,1.104232469993683,4662.0,2.9450410612760582,33.97,-117.74,2.549
6.5356,15.0,5.233333333333333,0.9733333333333334,747.0,1.66,33.66,-117.83,2.728
2.5952,19.0,5.2384615384615385,1.0794871794871794,1018.0,2.6102564102564103,39.1,-121.48,0.924
1.7375,37.0,3.3127705627705626,1.0064935064935066,2556.0,2.7662337662337664,37.88,-122.34,3.5
3.7102,34.0,5.729508196721311,0.9098360655737704,532.0,2.180327868852459,32.8,-117.21,2.896
6.0829,17.0,6.506079027355623,1.0265957446808511,3822.0,2.904255319148936,33.88,-117.79,2.526
2.375,41.0,3.72289156626506,1.0120481927710845,747.0,1.8,32.76,-117.13,1.544
3.2792,32.0,4.657894736842105,1.0160183066361557,1900.0,2.1739130434782608,34.27,-119.24,2.205
5.6428,43.0,4.980582524271845,0.9514563106796116,266.0,2.5825242718446604,34.01,-118.46,3.431
1.5714,31.0,4.639908256880734,1.0756880733944951,1073.0,2.4610091743119265,39.5,-121.57,0.561
1.775,40.0,2.6875,1.0653409090909092,700.0,1.9886363636363635,37.82,-122.27,1.125
2.575,20.0,4.788018433179723,1.0952380952380951,4584.0,2.3471582181259603,35.35,-119.06,0.699
5.6169,35.0,5.308139534883721,0.936046511627907,451.0,2.622093023255814,33.97,-118.4,4.112
6.6264,25.0,7.226993865030675,1.012269938650307,937.0,2.874233128834356,33.78,-118.05,3.591
3.7655,26.0,4.352494577006508,1.0683297180043383,2442.0,2.648590021691974,33.82,-117.97,1.977
5.9499,25.0,5.134275618374558,0.9575971731448764,695.0,2.45583038869258,33.92,-118.4,3.458
4.6141,4.0,4.798029556650246,1.1428571428571428,428.0,2.1083743842364533,33.71,-117.78,1.954
3.7736,32.0,4.343283582089552,1.0582089552238807,2583.0,3.855223880597015,34.07,-117.96,1.584
2.3167,31.0,5.980645161290322,1.1774193548387095,883.0,2.8483870967741933,40.57,-123.96,0.926
5.6889,33.0,7.150313152400835,1.0668058455114822,1528.0,3.189979123173277,32.66,-117.06,2.346
5.9285,17.0,6.513064133016627,1.0475059382422802,986.0,2.342042755344418,37.45,-122.26,4.96
0.8952,9.0,4.0,1.1403508771929824,438.0,3.842105263157895,33.94,-118.28,0.813
5.7962,33.0,4.963133640552996,0.9331797235023042,1655.0,3.813364055299539,37.39,-122.0,2.298
5.3637,28.0,6.693486590038314,1.0842911877394636,1391.0,2.664750957854406,34.11,-117.74,2.147
2.4408,32.0,4.457207207207207,1.1058558558558558,954.0,2.1486486486486487,33.95,-117.4,1.173
1.75,43.0,4.053571428571429,1.0357142857142858,1005.0,4.486607142857143,34.04,-118.17,1.34
4.0417,25.0,4.911931818181818,1.088068181818182,769.0,2.184659090909091,37.53,-122.33,4.585
3.375,30.0,3.992327365728901,0.9744245524296676,1104.0,2.823529411764706,33.83,-117.93,2.019
3.0352,41.0,5.400900900900901,1.009009009009009,1143.0,2.574324324324324,37.97,-121.26,0.698
2.4464,42.0,3.770114942528736,1.1494252873563218,605.0,6.954022988505747,33.92,-118.24,0.974
3.755,40.0,3.876543209876543,1.0776014109347445,1023.0,1.804232804232804,34.01,-118.48,3.983
4.0603,21.0,4.580993520518359,0.961123110151188,2211.0,4.775377969762419,34.96,-120.45,1.176
5.2416,37.0,5.349081364829396,0.994750656167979,837.0,2.1968503937007875,33.62,-117.92,4.713
4.2321,30.0,5.151442307692308,1.0264423076923077,1107.0,2.6610576923076925,34.1,-118.05,2.522
4.8105,23.0,6.17769130998703,1.073929961089494,2198.0,2.850843060959793,34.42,-119.28,3.13
5.1491,33.0,6.228843861740167,0.9928486293206198,2221.0,2.647199046483909,32.81,-117.19,2.07
5.5,46.0,5.443956043956044,1.0065934065934066,1034.0,2.2725274725274724,34.1,-117.72,2.897
2.6607,52.0,3.123134328358209,1.11318407960199,1202.0,1.4950248756218905,37.79,-122.42,0.875
2.4567,43.0,5.006578947368421,1.0723684210526316,1456.0,2.394736842105264,35.62,-120.69,1.4
5.1345,27.0,5.5,0.9741784037558684,1537.0,3.607981220657277,33.75,-117.98,2.106
5.7759,5.0,5.495833333333334,1.0854166666666667,1179.0,2.45625,33.67,-117.8,2.4
2.9315,46.0,5.135265700483092,0.9879227053140096,1292.0,3.1207729468599035,33.98,-118.34,1.49
3.3594,28.0,5.729903536977492,1.0739549839228295,873.0,2.807073954983923,40.2,-122.17,0.791
4.7222,36.0,5.712,1.072,825.0,3.3,33.84,-118.3,2.396
3.4,44.0,4.688235294117647,1.1441176470588237,832.0,2.447058823529412,34.18,-118.32,2.121
3.375,48.0,4.790836653386454,1.049800796812749,1868.0,3.721115537848605,34.05,-118.33,2.578
1.825,37.0,3.777089783281734,1.0061919504643964,1472.0,4.557275541795666,32.71,-117.13,0.815
9.8708,24.0,8.377464788732395,1.0394366197183098,1997.0,2.812676056338028,37.83,-122.03,5.00001
2.5658,45.0,4.806315789473684,1.071578947368421,1093.0,2.3010526315789472,34.05,-118.36,2.52
3.1771,52.0,4.8279069767441865,1.0232558139534884,482.0,2.2418604651162792,37.77,-122.25,2.102
5.6254,35.0,5.639810426540285,0.957345971563981,1212.0,2.872037914691944,33.87,-118.32,2.838
5.4496,17.0,6.180989978742788,1.0607348921955664,8768.0,2.662617673853629,37.68,-121.73,2.389
2.7396,7.0,6.548076923076923,1.2019230769230769,485.0,4.663461538461538,34.59,-117.92,1.256
8.8742,31.0,5.692946058091287,1.0943983402489628,1938.0,2.0103734439834025,33.6,-117.88,5.00001
1.8625,32.0,3.399568034557235,0.9654427645788336,1772.0,3.827213822894168,34.95,-120.45,0.902
2.8333,15.0,3.708955223880597,1.1074626865671642,1994.0,2.976119402985075,34.23,-118.36,1.832
2.7958,32.0,5.063260340632604,1.1484184914841848,1342.0,3.265206812652068,37.95,-121.23,0.59
2.8565,12.0,4.863881401617251,0.9595687331536388,2650.0,3.571428571428572,37.73,-120.95,0.927
5.1645,26.0,5.48,0.9818181818181818,931.0,3.3854545454545453,33.88,-118.08,2.449
4.9318,6.0,5.7944078947368425,1.0921052631578947,1705.0,2.804276315789474,37.7,-122.44,2.581
4.4531,33.0,4.835978835978836,1.0476190476190477,766.0,2.0264550264550265,37.45,-122.17,5.00001
2.15,15.0,4.060975609756097,0.926829268292683,247.0,1.5060975609756098,32.8,-117.09,1.313
4.25,10.0,5.301397205588822,1.0099800399201595,1349.0,2.6926147704590817,35.61,-117.64,0.832
4.4125,12.0,6.864406779661017,1.1404358353510895,1399.0,3.387409200968523,35.41,-119.19,1.49
1.4178,42.0,3.0417582417582416,1.0065934065934066,1825.0,4.010989010989011,34.02,-118.14,1.455
2.3618,38.0,5.074866310160428,1.0160427807486632,578.0,3.090909090909091,36.64,-119.39,0.8
3.402,23.0,5.179948586118252,1.044987146529563,1852.0,2.380462724935733,38.25,-122.65,1.933
2.1458,22.0,5.287610619469026,1.0707964601769913,1131.0,2.502212389380531,40.71,-122.4,0.847
2.9201,32.0,3.7255244755244754,1.0926573426573427,1229.0,2.1486013986013988,37.79,-122.55,3.222
4.2708,27.0,6.289544235924933,1.0697050938337802,1105.0,2.962466487935657,32.83,-117.18,1.828
4.3882,29.0,5.0618181818181816,1.058181818181818,1278.0,2.323636363636364,33.96,-118.11,2.616
2.8039,21.0,3.984918307498953,1.0724759111855886,7282.0,3.0506912442396312,34.21,-118.6,2.275
2.5719,35.0,5.133738601823708,1.127659574468085,1475.0,4.4832826747720365,36.5,-119.26,0.743
5.6488,25.0,6.2253668763102725,1.0366876310272537,3275.0,3.432914046121593,37.25,-121.84,2.346
1.8086,38.0,3.5,1.111940298507463,1783.0,4.435323383084577,33.99,-118.27,0.971
3.4009,22.0,6.2148337595907925,1.0664961636828645,1292.0,3.3043478260869565,37.76,-121.25,1.824
1.74,28.0,6.158892128279883,1.217201166180758,1908.0,2.7813411078717203,41.86,-121.93,0.44
3.125,39.0,3.745614035087719,1.0614035087719298,389.0,1.706140350877193,37.81,-122.25,2.375
3.7318,43.0,4.13,1.07,1029.0,2.058,37.39,-122.09,3.277
1.4511,46.0,5.230769230769231,1.120879120879121,476.0,5.230769230769231,34.06,-117.32,0.731
2.7593,23.0,4.391117478510028,1.0358166189111748,2042.0,2.9255014326647566,34.34,-119.08,1.948
3.1711,35.0,6.147388059701493,1.044776119402985,1454.0,2.712686567164179,38.59,-121.31,1.019
2.6094,20.0,6.802631578947368,1.355263157894737,647.0,2.837719298245614,38.03,-120.39,1.391
3.017,31.0,5.036559139784946,0.9440860215053763,1411.0,3.034408602150537,36.55,-119.38,0.72
1.4732,28.0,4.96078431372549,0.9803921568627452,201.0,3.941176470588236,38.03,-121.16,1.563
6.2871,26.0,7.009174311926605,1.073394495412844,607.0,2.7844036697247705,33.45,-117.64,3.255
8.4693,26.0,6.993079584775087,1.0224913494809689,1611.0,2.78719723183391,37.52,-122.32,4.192
2.125,8.0,4.827586206896552,0.9655172413793104,84.0,2.896551724137931,39.71,-121.78,1.792
4.5673,45.0,4.287878787878788,1.018939393939394,654.0,2.477272727272727,33.99,-118.45,3.431
5.0062,30.0,5.715025906735751,1.116580310880829,2168.0,2.8082901554404147,37.27,-121.91,2.32
4.875,26.0,5.42911877394636,1.011494252873563,817.0,3.1302681992337167,33.69,-117.95,2.304
5.0719,36.0,6.3247863247863245,1.0455840455840455,1002.0,2.8547008547008548,33.84,-118.16,2.195
7.6344,14.0,7.662068965517242,0.9793103448275862,472.0,3.255172413793104,32.65,-117.03,2.905
2.5735,31.0,4.622425629290618,1.0892448512585813,1408.0,3.2219679633867275,38.43,-122.72,1.311
1.9875,30.0,5.005763688760807,1.0979827089337175,1177.0,3.3919308357348705,37.96,-121.22,0.564
5.5136,19.0,6.62992125984252,1.0,1176.0,3.0866141732283463,34.18,-117.3,1.371
2.075,43.0,4.624641833810888,1.146131805157593,926.0,2.653295128939828,34.1,-117.44,0.951
15.0001,43.0,5.6875,0.75,58.0,3.625,37.46,-121.87,5.00001
3.2024,30.0,4.882252559726963,1.046075085324232,2065.0,3.523890784982936,34.4,-118.91,1.761
4.125,29.0,5.373313343328336,1.0674662668665666,1619.0,2.427286356821589,33.01,-117.32,3.944
3.0862,35.0,4.6978967495219885,1.0554493307839388,1159.0,2.216061185468451,34.05,-118.37,3.453
1.951,17.0,3.83845126835781,1.081441922563418,1876.0,2.504672897196261,38.67,-121.79,1.525
5.6958,15.0,6.057840616966581,0.988431876606684,2519.0,3.2377892030848328,37.23,-121.77,2.538
2.6637,14.0,3.925438596491228,1.0789473684210529,1933.0,2.119517543859649,35.34,-119.05,1.75
4.8409,29.0,5.105809128630705,1.1099585062240664,1236.0,2.564315352697096,33.91,-118.35,2.44
2.57,52.0,4.202185792349726,1.1256830601092895,612.0,3.344262295081968,37.77,-122.23,0.72
5.6263,39.0,5.689280868385346,1.033921302578019,1833.0,2.4871099050203527,37.97,-122.54,3.521
8.4375,47.0,8.03448275862069,1.4396551724137931,295.0,2.543103448275862,37.42,-122.19,5.00001
5.3261,38.0,6.267515923566879,1.089171974522293,429.0,2.732484076433121,37.53,-122.3,3.768
3.0536,34.0,4.620087336244541,1.004366812227074,1043.0,4.554585152838428,34.05,-118.04,1.375
2.3611,41.0,4.561001042752868,1.0834202294056308,2387.0,2.489051094890511,38.74,-121.3,0.879
3.8598,14.0,5.684536082474227,0.9371134020618556,2819.0,2.906185567010309,37.69,-120.97,1.744
3.75,42.0,4.747787610619469,0.9734513274336284,804.0,3.557522123893805,34.21,-118.35,1.726
4.1951,32.0,5.169977924944813,1.2582781456953642,1445.0,3.1898454746136866,33.77,-117.89,1.95
3.6548,29.0,4.643454038997215,0.9916434540389972,2919.0,4.065459610027856,34.3,-118.42,1.803
3.0089,40.0,5.246543778801843,1.1705069124423964,1718.0,3.95852534562212,37.34,-121.86,1.852
5.5919,17.0,5.994227994227995,1.0663780663780664,2149.0,3.101010101010101,37.08,-122.0,3.734
3.5603,52.0,4.904306220095694,1.0263157894736843,957.0,2.289473684210526,34.09,-118.25,2.1
4.74,42.0,5.105540897097625,1.0237467018469657,1136.0,2.9973614775725594,33.9,-118.36,2.3
3.8233,36.0,5.18974358974359,1.0461538461538462,1030.0,2.641025641025641,32.75,-117.05,1.398
1.9402,43.0,2.8190709046454767,1.0048899755501222,1667.0,4.075794621026895,34.05,-118.22,1.393
2.5694,42.0,6.097922848664688,1.2551928783382789,2147.0,3.185459940652819,37.74,-122.39,2.01
1.6901,36.0,4.344827586206897,1.0883620689655171,1807.0,3.894396551724138,33.99,-118.26,1.035
3.4605,45.0,4.576119402985075,0.9880597014925372,791.0,2.361194029850746,33.84,-118.17,1.866
2.0205,33.0,3.0537918871252203,1.031746031746032,1845.0,1.626984126984127,34.09,-118.36,2.438
1.6402,24.0,4.53427065026362,1.0615114235500878,982.0,1.7258347978910369,33.23,-117.32,1.693
1.5817,52.0,5.43801652892562,1.1735537190082646,875.0,2.4104683195592287,37.85,-122.27,1.536
3.0263,29.0,3.948207171314741,1.00199203187251,1426.0,2.840637450199204,33.76,-118.0,1.942
5.5551,9.0,6.709507042253521,1.0651408450704225,1518.0,2.672535211267605,35.55,-117.68,1.425
4.2344,52.0,4.1656441717791415,0.8098159509202454,483.0,2.96319018404908,34.12,-118.19,1.625
0.9838,36.0,5.017751479289941,1.1005917159763314,737.0,4.3609467455621305,34.09,-117.27,0.793
5.2742,23.0,6.254054054054054,0.918918918918919,2002.0,3.6072072072072072,34.23,-119.06,2.575
5.9771,37.0,6.088495575221239,1.0486725663716814,618.0,2.734513274336283,34.22,-118.23,4.318
2.6522,35.0,5.01360544217687,0.9897959183673468,709.0,2.4115646258503403,36.79,-119.82,0.659
2.2167,40.0,6.101123595505618,1.1348314606741574,259.0,2.9101123595505616,37.73,-122.38,1.938
3.1364,38.0,4.377215189873418,0.9974683544303796,801.0,2.027848101265823,34.44,-119.73,3.575
1.55,46.0,4.553892215568863,1.0538922155688624,1100.0,3.2934131736526946,33.97,-118.26,1.006
5.0524,18.0,5.187869822485207,1.051775147928994,1224.0,1.8106508875739644,37.91,-122.38,2.698
11.6648,27.0,8.920833333333333,1.0833333333333333,635.0,2.645833333333333,33.79,-118.44,5.00001
3.9816,10.0,4.735235567352356,1.1220968812209688,2959.0,1.9635036496350364,37.96,-122.06,1.82
2.8056,35.0,5.262295081967213,1.1639344262295082,157.0,2.5737704918032787,33.93,-116.61,0.681
2.3333,31.0,3.983416252072968,1.0480928689883913,2830.0,4.693200663349917,34.08,-118.02,1.642
2.7794,52.0,3.490415335463259,1.047923322683706,1266.0,2.022364217252396,37.77,-122.42,3.5
3.055,6.0,5.528,1.0346666666666666,826.0,2.2026666666666666,38.52,-122.76,2.241
3.35,18.0,5.7106382978723405,1.0184397163120569,1731.0,2.4553191489361703,40.49,-122.31,1.184
3.8583,11.0,5.186653771760155,1.1218568665377175,2783.0,2.691489361702128,34.24,-118.46,1.707
4.0,20.0,6.983333333333333,1.0958333333333334,786.0,3.275,36.86,-119.69,1.646
3.8343,38.0,5.355223880597015,1.0417910447761194,810.0,2.417910447761194,37.94,-122.31,1.914
2.0,43.0,2.496732026143791,1.0522875816993464,1275.0,4.166666666666667,34.07,-118.25,1.75
4.0848,8.0,6.350393700787402,1.0918635170603674,1977.0,2.594488188976378,39.13,-121.07,1.559
5.1629,20.0,6.178787878787879,1.1303030303030304,862.0,2.6121212121212123,37.73,-121.46,2.229
2.9871,52.0,3.724637681159421,1.046583850931677,2062.0,2.1345755693581783,37.79,-122.41,3.8
1.9375,52.0,4.209677419354839,0.989247311827957,488.0,2.6236559139784945,37.8,-122.23,1.266
1.7756,19.0,5.009708737864078,1.0323624595469256,1227.0,3.970873786407767,37.28,-120.47,0.733
2.5321,37.0,4.344827586206897,1.030852994555354,2499.0,4.535390199637024,33.89,-118.2,1.051
9.6062,18.0,8.304878048780488,1.016260162601626,702.0,2.8536585365853657,33.66,-117.93,4.147
5.0,31.0,10.821428571428571,2.0892857142857144,1408.0,2.793650793650793,34.22,-117.21,1.611
5.8127,34.0,5.424,0.9573333333333334,1016.0,2.7093333333333334,37.31,-121.98,2.883
5.2079,21.0,5.46089850249584,1.086522462562396,1398.0,2.3261231281198005,37.89,-122.1,3.103
1.9152,48.0,4.443624868282402,1.1538461538461535,3298.0,3.475237091675448,34.01,-118.3,1.223
3.9617,6.0,6.910372608257805,1.1424974823766365,5860.0,2.9506545820745216,33.57,-117.23,1.83
10.2264,45.0,3.1666666666666665,0.8333333333333334,7460.0,1243.3333333333333,38.32,-121.98,1.375
3.9643,52.0,4.797979797979798,1.02020202020202,467.0,2.3585858585858586,37.84,-122.26,1.888
2.6771,23.0,3.748453608247423,1.0762886597938144,958.0,1.975257731958763,33.74,-117.83,1.315
2.16,39.0,3.708860759493671,1.018987341772152,606.0,1.9177215189873416,34.42,-119.71,2.591
3.9628,29.0,5.862068965517241,1.0830721003134796,1724.0,2.702194357366772,33.84,-118.01,2.156
2.0089,44.0,4.461240310077519,1.0193798449612403,518.0,2.007751937984496,38.56,-121.48,1.136
3.1312,22.0,4.575320512820513,1.0689102564102564,2453.0,3.931089743589744,33.88,-117.53,0.91
3.3456,11.0,3.895022624434389,1.1266968325791855,1960.0,1.7737556561085972,32.75,-117.23,1.598
2.2188,20.0,5.739795918367347,1.1785714285714286,521.0,2.6581632653061225,39.14,-122.88,1.063
2.1418,13.0,4.620558375634518,1.1383248730964468,1737.0,2.204314720812183,37.32,-120.48,1.306
6.396,35.0,5.863636363636363,0.9829545454545454,453.0,2.573863636363636,37.62,-122.04,2.085
2.2449,30.0,7.508038585209003,1.167202572347267,1214.0,3.9035369774919615,34.13,-117.33,0.932
6.4752,42.0,5.225726141078838,1.0846473029045642,2096.0,1.7394190871369295,37.85,-122.48,5.00001
2.9688,42.0,4.536931818181818,1.0596590909090908,1311.0,3.7244318181818175,34.08,-118.03,1.628
15.0001,32.0,8.84504132231405,1.0351239669421488,1318.0,2.7231404958677685,37.44,-122.22,5.00001
5.6875,14.0,6.170871559633028,0.9988532110091743,2296.0,2.63302752293578,37.98,-122.09,2.11
3.0718,52.0,5.068965517241379,1.1130268199233715,1128.0,2.160919540229885,37.76,-122.24,2.667
1.8375,36.0,4.7206266318537855,1.0026109660574412,807.0,2.107049608355092,40.58,-122.38,0.748
4.0061,30.0,5.3241525423728815,1.0084745762711864,1611.0,3.413135593220339,33.85,-117.97,1.829
7.508,52.0,7.994318181818182,1.036931818181818,878.0,2.4943181818181817,37.81,-122.23,3.487
2.2122,30.0,3.478313253012048,1.0433734939759036,2806.0,3.3807228915662653,33.97,-118.18,1.694
3.8565,39.0,4.962795941375423,1.007891770011274,2941.0,3.3156708004509583,37.65,-122.42,2.398
3.3095,33.0,5.474120082815735,0.9503105590062112,1113.0,2.3043478260869565,41.74,-122.64,0.813
5.1923,44.0,6.403614457831325,1.2740963855421688,745.0,2.2439759036144578,33.61,-117.89,5.00001
2.13,25.0,4.337301587301587,1.0396825396825398,893.0,3.543650793650793,36.1,-119.56,0.508
1.68,32.0,4.375224416517056,1.0628366247755834,1596.0,2.865350089766607,38.51,-121.46,0.841
3.4028,17.0,5.938704028021016,1.0910683012259197,1529.0,2.677758318739054,40.29,-120.54,0.91
2.6736,52.0,3.692934782608696,1.0733695652173914,521.0,1.4157608695652173,34.0,-118.48,5.00001
4.1806,44.0,6.470046082949309,1.055299539170507,513.0,2.3640552995391704,32.74,-117.23,2.638
2.945,52.0,4.27456647398844,1.0404624277456649,652.0,1.884393063583815,34.08,-118.38,4.314
4.5321,14.0,5.643300798580301,1.0967169476486247,2876.0,2.551907719609583,38.07,-122.16,1.903
6.1133,34.0,6.873417721518988,1.2468354430379749,509.0,3.221518987341772,33.85,-118.36,3.493
7.4056,26.0,8.044230769230769,1.0365384615384616,1504.0,2.892307692307692,33.68,-117.94,3.742
3.9167,34.0,5.85140562248996,0.9718875502008032,735.0,2.9518072289156625,37.63,-122.09,1.895
1.1522,24.0,6.433155080213904,1.6577540106951871,594.0,3.176470588235294,34.13,-117.24,0.875
4.7679,25.0,4.275132275132275,0.8624338624338624,1066.0,5.64021164021164,33.74,-117.9,1.731
3.6477,15.0,8.33495145631068,1.6310679611650485,501.0,2.4320388349514563,40.3,-121.09,1.134
3.825,48.0,6.168421052631579,1.0789473684210529,497.0,2.6157894736842104,33.99,-118.34,1.83
2.2375,19.0,4.742105263157895,0.963157894736842,700.0,3.684210526315789,36.94,-120.06,0.643
3.3125,44.0,5.033519553072626,1.0,473.0,2.642458100558659,34.18,-118.38,1.864
1.75,49.0,5.552631578947368,1.3421052631578947,560.0,3.684210526315789,37.81,-122.29,0.75
1.9779,15.0,5.79149377593361,1.191908713692946,2709.0,2.8101659751037342,34.15,-116.39,0.733
4.6864,35.0,6.450495049504951,1.1064356435643563,1555.0,3.849009900990099,34.29,-118.44,1.938
2.2566,42.0,5.272232304900181,1.0181488203266789,1457.0,2.644283121597096,37.32,-121.03,0.821
3.0433,21.0,5.23208722741433,1.0545171339563864,1908.0,2.97196261682243,39.45,-123.64,1.407
4.3,41.0,5.445468509984639,1.0721966205837177,1221.0,1.87557603686636,34.15,-118.36,5.00001
3.858,24.0,7.662162162162162,1.114864864864865,847.0,2.8614864864864864,38.47,-122.65,2.144
4.2149,42.0,4.933806146572104,0.950354609929078,1342.0,3.1725768321513,37.36,-121.88,1.99
5.3473,41.0,6.089171974522293,0.9808917197452228,896.0,2.853503184713376,34.23,-118.24,3.527
12.3767,27.0,7.737037037037037,1.1222222222222222,654.0,2.422222222222222,34.12,-118.42,5.00001
4.0074,30.0,5.823439878234399,1.051750380517504,1656.0,2.52054794520548,34.46,-119.26,4.347
4.7222,20.0,5.164456233421751,1.013262599469496,3273.0,2.893899204244032,34.04,-118.08,1.851
1.6611,48.0,4.975247524752476,1.1014851485148516,1208.0,2.99009900990099,33.98,-118.3,0.958
3.233,25.0,4.633587786259542,1.0729431721798135,3010.0,2.553011026293469,33.79,-118.16,1.991
5.0869,23.0,6.419540229885057,1.132183908045977,1535.0,2.9406130268199235,34.02,-117.8,2.306
5.64,27.0,5.833865814696486,0.987220447284345,1016.0,3.246006389776358,37.62,-122.08,2.065
5.234,15.0,6.533169533169533,0.972972972972973,1159.0,2.847665847665848,39.15,-121.64,1.249
1.3221,30.0,5.383529411764706,1.1152941176470588,1435.0,3.376470588235294,36.81,-119.88,0.612
2.25,32.0,4.851612903225806,1.0258064516129033,524.0,3.3806451612903228,36.11,-119.59,0.5
3.5333,15.0,3.559498956158664,0.9979123173277662,759.0,1.5845511482254695,33.9,-117.88,1.144
2.182,15.0,6.047482014388489,1.3899280575539568,1756.0,2.5266187050359714,34.18,-116.29,0.608
0.9589,47.0,3.1724137931034484,0.9252873563218392,593.0,3.4080459770114944,32.7,-117.14,0.9
4.693,11.0,5.873096446700508,1.0507614213197969,2760.0,2.802030456852792,34.23,-119.01,2.322
5.4903,23.0,6.013921113689095,0.9605568445475638,1401.0,3.250580046403712,32.85,-117.01,1.514
6.0878,26.0,5.647058823529412,0.9019607843137256,1105.0,3.095238095238096,37.47,-121.92,2.469
2.2437,9.0,4.114213197969543,1.0862944162436547,678.0,1.7208121827411167,36.73,-119.73,0.542
3.6815,43.0,6.516129032258065,1.1096774193548389,692.0,2.232258064516129,34.95,-120.43,1.818
6.6478,21.0,7.030921052631579,1.013157894736842,4552.0,2.994736842105264,37.55,-121.95,3.334
4.3333,15.0,11.024561403508772,2.168421052631579,725.0,2.543859649122807,38.76,-120.02,1.214
2.3261,20.0,3.412621359223301,1.0024271844660195,850.0,2.063106796116505,32.75,-117.12,1.146
3.2917,42.0,8.062893081761006,1.2452830188679245,451.0,2.836477987421384,39.1,-121.83,0.979
3.8512,47.0,5.280112044817927,1.011204481792717,954.0,2.672268907563025,33.96,-118.32,1.713
12.8665,37.0,7.4575645756457565,1.0129151291512914,1318.0,2.4317343173431736,34.07,-118.48,5.00001
2.3382,11.0,5.568548387096774,1.2096774193548387,644.0,2.596774193548387,33.96,-116.48,0.894
6.1648,35.0,5.850574712643678,0.971264367816092,484.0,2.781609195402299,37.25,-121.96,3.719
5.2145,28.0,6.807407407407408,1.011111111111111,899.0,3.329629629629629,37.96,-121.96,2.292
4.45,15.0,5.047218628719276,1.036869340232859,2957.0,1.91267787839586,37.93,-122.05,1.849
5.3638,3.0,6.444695259593679,1.0372460496613995,2874.0,3.2437923250564333,34.14,-117.55,2.063
5.0635,16.0,6.573816155988858,0.9888579387186628,1034.0,2.8802228412256268,36.83,-119.77,1.085
2.875,13.0,6.490259740259741,1.2175324675324677,750.0,2.435064935064935,37.46,-119.72,0.96
4.0458,12.0,5.253073770491803,1.022540983606557,2749.0,2.8165983606557377,38.32,-121.96,1.306
5.0483,35.0,4.985915492957746,1.019718309859155,1083.0,3.0507042253521126,34.2,-118.56,2.21
4.4674,18.0,4.613899613899614,1.1505791505791505,1886.0,1.8204633204633205,34.05,-118.44,5.00001
1.4663,38.0,3.810725552050473,1.0126182965299684,1225.0,3.864353312302839,34.11,-117.31,0.64
5.5101,35.0,6.13968253968254,0.9746031746031746,905.0,2.873015873015873,34.19,-118.62,2.674
3.337,29.0,4.212074303405573,1.0557275541795663,1602.0,2.4798761609907123,37.29,-121.97,2.653
1.2412,36.0,2.186111111111111,1.1666666666666667,1506.0,4.183333333333334,34.09,-118.31,2.167
1.6033,19.0,5.699453551912568,1.1147540983606556,505.0,2.759562841530055,40.58,-122.3,0.988
4.7393,23.0,4.960328317373461,1.0930232558139534,2321.0,3.1751025991792066,33.84,-118.29,2.379
2.0272,18.0,4.546985815602837,1.0381205673758864,3622.0,3.2109929078014185,37.68,-121.04,0.927
2.1382,21.0,3.7083333333333335,1.0580357142857142,1699.0,2.5282738095238093,33.73,-118.29,2.423
3.5227,8.0,6.779245283018868,1.2433962264150944,1710.0,3.2264150943396226,38.48,-121.46,0.931
4.6912,50.0,4.87984496124031,0.9825581395348836,979.0,1.8972868217054264,37.76,-122.45,5.00001
3.5625,27.0,4.0551378446115285,1.0426065162907268,2230.0,2.7944862155388472,37.36,-121.95,2.086
3.6648,34.0,4.297539149888143,0.9440715883668904,1230.0,2.751677852348993,34.06,-117.94,1.939
2.7864,22.0,4.859832635983263,1.5209205020920502,1301.0,2.721757322175732,34.38,-119.53,3.0
3.0727,31.0,4.197685631629701,1.077145612343298,2338.0,2.254580520732884,34.14,-118.03,2.426
3.5125,44.0,4.602605863192182,0.970684039087948,1200.0,3.908794788273616,33.94,-118.2,1.693
3.0577,13.0,6.056085918854415,1.1670644391408114,3033.0,3.619331742243437,37.65,-120.94,1.19
5.5,30.0,6.004651162790697,1.069767441860465,835.0,3.883720930232558,33.79,-118.26,1.815
6.981,31.0,6.645833333333333,1.01875,1362.0,2.8375,34.21,-118.33,4.029
6.207,43.0,6.188405797101449,1.0144927536231885,768.0,2.782608695652174,34.18,-118.23,4.574
5.1893,34.0,6.307865168539326,1.09438202247191,1152.0,2.58876404494382,37.76,-122.47,4.203
5.8747,17.0,6.493421052631579,0.9342105263157896,463.0,3.046052631578948,33.03,-117.08,2.293
2.2857,14.0,2.4413145539906105,1.3708920187793427,282.0,1.323943661971831,34.06,-118.44,5.00001
3.1942,24.0,5.628828828828829,1.0018018018018018,1512.0,2.7243243243243245,38.69,-121.44,0.949
5.2206,6.0,5.749529190207157,1.0677966101694916,3246.0,3.056497175141243,34.28,-118.91,2.802
2.7917,48.0,6.447115384615385,1.1490384615384617,671.0,3.2259615384615383,36.79,-120.04,0.828
4.0833,29.0,5.053003533568905,0.9646643109540636,872.0,3.081272084805654,33.97,-117.53,1.41
3.2237,31.0,4.65792759051186,1.0649188514357053,2313.0,2.8876404494382024,33.92,-118.14,2.182
5.6683,24.0,6.080882352941177,1.0073529411764706,1891.0,3.4761029411764706,37.41,-121.87,2.487
1.6111,13.0,4.35064935064935,1.155844155844156,247.0,3.207792207792208,37.8,-121.22,0.741
5.0323,30.0,6.295264623955432,1.041782729805014,958.0,2.668523676880223,38.35,-122.76,2.224
6.907,16.0,6.644539614561028,1.032119914346895,1567.0,3.355460385438972,34.3,-118.96,5.00001
2.1466,31.0,3.4509283819628647,1.0689655172413792,1952.0,5.177718832891247,34.01,-118.25,1.008
5.0753,35.0,5.5125,1.1208333333333331,1084.0,4.516666666666667,33.9,-118.11,1.78
3.6181,38.0,4.0518653321201095,1.0518653321201092,1830.0,1.665150136487716,34.11,-118.28,4.956
3.2386,13.0,3.537142857142857,1.0895238095238096,838.0,1.5961904761904762,33.7,-117.89,1.292
4.7557,7.0,6.874717832957111,1.0395033860045146,2916.0,3.291196388261851,38.41,-121.38,1.504
3.0721,40.0,4.843283582089552,0.9477611940298508,793.0,2.958955223880597,34.13,-117.27,0.838
3.5,32.0,4.733918128654971,0.9444444444444444,1492.0,4.362573099415204,34.04,-118.04,1.651
7.3089,48.0,7.283216783216783,1.041958041958042,685.0,2.395104895104895,37.91,-122.28,3.312
5.9073,35.0,5.837340876944837,0.9745403111739744,1596.0,2.257425742574257,37.89,-122.53,4.004
2.1465,22.0,4.430485762144054,1.1032942490228923,4523.0,2.5254048017867112,34.15,-117.25,0.888
3.0453,25.0,4.141382868937049,1.132094943240454,2297.0,2.370485036119711,33.79,-118.15,1.859
1.7868,25.0,5.852739726027397,1.5034246575342465,632.0,2.164383561643836,36.13,-117.69,0.455
4.2083,14.0,4.825737265415549,0.970509383378016,874.0,2.3431635388739944,33.69,-117.8,2.51
1.8958,33.0,4.939516129032258,1.1088709677419355,1065.0,4.294354838709677,36.61,-119.52,0.551
3.7639,37.0,4.57429718875502,1.0200803212851406,1257.0,2.5240963855421685,33.89,-118.31,2.206
2.4213,12.0,3.7448275862068967,1.013793103448276,870.0,3.0,32.58,-117.11,1.325
6.3308,33.0,7.183385579937304,1.0156739811912223,1760.0,2.7586206896551726,34.03,-117.17,2.306
3.7368,37.0,5.281914893617022,0.9875886524822696,1285.0,2.278368794326241,32.76,-117.04,1.522
3.5258,13.0,6.099709583736689,1.0454985479186834,3840.0,3.717328170377541,37.02,-120.06,0.849
2.1955,46.0,5.695020746887967,1.1265560165975104,1423.0,2.9522821576763487,35.13,-119.46,0.269
1.7945,37.0,4.502623294858342,1.1563483735571878,1941.0,2.036726128016789,34.01,-118.34,1.063
3.2465,27.0,5.258116883116883,1.0892857142857142,1469.0,2.38474025974026,37.67,-122.07,2.306
2.5476,25.0,4.770833333333333,1.03125,657.0,2.28125,38.45,-120.88,0.979
3.0433,21.0,5.23208722741433,1.0545171339563864,1908.0,2.97196261682243,39.45,-123.64,1.407
1.1346,42.0,3.5921052631578947,1.0219298245614037,899.0,3.942982456140351,33.93,-118.25,0.854
7.8287,8.0,7.290032154340836,1.0655948553054662,4089.0,2.629581993569132,37.8,-121.94,3.692
5.1721,17.0,7.501118568232662,1.0357941834451905,1417.0,3.170022371364653,38.74,-121.16,2.371
3.5174,36.0,4.5479452054794525,1.0943683409436835,1357.0,2.0654490106544903,34.21,-118.23,2.68
2.0,37.0,4.874239350912779,1.1156186612576064,1234.0,2.5030425963488843,34.13,-117.26,0.721
2.7587,15.0,4.8951890034364265,1.147766323024055,1546.0,2.656357388316151,36.97,-121.97,2.286
4.4081,39.0,4.657360406091371,0.983502538071066,1519.0,1.927664974619289,37.94,-122.54,4.352
1.5735,18.0,3.54424040066778,1.011686143572621,1576.0,2.631051752921536,38.51,-121.46,1.1
2.558,15.0,3.851851851851852,0.95906432748538,2024.0,1.97270955165692,37.32,-120.47,1.216
2.45,41.0,3.5365853658536586,1.032520325203252,1384.0,3.750677506775068,33.75,-118.28,1.868
2.15,47.0,3.3795620437956204,0.978102189781022,327.0,2.386861313868613,37.74,-122.17,0.972
5.065,27.0,5.766871165644171,1.023517382413088,3538.0,3.61758691206544,34.04,-118.02,2.154
2.5033,9.0,5.012987012987013,1.0506493506493506,2157.0,2.8012987012987014,36.51,-119.56,0.701
2.7909,26.0,5.62993762993763,1.0862785862785862,4531.0,4.70997920997921,37.81,-122.37,2.5
4.5368,37.0,5.720250521920668,1.0521920668058455,1468.0,3.0647181628392484,33.94,-118.32,1.688
5.7962,33.0,4.963133640552996,0.9331797235023042,1655.0,3.813364055299539,37.39,-122.0,2.298
3.6023,25.0,4.813953488372093,0.9534883720930232,87.0,2.0232558139534884,37.71,-121.02,1.313
3.8304,52.0,5.395437262357414,1.0779467680608366,1411.0,2.682509505703422,37.73,-122.44,2.614
4.6985,12.0,5.702054794520548,1.0273972602739727,1577.0,2.7003424657534247,34.27,-118.8,2.641
4.9063,15.0,6.013363028953229,1.024498886414254,1432.0,3.1893095768374167,34.08,-117.6,1.598
3.3929,39.0,4.2740112994350286,1.0310734463276836,1227.0,3.4661016949152543,33.79,-118.27,1.846
5.2206,6.0,5.749529190207157,1.0677966101694916,3246.0,3.056497175141243,34.28,-118.91,2.802
3.0625,37.0,4.294117647058823,0.9747899159663864,653.0,2.7436974789915967,34.02,-118.1,1.894
3.6389,34.0,3.868544600938967,1.051643192488263,430.0,2.0187793427230045,34.13,-118.15,2.15
2.5938,41.0,4.2444444444444445,1.148148148148148,833.0,3.085185185185185,33.99,-118.47,2.85
2.3125,38.0,3.3943661971830985,1.0766823161189358,3036.0,4.751173708920188,33.94,-118.36,1.485
3.9022,10.0,4.850318471337579,1.0796178343949046,2056.0,3.2738853503184715,37.6,-122.08,1.917
3.6522,8.0,5.217785843920145,0.9945553539019965,1718.0,3.117967332123412,36.79,-119.87,0.802
11.1768,52.0,6.461773700305811,1.0152905198776758,800.0,2.4464831804281344,34.04,-118.41,5.00001
2.9583,50.0,5.380281690140845,1.1173708920187793,579.0,2.718309859154929,33.98,-118.06,1.726
3.4426,7.0,5.416393442622951,1.028415300546448,3006.0,3.2852459016393443,37.73,-121.16,1.39
2.4038,41.0,4.495798319327731,1.0336134453781514,317.0,2.663865546218488,37.85,-122.28,1.075
3.1875,13.0,7.216165413533835,1.343984962406015,1486.0,2.793233082706767,38.02,-120.27,0.998
0.536,16.0,2.111111111111111,2.111111111111111,166.0,18.444444444444443,37.67,-121.04,1.625
2.875,22.0,16.883561643835616,3.691780821917808,381.0,2.6095890410958904,39.06,-120.13,0.875
3.6646,7.0,6.002450980392157,1.0955882352941178,1217.0,2.982843137254902,34.48,-117.22,1.099
6.0394,16.0,6.29874213836478,0.9433962264150944,1172.0,3.6855345911949686,33.88,-117.97,3.216
3.3438,8.0,6.096871846619576,0.987891019172553,3031.0,3.058526740665994,34.4,-117.27,1.244
2.3156,51.0,3.963917525773196,1.0154639175257731,1173.0,3.02319587628866,34.07,-117.76,1.098
4.277,11.0,6.055421686746988,0.983132530120482,1360.0,3.27710843373494,36.94,-119.9,0.985
5.3169,34.0,3.8383838383838382,0.8787878787878788,723.0,3.651515151515152,33.89,-118.36,2.276
3.1029,27.0,4.135802469135802,1.0946502057613168,460.0,1.8930041152263373,33.42,-117.62,1.906
7.6091,43.0,5.640506329113924,1.1088607594936708,960.0,2.430379746835443,34.09,-118.6,4.385
6.5901,17.0,6.729400749063671,1.0046816479400749,3844.0,3.599250936329588,33.88,-118.06,3.374
4.1857,34.0,5.288732394366197,1.0369718309859155,1938.0,3.4119718309859155,34.22,-118.42,1.986
2.6629,21.0,4.858156028368795,1.0904255319148937,2630.0,4.663120567375887,36.42,-121.31,1.027
4.9318,6.0,5.7944078947368425,1.0921052631578947,1705.0,2.804276315789474,37.7,-122.44,2.581
3.5335,21.0,3.55,1.05,2719.0,1.9147887323943664,34.04,-118.47,2.688
1.7866,25.0,1.6785714285714286,1.066326530612245,2796.0,3.566326530612245,34.05,-118.27,3.25
3.7647,32.0,5.650862068965517,1.165948275862069,1022.0,2.202586206896552,37.92,-122.51,3.75
2.1182,18.0,5.083686440677966,1.0963983050847457,1966.0,2.082627118644068,33.74,-117.11,0.713
3.4937,44.0,5.522556390977444,1.1729323308270676,507.0,1.906015037593985,33.61,-117.9,5.00001
3.2448,52.0,5.487804878048781,0.9796747967479674,752.0,3.056910569105692,37.73,-122.45,2.662
1.808,26.0,3.92512077294686,1.0628019323671498,533.0,1.28743961352657,33.76,-118.09,0.585
1.7016,27.0,2.8199052132701423,1.2274881516587677,1795.0,4.253554502369668,34.07,-118.27,1.6
3.9646,32.0,5.316981132075472,0.9874213836477987,2842.0,3.5748427672955976,32.67,-117.05,1.378
0.536,46.0,9.0,1.5,20.0,3.333333333333333,34.16,-118.42,3.75
1.8214,10.0,5.838983050847458,1.271186440677966,845.0,2.3870056497175143,36.76,-119.85,0.801
1.9257,27.0,4.20303605313093,1.096774193548387,1544.0,2.9297912713472485,34.65,-120.45,1.353
4.3571,20.0,6.212765957446808,1.0638297872340423,1679.0,2.747954173486088,37.96,-122.1,2.282
3.4286,5.0,4.28169014084507,1.1948356807511735,892.0,2.0938967136150235,32.75,-117.23,1.375
3.25,39.0,3.2857142857142856,0.8988095238095238,807.0,4.803571428571429,33.99,-118.07,1.533
3.4875,15.0,5.74247491638796,1.0501672240802675,2896.0,3.2285395763656632,34.51,-117.17,0.908
1.9647,23.0,3.431693989071038,1.1484517304189434,3940.0,3.588342440801457,33.78,-118.17,1.862
2.0885,36.0,3.964391691394659,1.0014836795252229,2883.0,4.277448071216617,34.05,-118.2,1.428
2.4922,24.0,4.731884057971015,0.9637681159420288,889.0,3.221014492753623,36.19,-119.37,0.661
1.7188,40.0,5.458333333333333,1.1666666666666667,329.0,3.427083333333333,37.33,-121.09,1.125
4.3782,23.0,5.204761904761905,1.0269841269841269,2582.0,4.098412698412698,37.33,-121.82,1.758
2.945,52.0,4.27456647398844,1.0404624277456649,652.0,1.884393063583815,34.08,-118.38,4.314
6.2323,17.0,7.097183098591549,1.1732394366197183,1678.0,2.363380281690141,36.59,-121.91,3.391
2.4583,26.0,4.361643835616438,1.1753424657534246,1182.0,3.238356164383561,34.06,-117.67,1.104
6.7206,26.0,6.889980353634577,1.005893909626719,1712.0,3.3634577603143416,37.62,-122.45,3.446
2.375,17.0,5.690406976744186,1.0784883720930232,1768.0,2.569767441860465,36.02,-119.01,0.798
4.0234,38.0,4.9245283018867925,1.0,981.0,3.0849056603773586,33.9,-118.26,1.119
3.8512,47.0,5.280112044817927,1.011204481792717,954.0,2.672268907563025,33.96,-118.32,1.713
5.3439,23.0,5.825980392156863,0.9877450980392156,1101.0,2.698529411764706,33.83,-117.86,2.271
3.0398,31.0,4.587470449172577,1.074468085106383,1535.0,1.8144208037825056,34.15,-118.4,3.691
1.7514,34.0,2.6601371204701274,1.091087169441724,2991.0,2.9294809010773752,34.09,-118.29,1.875
3.5625,14.0,5.769349845201238,1.0603715170278638,1741.0,2.695046439628483,38.41,-121.37,1.257
5.2072,20.0,6.170212765957447,0.9627659574468084,543.0,2.8882978723404253,34.24,-117.41,1.643
4.625,7.0,6.68348623853211,1.1116207951070336,1932.0,2.9541284403669725,35.16,-118.51,1.368
5.0227,9.0,6.269565217391304,0.9521739130434784,633.0,2.752173913043478,34.05,-117.15,1.623
2.5735,20.0,4.742203742203742,0.9230769230769232,1545.0,3.212058212058212,34.05,-117.71,1.305
3.8235,10.0,5.34593837535014,1.0070028011204482,1686.0,2.361344537815126,36.32,-119.35,0.946
3.6719,52.0,5.465753424657534,1.0753424657534247,1024.0,3.506849315068493,34.16,-118.13,2.279
5.1582,26.0,6.155688622754491,1.0079840319361275,1557.0,3.1077844311377247,37.94,-121.96,1.947
2.3152,16.0,5.174934725848564,1.0757180156657964,2622.0,3.422976501305483,37.59,-120.94,1.113
4.2792,11.0,6.409836065573771,1.0510018214936248,1459.0,2.6575591985428053,39.11,-121.62,1.238
4.8516,52.0,5.350961538461538,0.9254807692307692,1177.0,2.829326923076923,37.75,-122.49,3.238
3.9375,32.0,5.3,1.02,170.0,3.4,34.0,-117.88,1.875
6.299,16.0,7.628647214854111,1.0371352785145889,1089.0,2.8885941644562334,37.93,-121.93,2.869
5.5127,34.0,5.567049808429119,1.0421455938697315,1282.0,2.4559386973180075,37.25,-121.95,2.682
7.3003,19.0,7.9616,1.1376,1926.0,3.0816,38.46,-122.68,3.813
1.5625,38.0,5.097510373443983,1.2946058091286308,1516.0,3.145228215767635,37.75,-122.16,0.917
5.197,36.0,5.890173410404624,0.9913294797687862,1066.0,3.0809248554913293,33.86,-117.95,1.957
2.8173,32.0,5.327067669172933,1.06265664160401,2494.0,3.12531328320802,33.95,-117.42,1.108
2.3583,26.0,4.881987577639752,1.0434782608695652,494.0,3.0683229813664594,39.23,-123.2,1.054
4.3911,21.0,5.976027397260274,0.910958904109589,837.0,2.866438356164384,36.35,-119.65,1.079
1.8042,17.0,4.06015037593985,0.9924812030075189,878.0,2.200501253132832,39.14,-123.2,1.092
4.5568,36.0,5.750561797752809,1.053932584269663,1358.0,3.051685393258427,34.2,-118.57,2.015
4.064,34.0,4.852216748768473,1.1724137931034482,1269.0,3.125615763546798,34.08,-117.94,2.012
2.0133,33.0,4.5974576271186445,1.0593220338983051,1425.0,3.0190677966101696,34.11,-117.23,0.783
3.5,32.0,4.733918128654971,0.9444444444444444,1492.0,4.362573099415204,34.04,-118.04,1.651
1.4923,31.0,4.592841163310962,1.0402684563758389,1193.0,2.668903803131991,40.07,-122.14,0.444
2.2755,21.0,4.064606741573034,0.9620786516853932,2109.0,2.962078651685393,32.58,-117.11,1.25
2.7813,41.0,3.446428571428572,1.1785714285714286,1209.0,3.5982142857142856,33.77,-118.2,1.292
4.7,37.0,6.118032786885246,0.9836065573770492,822.0,2.6950819672131145,37.61,-122.42,3.413
4.05,45.0,5.221884498480243,0.8905775075987842,757.0,2.300911854103344,32.74,-117.24,2.849
2.2847,41.0,3.528138528138528,1.0909090909090908,775.0,3.354978354978355,34.01,-118.11,1.9
5.3661,10.0,5.762452107279693,1.0191570881226053,1381.0,2.6455938697318007,38.06,-122.15,1.958
3.7917,15.0,6.402255639097745,1.0263157894736843,847.0,3.1842105263157894,34.39,-117.31,1.234
2.0792,35.0,3.527667984189723,0.974308300395257,965.0,1.907114624505929,32.76,-117.14,1.6
3.111,5.0,4.44125159642401,1.3167305236270754,3591.0,2.293103448275862,33.95,-118.37,2.476
4.125,35.0,6.317204301075269,1.0268817204301075,568.0,3.053763440860215,33.85,-117.96,1.892
2.8621,31.0,4.225108225108225,1.0194805194805194,936.0,2.0259740259740258,32.77,-117.2,1.969
3.7361,19.0,5.03416149068323,1.0186335403726707,871.0,2.7049689440993787,33.88,-117.86,2.014
1.4726,37.0,5.505263157894737,1.2526315789473683,374.0,3.9368421052631577,35.0,-120.58,1.063
3.175,18.0,5.6272965879265096,1.1023622047244095,985.0,2.5853018372703414,38.4,-120.66,1.185
5.1333,43.0,5.335968379446641,1.007905138339921,1146.0,2.264822134387352,33.97,-118.39,3.459
3.6583,37.0,4.382352941176471,1.0980392156862746,1233.0,4.029411764705882,34.0,-118.16,1.505
1.7321,44.0,4.919540229885057,1.0651340996168583,925.0,3.5440613026819925,34.16,-118.16,1.784
5.257,25.0,6.163247100802854,1.0294380017841214,3912.0,3.489741302408564,34.03,-118.0,2.261
4.8214,29.0,5.418604651162791,0.8895348837209303,711.0,4.133720930232558,33.95,-117.5,1.434
5.0929,41.0,5.63265306122449,1.0,495.0,2.5255102040816326,34.19,-118.47,2.25
3.0179,49.0,5.052631578947368,1.0789473684210529,83.0,2.1842105263157894,34.18,-118.32,1.188
3.0707,52.0,4.92326139088729,1.1510791366906474,900.0,2.158273381294964,34.05,-118.38,4.179
2.7727,19.0,5.091295116772824,1.1061571125265393,1266.0,2.6878980891719744,38.31,-122.48,1.868
7.8627,24.0,7.145114942528736,1.0186781609195403,1692.0,2.431034482758621,37.26,-122.04,5.00001
2.1705,36.0,4.024193548387097,0.9274193548387096,451.0,3.637096774193549,37.92,-121.28,0.603
3.2717,36.0,5.236180904522613,1.0050251256281406,1097.0,2.756281407035176,32.73,-117.04,1.307
3.3906,20.0,4.504118616144975,1.0840197693574958,1562.0,2.57331136738056,34.15,-118.24,2.841
5.0864,4.0,6.964285714285714,1.0844155844155845,1024.0,3.324675324675325,36.83,-119.67,1.137
4.4766,5.0,7.013544018058691,1.0767494356659142,1549.0,3.4966139954853275,37.79,-121.22,1.694
4.0791,11.0,5.878902045209904,1.0984930032292788,4773.0,2.568891280947255,33.17,-117.33,2.813
3.6667,36.0,5.078,1.07,979.0,1.958,34.04,-118.48,5.00001
1.4194,10.0,4.108860759493671,1.0354430379746835,988.0,2.50126582278481,36.33,-119.66,0.581
4.325,52.0,5.569131832797428,0.9807073954983924,875.0,2.813504823151125,34.17,-118.29,2.926
1.9811,16.0,6.10472972972973,1.1689189189189189,587.0,1.983108108108108,34.19,-118.96,1.625
5.1155,34.0,5.43213728549142,0.9578783151326054,2227.0,3.4742589703588145,33.81,-118.02,2.009
1.9861,43.0,4.635416666666667,0.9722222222222222,943.0,3.274305555555556,36.21,-119.09,0.477
4.8013,36.0,6.010060362173038,0.9879275653923542,1360.0,2.7364185110663986,33.84,-118.15,2.241
5.1669,44.0,5.220883534136546,1.0120481927710845,695.0,2.791164658634538,33.89,-118.32,2.206
3.1818,18.0,4.212477928193055,1.100058858151854,4642.0,2.732195409064156,34.2,-118.57,2.08
3.851,16.0,6.912408759124087,1.1897810218978102,477.0,3.4817518248175183,35.17,-120.43,3.15
3.4852,30.0,3.416204217536071,1.0588235294117647,1561.0,1.732519422863485,34.01,-118.48,4.25
6.3373,7.0,6.927083333333333,1.11328125,2015.0,2.6236979166666665,33.09,-117.23,2.796
3.3289,37.0,4.934984520123839,0.9938080495356038,1003.0,3.1052631578947367,33.94,-118.15,1.997
2.0625,15.0,4.538775510204082,1.0448979591836736,411.0,1.6775510204081632,34.4,-119.51,3.143
3.67,14.0,5.93950177935943,1.0818505338078293,1373.0,2.4430604982206408,39.27,-120.83,1.601
4.5714,29.0,6.055016181229774,1.019417475728155,1066.0,3.449838187702265,36.27,-119.78,1.008
2.2907,39.0,3.297658862876254,1.2073578595317729,1347.0,4.505016722408027,34.08,-118.21,1.339
3.9,41.0,5.883720930232558,1.0852713178294573,408.0,3.1627906976744184,36.14,-119.19,0.859
2.5686,25.0,3.5396634615384617,1.0985576923076923,2313.0,2.780048076923077,33.97,-118.04,1.775
4.5268,22.0,9.880898876404494,2.0921348314606742,1145.0,2.5730337078651684,34.21,-117.1,1.084
3.809,7.0,5.840938722294655,1.0117340286831813,2271.0,2.960886571056063,39.16,-121.62,1.107
2.6087,18.0,5.606741573033708,1.0646067415730338,1327.0,3.72752808988764,36.96,-119.95,0.96
5.8972,35.0,5.663551401869159,1.0996884735202492,853.0,2.6573208722741435,33.83,-118.34,3.509
3.9048,52.0,4.998540145985402,1.0072992700729928,2273.0,3.318248175182482,37.79,-122.22,1.647
8.5957,8.0,8.105882352941176,1.008823529411765,1045.0,3.073529411764706,33.07,-117.07,4.441
4.1333,13.0,6.383606557377049,1.0437158469945356,2455.0,2.6830601092896176,34.53,-117.25,1.582
5.7613,23.0,6.296747967479675,1.1016260162601623,1486.0,3.0203252032520327,34.2,-118.62,2.358
2.6964,21.0,4.660377358490566,1.19811320754717,489.0,4.613207547169812,34.2,-119.18,1.708
3.8654,27.0,5.500881834215168,1.1199294532627866,1887.0,3.328042328042328,33.88,-118.09,1.953
3.2798,45.0,4.066202090592334,1.0522648083623694,773.0,2.6933797909407664,33.85,-118.19,1.503
2.3517,13.0,4.867801047120419,1.051047120418848,1754.0,2.295811518324608,40.18,-122.22,0.889
4.25,22.0,4.493387589013225,1.0722278738555442,2759.0,2.806714140386572,33.79,-117.91,1.703
4.75,36.0,5.92654028436019,1.0497630331753554,1031.0,2.443127962085308,33.88,-118.38,4.421
4.2361,19.0,7.132471728594507,1.0468497576736673,1627.0,2.62843295638126,34.03,-117.02,1.916
2.4063,35.0,4.977987421383648,1.069182389937107,933.0,2.9339622641509435,32.97,-115.53,0.707
2.9769,43.0,5.082926829268293,1.017073170731707,912.0,2.2243902439024392,38.54,-121.43,0.927
2.7792,18.0,5.584558823529412,1.088235294117647,846.0,3.110294117647059,36.16,-120.35,0.853
1.6393,22.0,4.819787985865724,1.088339222614841,1081.0,1.9098939929328624,33.47,-117.67,5.00001
4.7875,19.0,6.007005253940456,1.052539404553415,1817.0,3.182136602451839,34.76,-118.28,1.636
8.0137,9.0,7.734673111167642,1.0412108878148054,12873.0,3.274739252098702,34.16,-118.78,3.992
3.0652,24.0,5.415322580645161,1.059475806451613,3002.0,3.026209677419355,39.1,-123.34,1.311
6.1076,26.0,6.134907251264756,0.93929173693086,1993.0,3.360876897133221,33.98,-117.84,2.212
6.0426,19.0,4.839506172839506,1.345679012345679,287.0,3.54320987654321,37.97,-122.34,1.1
5.1952,19.0,6.471810089020772,1.1869436201780414,1272.0,3.774480712166172,33.92,-117.92,3.021
3.4323,41.0,3.9322033898305087,1.055084745762712,1108.0,4.694915254237288,33.94,-118.22,1.446
3.0132,30.0,4.598006644518272,1.0232558139534884,2054.0,6.823920265780731,34.28,-118.43,1.426
10.7751,19.0,9.02051282051282,1.0974358974358975,659.0,3.3794871794871795,32.84,-117.25,5.00001
1.125,27.0,5.649122807017544,1.4210526315789471,112.0,1.9649122807017545,33.3,-115.96,0.544
2.32,25.0,4.517676767676767,1.3535353535353536,1134.0,2.863636363636364,38.95,-119.94,0.913
7.316,13.0,6.694096601073345,0.992844364937388,1590.0,2.8443649373881934,37.69,-121.92,2.854
7.0879,16.0,6.96969696969697,0.8855218855218855,878.0,2.9562289562289563,33.76,-118.04,3.388
3.0777,17.0,4.341796875,1.0625,2008.0,3.921875,33.89,-118.07,1.608
3.2396,24.0,7.90728476821192,1.6291390728476822,414.0,2.741721854304636,38.92,-120.02,1.019
4.3232,28.0,3.732021196063588,1.0454201362604087,2232.0,1.6896290688872069,37.75,-122.44,3.162
2.2407,38.0,5.219858156028369,1.0815602836879432,670.0,2.375886524822695,35.35,-119.02,0.76
3.7065,16.0,5.487272727272727,1.0751515151515152,2531.0,3.067878787878788,37.52,-120.84,1.248
4.0862,44.0,5.295373665480427,0.9217081850533808,667.0,2.373665480427046,32.74,-117.24,3.218
6.8268,34.0,6.797665369649805,0.9727626459143968,662.0,2.575875486381323,37.36,-122.06,5.00001
7.0565,32.0,7.2125,0.940625,967.0,3.021875,33.77,-117.82,3.246
3.5865,35.0,5.372972972972973,1.0972972972972972,602.0,3.254054054054054,33.89,-118.1,1.78
2.8287,28.0,4.714285714285714,0.974025974025974,919.0,2.9837662337662336,36.58,-119.6,0.731
10.3048,36.0,8.134920634920634,1.1904761904761905,316.0,2.507936507936508,33.61,-117.92,5.00001
1.9766,28.0,2.6164154103852595,1.085427135678392,1974.0,3.306532663316583,34.09,-118.29,1.125
4.9766,24.0,5.841558441558441,0.9844155844155844,1015.0,2.636363636363636,33.91,-117.91,2.671
1.9167,45.0,4.039697542533081,1.056710775047259,1550.0,2.930056710775048,33.73,-118.28,2.272
6.1089,38.0,6.8,1.056140350877193,823.0,2.887719298245614,38.31,-122.24,2.808
15.0001,52.0,9.867036011080332,1.0914127423822717,1163.0,3.221606648199446,34.07,-118.41,5.00001
3.3627,25.0,4.272840016535759,1.0731707317073171,7111.0,2.9396444811905744,33.78,-117.9,1.979
6.9903,14.0,6.476584022038567,0.9393939393939394,1128.0,3.107438016528925,36.83,-119.83,1.412
3.3199,25.0,4.106854838709677,1.0383064516129032,1435.0,2.8931451612903225,33.87,-117.98,1.888
7.1736,12.0,6.289002557544757,0.9974424552429668,1054.0,2.6956521739130435,33.55,-117.7,2.621
3.3675,33.0,4.84144645340751,0.9847009735744088,1726.0,2.400556328233658,32.78,-117.02,1.582
3.75,52.0,6.081632653061225,1.064625850340136,792.0,2.693877551020408,34.1,-118.1,2.8
1.4886,50.0,4.0251572327044025,1.1111111111111112,1525.0,3.19706498951782,37.78,-122.22,1.288
1.2029,28.0,5.608208955223881,1.3805970149253732,522.0,1.9477611940298507,38.95,-122.64,0.689
3.3611,42.0,4.326164874551972,0.996415770609319,699.0,2.505376344086021,37.75,-121.43,1.176
4.3971,18.0,3.6659528907922914,1.0899357601713062,972.0,2.081370449678801,37.35,-121.99,2.389
3.2125,37.0,5.453125,1.234375,276.0,4.3125,34.05,-118.19,1.25
4.4821,38.0,4.811377245508982,1.0089820359281436,1130.0,3.383233532934132,33.81,-118.27,1.907
6.091,28.0,7.25879917184265,1.165631469979296,1362.0,2.819875776397516,34.46,-119.51,5.00001
3.5905,37.0,4.007352941176471,1.0465686274509804,1027.0,2.517156862745098,34.42,-119.72,2.647
3.9917,25.0,5.576363636363636,1.0345454545454544,1602.0,2.9127272727272726,38.33,-122.82,2.441
8.4704,52.0,7.012345679012346,0.9300411522633744,671.0,2.7613168724279835,37.58,-122.38,5.00001
4.6932,40.0,4.492424242424242,1.0378787878787878,371.0,2.810606060606061,34.02,-118.4,3.328
3.7198,18.0,3.404017857142857,1.0825892857142858,1705.0,3.805803571428572,37.36,-121.85,1.286
2.753,14.0,5.789029535864979,1.1708860759493671,1153.0,2.432489451476793,37.39,-119.85,1.111
1.2937,49.0,4.226618705035971,1.10431654676259,982.0,3.5323741007194243,36.75,-119.78,0.52
3.2301,23.0,4.79933110367893,1.0919732441471572,1680.0,2.809364548494983,33.84,-117.93,1.899
2.7708,43.0,3.772200772200772,1.027027027027027,1084.0,4.185328185328185,34.05,-118.19,1.279
5.6642,22.0,6.940944881889764,1.0039370078740155,1660.0,3.267716535433071,37.95,-122.02,2.37
7.8279,32.0,7.142857142857143,1.0591133004926108,1551.0,2.5467980295566504,37.27,-122.03,5.00001
6.5285,19.0,6.894915254237288,0.976271186440678,852.0,2.888135593220339,37.67,-121.89,3.004
1.8056,39.0,2.225165562913907,1.145695364238411,586.0,3.880794701986755,34.09,-118.29,2.625
1.8281,29.0,3.963740458015267,1.1011450381679388,1418.0,2.706106870229008,34.13,-117.28,0.768
4.375,29.0,5.481389578163772,1.1017369727047146,952.0,2.3622828784119108,34.2,-118.32,3.412
5.539,45.0,5.9609756097560975,1.0731707317073171,492.0,2.4,37.54,-122.31,3.969
6.4524,25.0,6.925925925925926,0.9290123456790124,937.0,2.8919753086419755,37.67,-121.88,2.969
2.918,20.0,3.690578158458244,1.0781584582441113,2622.0,2.807280513918629,34.09,-118.14,2.087
2.4922,21.0,3.430939226519337,0.9392265193370166,834.0,2.303867403314917,36.61,-121.92,2.438
1.5066,50.0,4.545691906005222,1.1070496083550914,987.0,2.577023498694517,40.41,-120.64,0.593
3.6667,32.0,7.016666666666667,0.9888888888888888,508.0,2.8222222222222224,33.9,-117.4,3.141
6.1995,36.0,6.309756097560975,1.0146341463414634,1055.0,2.573170731707317,37.38,-122.09,4.072
3.305,35.0,3.630952380952381,0.9563492063492064,1153.0,4.575396825396825,33.92,-118.19,1.158
2.0455,52.0,3.8979591836734695,1.0612244897959184,106.0,2.163265306122449,35.39,-119.02,0.725
1.9728,33.0,4.64,1.0874418604651164,2414.0,2.2455813953488373,38.58,-121.53,0.764
2.9647,16.0,7.537023186237846,1.6350037397157815,3048.0,2.279730740463725,33.85,-116.53,1.109
3.8125,36.0,3.3142857142857145,0.8571428571428571,193.0,5.514285714285714,34.0,-117.92,1.363
5.0399,36.0,5.948019801980198,1.00990099009901,917.0,2.26980198019802,37.93,-122.31,2.534
4.119,32.0,4.651234567901234,0.910493827160494,1326.0,4.092592592592593,34.04,-117.97,1.633
3.6169,28.0,4.111702127659575,1.0265957446808511,1369.0,2.4273049645390072,33.87,-118.35,2.57
3.2444,16.0,6.179166666666666,1.2041666666666666,1365.0,2.84375,38.7,-121.32,1.184
3.5353,34.0,6.314159292035399,1.168141592920354,1211.0,2.6792035398230087,37.97,-122.3,1.647
5.0602,34.0,5.960912052117264,1.026058631921824,822.0,2.6775244299674266,33.88,-118.38,4.537
7.7364,24.0,6.576271186440678,0.9463276836158192,969.0,2.73728813559322,37.52,-122.31,4.358
1.8167,35.0,3.9172413793103447,1.0344827586206895,622.0,4.289655172413793,37.62,-121.01,0.795
5.0947,12.0,6.765853658536585,1.188617886178862,1609.0,2.616260162601626,35.48,-120.56,2.675
3.6343,28.0,6.861003861003861,1.1853281853281854,721.0,2.783783783783784,34.96,-117.08,0.798
5.6094,24.0,6.290140845070423,0.9774647887323944,1162.0,3.2732394366197184,33.85,-118.04,2.792
7.0516,37.0,5.375609756097561,1.0439024390243905,807.0,1.9682926829268288,33.62,-117.93,5.00001
1.5394,40.0,3.481113320079523,1.0178926441351888,1939.0,3.854870775347913,33.74,-118.28,2.0
4.3162,26.0,5.6938775510204085,0.961038961038961,1524.0,2.8274582560296846,34.7,-120.48,1.364
5.0719,37.0,5.684873949579832,0.9705882352941176,1331.0,2.796218487394958,33.84,-118.12,2.2
1.7689,30.0,3.956584659913169,1.096960926193922,2951.0,4.270622286541244,33.8,-118.18,1.176
2.6176,17.0,5.361344537815126,1.0168067226890756,927.0,3.894957983193277,36.72,-119.82,0.541
1.6789,20.0,3.658064516129032,1.081720430107527,1482.0,3.1870967741935483,32.75,-117.09,0.955
4.0945,13.0,5.733197556008147,1.089613034623218,1492.0,3.038696537678208,34.53,-117.98,1.357
1.6887,20.0,4.16955017301038,1.0934256055363325,2135.0,3.6937716262975777,34.16,-118.15,1.486
1.7772,45.0,3.882608695652174,1.1434782608695653,1475.0,3.2065217391304346,37.79,-122.25,0.975
3.4583,34.0,5.50187265917603,1.0,1031.0,3.861423220973783,32.69,-117.09,1.127
6.5722,34.0,6.1943231441048034,1.004366812227074,1344.0,2.934497816593886,34.11,-118.03,4.374
2.6974,31.0,4.614906832298137,1.0714285714285714,823.0,2.5559006211180124,35.12,-120.61,1.654
4.7841,31.0,5.975609756097561,1.0886917960088691,1059.0,2.348115299334812,33.0,-117.26,3.935
1.6065,47.0,3.5303030303030303,1.1174242424242424,1226.0,4.643939393939394,33.97,-118.23,1.114
1.9866,30.0,3.7868217054263567,1.0232558139534884,736.0,2.852713178294574,34.19,-118.38,1.774
4.4545,24.0,4.497607655502392,0.9688995215311004,967.0,2.313397129186603,33.76,-117.98,1.925
3.3816,15.0,5.404710920770878,0.961456102783726,1374.0,2.942184154175589,40.57,-122.32,0.938
3.8056,36.0,4.651488616462347,1.001751313485114,2370.0,4.15061295971979,33.76,-117.89,1.772
2.4925,28.0,3.6754491017964073,1.0347305389221555,1932.0,2.31377245508982,33.92,-118.13,1.772
1.6806,11.0,3.2058252427184466,1.0349514563106796,947.0,1.8388349514563107,32.64,-117.08,1.417
4.1406,39.0,5.041284403669724,0.9747706422018348,1160.0,2.6605504587155964,33.82,-118.31,3.237
8.401,26.0,7.530805687203792,1.056872037914692,542.0,2.5687203791469195,37.83,-122.2,3.512
2.6447,22.0,7.595588235294118,1.7058823529411764,442.0,3.25,36.23,-118.74,1.375
4.9777,34.0,6.407894736842105,1.006578947368421,957.0,3.148026315789474,33.85,-117.99,2.126
1.4531,42.0,4.281376518218623,1.1275303643724697,1532.0,3.1012145748987856,34.13,-117.3,0.715
2.25,15.0,6.11214953271028,1.2554517133956389,730.0,2.2741433021806854,35.68,-118.06,0.675
1.7303,24.0,4.612990527740189,1.087956698240866,1939.0,2.6238159675236807,33.78,-116.95,0.74
5.0871,7.0,6.401388888888889,1.0291666666666666,1660.0,2.305555555555556,36.81,-121.36,2.905
6.2575,15.0,7.35546875,0.9921875,893.0,3.48828125,38.39,-121.37,1.435
6.431,30.0,7.06390977443609,0.849624060150376,740.0,2.781954887218045,34.0,-118.35,4.925
2.4219,46.0,3.5641025641025643,0.9333333333333332,601.0,3.082051282051282,32.75,-117.11,0.906
1.6009,44.0,3.1158455392809588,1.0985352862849531,2813.0,3.745672436750999,37.78,-122.23,1.181
4.6554,11.0,5.975945017182131,1.0103092783505154,1693.0,2.90893470790378,34.62,-120.08,2.723
1.9923,42.0,2.9171029668411865,1.0322862129144852,3480.0,3.0366492146596857,34.05,-118.32,2.5
1.5809,34.0,3.5180722891566263,1.0602409638554218,625.0,3.765060240963856,33.68,-116.21,1.0
2.5625,49.0,4.615384615384615,0.8461538461538461,76.0,5.846153846153846,34.1,-117.3,0.75
7.2354,52.0,7.11716621253406,0.994550408719346,901.0,2.455040871934605,37.85,-122.24,3.911
5.956,41.0,6.851063829787234,1.0797872340425532,794.0,2.1117021276595747,37.83,-122.24,3.661
4.0668,14.0,4.7193460490463215,0.9305177111716622,2139.0,2.9141689373297,32.67,-117.04,1.375
1.6944,33.0,4.892857142857143,1.0714285714285714,716.0,3.196428571428572,32.72,-117.09,1.118
4.0324,26.0,5.6417004048583,1.0374493927125503,2607.0,2.638663967611336,33.81,-117.84,2.449
3.5179,33.0,4.709677419354839,1.0,75.0,2.419354838709677,38.36,-121.99,0.844
4.5694,31.0,6.104925053533191,0.9807280513918628,1286.0,2.753747323340471,33.16,-117.34,2.437
2.1513,8.0,8.117845117845118,1.5589225589225588,786.0,2.646464646464646,40.61,-121.67,0.804
4.8359,35.0,5.473015873015873,0.9873015873015872,992.0,3.149206349206349,34.26,-118.45,1.956
3.3636,43.0,4.397394136807818,0.9348534201954396,811.0,2.6416938110749184,34.03,-118.37,1.409
1.6384,42.0,3.7673860911270975,1.0431654676258992,1631.0,3.911270983213429,33.79,-118.18,1.28
3.9688,21.0,4.714693295292439,1.0684736091298146,2459.0,3.507845934379458,37.28,-121.87,2.496
2.625,16.0,5.573248407643312,1.2802547770700636,300.0,1.910828025477707,36.96,-121.99,3.773
3.428,15.0,5.572317262830482,1.0015552099533438,2183.0,3.3950233281493003,38.02,-121.35,1.407
4.2727,46.0,5.837349397590361,1.0271084337349397,768.0,2.3132530120481927,37.8,-122.19,2.469
1.9234,43.0,4.821022727272728,1.099431818181818,1181.0,3.355113636363636,34.08,-117.31,0.746
2.0547,34.0,3.1375212224108657,1.132427843803056,1351.0,2.293718166383701,34.06,-118.31,4.1
10.5144,8.0,7.981052631578947,1.0252631578947369,1424.0,2.997894736842105,36.85,-119.84,3.459
3.2115,37.0,4.136518771331058,1.0375426621160408,1076.0,3.6723549488054608,33.78,-118.28,1.601
4.3942,44.0,5.206896551724138,0.987460815047022,985.0,3.0877742946708464,33.87,-118.14,2.195
2.4191,24.0,4.4227642276422765,1.089430894308943,1095.0,4.451219512195122,32.6,-117.06,1.073
2.0147,41.0,3.605128205128205,1.0974358974358975,1174.0,3.01025641025641,33.98,-118.05,1.375
1.9956,25.0,5.029227557411273,1.022964509394572,1384.0,2.8893528183716075,39.52,-121.58,0.58
3.1194,17.0,4.760683760683761,1.0769230769230769,848.0,2.415954415954416,38.6,-121.28,1.125
3.744,30.0,4.203488372093023,1.119186046511628,650.0,1.8895348837209305,32.8,-117.26,4.5
3.2122,29.0,4.133819951338199,0.9708029197080292,1052.0,2.559610705596107,34.07,-117.92,1.955
7.7684,13.0,8.446691176470589,1.0422794117647058,1643.0,3.020220588235294,33.04,-117.01,3.623
2.0943,28.0,5.51980198019802,1.020902090209021,6912.0,3.801980198019802,39.12,-121.39,1.083
1.2857,27.0,4.359413202933985,1.078239608801956,1163.0,2.843520782396088,39.1,-121.55,0.47
2.7083,52.0,4.756302521008403,0.9222689075630252,1403.0,2.947478991596639,38.02,-121.87,0.994
8.0137,9.0,7.734673111167642,1.0412108878148054,12873.0,3.274739252098702,34.16,-118.78,3.992
2.7171,22.0,6.041899441340783,1.217877094972067,1048.0,2.927374301675977,38.94,-123.15,0.958
1.7344,24.0,3.298342541436464,1.058563535911602,4042.0,4.466298342541436,33.51,-116.01,0.664
3.0856,49.0,3.717171717171717,0.8956228956228957,668.0,2.249158249158249,34.04,-118.35,1.516
4.4699,16.0,3.7302904564315353,1.1106500691562933,1369.0,1.893499308437068,37.36,-122.03,3.674
4.7778,6.0,7.358227848101266,1.1493670886075948,2275.0,2.8797468354430378,34.5,-118.26,3.404
3.505,28.0,4.410755148741419,1.0549199084668193,2517.0,2.879862700228833,34.06,-118.15,2.043
2.919,19.0,5.68941504178273,1.2200557103064067,2133.0,2.9707520891364902,32.69,-116.58,1.165
2.4297,35.0,3.647509578544061,1.0383141762452108,949.0,3.636015325670498,33.93,-118.18,1.472
3.1992,41.0,3.3022388059701493,1.0634328358208955,562.0,2.0970149253731343,33.99,-118.46,3.038
3.9079,52.0,4.817351598173516,1.0365296803652968,816.0,1.8630136986301369,37.76,-122.44,3.7
1.2778,42.0,3.4615384615384617,1.1497975708502024,890.0,3.603238866396761,34.0,-118.28,1.125
2.478,16.0,3.838763575605681,1.1203007518796992,2849.0,2.380116959064328,33.17,-117.35,1.856
7.5,29.0,8.160668380462726,1.102827763496144,2450.0,3.1491002570694087,37.89,-122.02,3.562
6.0804,42.0,5.244274809160306,1.0076335877862594,907.0,2.307888040712468,34.01,-118.44,4.2
6.2182,30.0,5.982248520710059,1.0650887573964498,1440.0,2.8402366863905324,37.32,-122.06,3.808
6.4962,25.0,7.853125,1.0625,900.0,2.8125,34.03,-117.19,1.824
2.25,50.0,4.20722891566265,1.1566265060240963,1149.0,2.7686746987951807,37.8,-122.23,1.235
4.4423,28.0,5.128440366972477,1.1412844036697247,1173.0,2.152293577981651,34.16,-118.46,2.804
3.9485,35.0,6.271794871794872,1.0547008547008547,1694.0,2.895726495726496,32.72,-117.05,1.339
3.6563,31.0,5.172839506172839,1.054320987654321,829.0,2.0469135802469136,37.3,-121.91,3.447
3.1104,24.0,3.839769452449568,1.067435158501441,3792.0,2.185590778097983,33.95,-118.13,2.3
2.0658,30.0,5.28,1.0533333333333332,984.0,3.28,36.72,-119.87,0.679
1.641,34.0,4.904382470119522,1.101593625498008,2334.0,4.649402390438247,33.9,-118.23,0.968
1.7801,45.0,3.663484486873508,1.0310262529832936,1820.0,4.343675417661098,34.02,-118.19,1.428
2.9524,31.0,3.933793103448276,1.0206896551724138,3100.0,4.275862068965517,34.06,-118.1,1.788
2.7958,32.0,5.063260340632604,1.1484184914841848,1342.0,3.265206812652068,37.95,-121.23,0.59
2.8797,33.0,3.5779220779220777,1.0541125541125542,2475.0,2.6785714285714284,34.01,-118.41,2.853
8.5842,42.0,5.765935214211076,1.0229885057471264,1863.0,1.9467084639498435,34.11,-118.37,5.00001
1.6369,39.0,4.91131498470948,1.0091743119266054,731.0,2.235474006116208,40.78,-124.17,0.683
2.3895,17.0,5.173202614379085,1.0816993464052287,730.0,2.38562091503268,39.72,-121.41,0.875
1.3889,16.0,5.5,1.0833333333333333,188.0,2.611111111111111,40.17,-122.72,0.875
3.2865,52.0,4.8839590443686,1.023890784982935,657.0,2.242320819112628,36.62,-121.91,2.401
1.767,37.0,3.7111111111111112,1.0888888888888888,2376.0,3.7714285714285714,34.04,-118.31,1.703
15.0001,37.0,8.659574468085106,1.425531914893617,100.0,2.127659574468085,34.1,-118.37,5.00001
6.155,16.0,6.998316498316498,0.9865319865319864,2036.0,3.427609427609428,33.92,-117.58,2.464
1.2315,43.0,4.053191489361702,1.0957446808510638,854.0,4.542553191489362,33.98,-118.26,0.982
2.1383,30.0,4.997549019607843,1.0866013071895424,2768.0,2.261437908496732,36.78,-119.76,0.788
5.1616,29.0,5.518024032042724,0.9933244325767692,2023.0,2.7009345794392523,37.54,-122.0,2.751
3.2237,31.0,4.65792759051186,1.0649188514357053,2313.0,2.8876404494382024,33.92,-118.14,2.182
3.0625,19.0,5.607142857142857,1.0785714285714283,366.0,2.6142857142857143,39.8,-120.15,0.825
4.7039,24.0,4.447368421052632,1.0,482.0,2.536842105263158,33.73,-117.82,2.25
4.0375,32.0,5.877483443708609,1.0397350993377483,1067.0,3.533112582781457,34.07,-117.68,1.213
3.3892,20.0,4.195493704440026,1.0185553346587144,2957.0,1.959575878064944,34.25,-118.53,3.231
3.631,5.0,4.580882352941177,1.0735294117647058,396.0,2.911764705882353,33.68,-117.8,2.25
4.7328,45.0,5.573913043478261,1.0847826086956522,1056.0,2.2956521739130435,37.78,-122.51,3.511
1.6944,28.0,4.210027100271002,1.0596205962059622,3260.0,4.417344173441735,35.5,-119.28,0.586
3.4934,27.0,5.46,1.0466666666666666,451.0,3.006666666666667,37.57,-120.85,1.938
3.5775,33.0,5.767857142857143,1.0482142857142858,1579.0,2.819642857142857,37.68,-121.01,1.097
3.7917,35.0,5.0,0.9838709677419356,381.0,3.0725806451612905,33.91,-118.12,1.839
5.6427,26.0,7.020560747663551,1.033644859813084,1408.0,2.6317757009345795,37.28,-121.9,3.2
2.1776,46.0,3.97737556561086,1.1447963800904977,1010.0,4.570135746606335,34.01,-118.26,1.183
2.0682,40.0,4.635658914728682,1.1395348837209305,1052.0,4.077519379844961,33.88,-117.56,1.13
3.4844,28.0,5.18018018018018,0.9436936936936936,1312.0,2.954954954954955,34.08,-117.42,1.277
5.3922,26.0,7.085858585858586,0.946969696969697,1617.0,4.083333333333333,37.64,-122.46,3.537
13.3036,50.0,7.660766961651918,1.0029498525073746,964.0,2.8436578171091447,34.04,-118.49,5.00001
5.5581,36.0,6.118466898954704,1.0348432055749128,798.0,2.7804878048780486,33.84,-118.11,2.183
4.0129,17.0,4.059233449477352,0.9686411149825784,598.0,2.083623693379791,37.34,-122.03,3.424
4.075,49.0,5.361305361305361,1.0792540792540792,1061.0,2.473193473193473,38.23,-122.64,2.288
3.0905,12.0,5.122489959839357,1.0562248995983936,3628.0,2.428380187416332,39.78,-121.86,1.178
4.3875,10.0,5.648915187376726,1.0138067061143985,1300.0,2.5641025641025643,37.99,-122.11,2.877
1.7708,32.0,3.685314685314685,1.020979020979021,582.0,4.06993006993007,34.28,-118.44,1.388
2.6981,35.0,5.572327044025157,1.005503144654088,4885.0,3.8404088050314464,38.55,-121.28,1.125
3.9224,39.0,5.332727272727273,1.0727272727272728,1886.0,3.429090909090909,34.05,-117.78,1.313
2.3774,26.0,4.867803837953092,1.0788912579957357,634.0,1.35181236673774,33.6,-117.7,0.743
4.1713,23.0,6.356060606060606,1.0416666666666667,1227.0,4.6477272727272725,33.26,-117.3,1.338
2.6739,16.0,5.603174603174603,1.0803571428571428,2524.0,2.503968253968254,34.12,-116.4,0.78
1.9219,52.0,3.819787985865725,1.098939929328622,904.0,3.1943462897526502,34.12,-118.18,1.651
2.6458,10.0,4.360526315789474,0.9447368421052632,958.0,2.5210526315789474,36.71,-119.57,0.848
7.7234,10.0,8.016901408450705,1.019718309859155,1221.0,3.4394366197183097,34.13,-117.67,3.041
2.2614,50.0,5.378698224852071,1.106508875739645,737.0,2.180473372781065,36.78,-119.8,0.73
2.2813,29.0,4.476340694006309,1.1451104100946372,1696.0,5.350157728706624,34.0,-118.25,1.013
7.6144,34.0,7.171717171717172,0.9974747474747476,1127.0,2.845959595959596,33.79,-118.08,3.762
4.2143,33.0,5.41031941031941,1.063882063882064,1135.0,2.788697788697789,34.25,-118.46,2.242
7.8383,28.0,6.559380378657487,1.0068846815834769,1795.0,3.089500860585198,37.31,-122.0,3.727
5.1084,25.0,6.487025948103793,1.089820359281437,1452.0,2.8982035928143715,33.94,-117.94,3.038
3.2188,38.0,5.571942446043166,1.0359712230215827,636.0,2.287769784172662,32.76,-117.06,1.505
2.6708,52.0,4.863894139886578,1.2079395085066162,1238.0,2.340264650283554,38.11,-122.26,1.097
3.8505,10.0,5.412126068376068,1.0456730769230769,9716.0,2.59508547008547,34.13,-117.59,1.696
5.0323,30.0,6.295264623955432,1.041782729805014,958.0,2.668523676880223,38.35,-122.76,2.224
10.8034,18.0,8.46058091286307,1.004149377593361,1490.0,3.091286307053942,33.97,-117.99,5.00001
3.5893,14.0,9.282051282051285,2.0,88.0,2.2564102564102564,37.32,-119.51,2.143
3.0521,38.0,4.936708860759493,0.9525316455696202,1331.0,4.212025316455696,37.47,-122.15,1.515
3.0917,38.0,4.620535714285714,1.1026785714285714,599.0,2.674107142857143,37.67,-122.11,1.672
5.2118,35.0,5.49009900990099,1.0198019801980198,515.0,2.549504950495049,34.2,-118.49,2.158
4.4674,18.0,4.613899613899614,1.1505791505791505,1886.0,1.8204633204633205,34.05,-118.44,5.00001
7.8647,52.0,7.112962962962963,0.9944444444444444,1391.0,2.575925925925926,37.45,-122.14,5.00001
2.4623,17.0,5.680701754385965,1.024561403508772,705.0,2.473684210526316,39.74,-121.57,1.261
2.0455,52.0,3.8979591836734695,1.0612244897959184,106.0,2.163265306122449,35.39,-119.02,0.725
7.0598,25.0,6.965986394557823,0.9863945578231292,357.0,2.4285714285714284,34.31,-118.49,3.563
5.6223,24.0,6.988269794721408,1.0058651026392962,1146.0,3.360703812316716,37.26,-121.87,2.657
11.6648,27.0,8.920833333333333,1.0833333333333333,635.0,2.645833333333333,33.79,-118.44,5.00001
1.2548,22.0,4.410041841004184,1.0,428.0,1.790794979079498,34.57,-117.29,0.683
3.2292,44.0,5.291814946619217,0.9715302491103204,972.0,3.4590747330960854,34.14,-117.31,0.861
1.9206,26.0,4.097639484978541,1.0246781115879828,3010.0,3.2296137339055795,37.62,-120.98,0.813
4.7794,26.0,6.003597122302159,0.9928057553956836,951.0,3.420863309352518,37.44,-121.91,2.258
3.5804,45.0,4.9056,1.0544,1287.0,2.0592,34.14,-118.1,3.244
2.7981,22.0,4.83623693379791,1.170731707317073,930.0,3.240418118466899,33.88,-118.36,2.75
2.9457,21.0,10.845814977973568,2.1277533039647576,1175.0,2.5881057268722465,38.03,-120.25,1.165
2.5592,16.0,5.554,1.006,1432.0,2.864,40.57,-122.33,0.759
6.4504,35.0,5.2428884026258205,1.032822757111597,1054.0,2.306345733041576,34.11,-118.59,4.07
3.2857,17.0,5.730769230769231,1.0897435897435896,3754.0,4.010683760683761,33.91,-117.49,1.391
4.0174,28.0,5.028056112224449,1.0681362725450902,2846.0,2.851703406813628,37.28,-121.96,2.739
5.6573,19.0,6.713080168776371,1.1772151898734178,891.0,3.759493670886076,33.87,-117.86,2.16
5.4836,18.0,5.271604938271605,0.9209876543209876,1464.0,3.614814814814815,33.7,-117.88,2.258
2.7727,25.0,3.6779661016949152,1.0127118644067796,2267.0,2.4014830508474576,37.36,-121.95,2.356
4.3438,48.0,5.003846153846154,0.9730769230769232,637.0,2.45,34.16,-118.27,2.527
2.9107,29.0,4.97508896797153,1.0462633451957295,1346.0,2.395017793594306,38.44,-122.68,1.697
1.9961,13.0,4.996287128712871,1.0748762376237624,6159.0,1.905631188118812,33.73,-116.99,0.978
4.0313,45.0,4.426470588235294,0.931372549019608,557.0,2.730392156862745,34.19,-118.35,2.091
6.2384,25.0,6.656200941915228,1.0094191522762952,1885.0,2.959183673469388,34.03,-117.8,2.476
1.4817,6.0,4.443645083932854,1.1342925659472425,1397.0,3.3501199040767387,36.77,-119.84,0.72
5.4863,16.0,6.414201183431953,1.014792899408284,1589.0,4.701183431952662,32.67,-117.05,1.538
3.8875,31.0,5.15406162464986,1.0644257703081232,1187.0,3.324929971988796,34.07,-117.71,1.292
3.024,17.0,6.4734513274336285,1.4955752212389382,529.0,2.34070796460177,38.33,-120.41,1.009
2.2333,23.0,6.054313099041534,1.0862619808306708,749.0,2.3929712460063897,36.28,-119.29,1.201
5.9441,15.0,6.87719298245614,0.9707602339181286,485.0,2.8362573099415203,38.36,-122.01,2.282
3.1439,24.0,4.599290780141844,1.053191489361702,441.0,1.5638297872340423,37.4,-122.01,0.475
3.5347,36.0,4.176691729323308,1.033834586466165,1333.0,5.011278195488722,34.27,-118.44,1.581
3.038,12.0,5.912820512820513,1.358974358974359,446.0,2.287179487179487,33.57,-116.87,1.281
3.2196,31.0,4.293159609120521,1.0390879478827362,2695.0,4.389250814332248,34.18,-119.18,1.758
1.3963,41.0,2.746765249537893,0.9408502772643254,2312.0,4.273567467652495,33.99,-118.25,0.929
5.222,42.0,5.8474576271186445,1.0527306967984935,1253.0,2.35969868173258,34.05,-118.39,5.00001
8.1926,15.0,7.429495472186288,1.0,2380.0,3.0789133247089264,33.64,-117.7,3.266
2.5986,11.0,4.264253393665158,0.9936651583710407,5982.0,5.4135746606334845,36.69,-121.62,1.357
3.9271,43.0,5.296187683284457,0.9941348973607038,764.0,2.2404692082111435,38.58,-121.44,1.471
4.5568,11.0,4.934210526315789,1.049342105263158,899.0,2.957236842105264,38.34,-121.97,1.272
2.3095,36.0,4.692847124824684,1.0364656381486677,2151.0,3.016830294530154,37.3,-120.46,0.683
3.2083,26.0,6.667953667953668,1.1158301158301158,802.0,3.096525096525097,36.44,-119.77,0.75
3.7596,21.0,4.112227805695143,1.105527638190955,1015.0,1.7001675041876048,32.84,-117.28,3.813
1.8277,30.0,2.623205741626794,1.1543062200956935,2197.0,2.6279904306220097,34.1,-118.32,1.375
4.1793,35.0,5.497164461247637,1.1247637051039698,1068.0,2.01890359168242,32.82,-117.27,5.00001
2.85,38.0,3.2142857142857144,0.7678571428571429,246.0,4.392857142857143,33.93,-118.25,0.9
4.0125,46.0,4.484662576687117,1.0204498977505112,1814.0,3.70961145194274,37.7,-122.45,2.301
2.375,26.0,6.0,1.0,13.0,1.625,35.87,-120.13,0.713
6.8976,34.0,6.6122715404699735,1.0287206266318538,1627.0,2.1240208877284594,37.83,-122.21,3.333
2.6875,45.0,4.212765957446808,1.0797872340425532,872.0,4.638297872340425,34.02,-118.21,1.297
3.2833,9.0,9.628428927680796,2.117206982543641,825.0,2.057356608478803,33.7,-116.22,1.247
3.4231,15.0,5.442508710801394,0.9581881533101044,961.0,3.3484320557491287,36.2,-119.32,0.833
2.6902,15.0,5.087064676616915,1.1467661691542288,1121.0,2.788557213930348,40.43,-120.57,0.715
5.9024,21.0,6.397476340694007,1.004731861198738,1974.0,3.1135646687697163,34.28,-118.74,2.21
2.218,35.0,5.276393831553974,1.0747330960854091,2736.0,3.245551601423488,33.94,-116.87,0.734
3.7361,23.0,5.352,1.042,1456.0,2.912,38.61,-122.87,1.737
3.575,18.0,3.5566265060240965,1.1397590361445784,838.0,2.019277108433735,37.41,-122.09,2.74
2.5819,44.0,4.58641975308642,0.9567901234567902,434.0,2.6790123456790123,38.34,-122.73,2.096
1.7188,23.0,4.8686868686868685,1.2424242424242424,485.0,2.4494949494949494,38.92,-120.01,0.961
5.2649,26.0,6.88785046728972,1.071651090342679,1024.0,3.190031152647975,37.67,-121.78,1.998
4.2656,22.0,6.697074010327023,1.1308089500860583,1727.0,2.972461273666093,34.4,-119.29,2.414
11.9993,31.0,8.324090121317157,0.9965337954939342,1490.0,2.582322357019064,33.8,-118.45,5.00001
2.375,32.0,3.256756756756757,0.918918918918919,1799.0,4.8621621621621625,33.79,-118.25,1.28
3.505,28.0,4.410755148741419,1.0549199084668193,2517.0,2.879862700228833,34.06,-118.15,2.043
8.7051,48.0,7.433691756272402,1.064516129032258,700.0,2.508960573476702,37.45,-122.14,5.00001
1.9797,19.0,5.589958158995816,1.1548117154811717,1298.0,2.715481171548117,41.8,-124.3,0.858
1.6444,16.0,3.217506631299735,1.059681697612732,1505.0,1.9960212201591512,32.75,-117.1,1.034
5.1463,35.0,6.257028112449799,1.072289156626506,793.0,3.184738955823293,34.2,-118.58,2.202
9.2298,25.0,7.237676056338028,0.9471830985915493,1585.0,2.790492957746479,37.31,-122.05,5.00001
3.5,31.0,5.173400673400673,1.0387205387205387,2640.0,4.444444444444445,34.09,-117.98,1.613
2.425,17.0,3.1600877192982457,1.162280701754386,769.0,1.6864035087719298,33.89,-117.87,1.717
3.9728,12.0,4.938574938574939,1.0368550368550369,784.0,1.9262899262899265,37.05,-122.03,1.909
3.8465,17.0,5.134993446920053,1.0642201834862386,4419.0,2.895806028833552,34.1,-117.84,1.807
5.575,10.0,6.247572815533981,1.0097087378640777,3242.0,3.1475728155339806,35.39,-119.08,1.322
6.1049,35.0,6.757575757575758,1.0,1251.0,2.9160839160839163,34.14,-117.85,2.972
4.1372,33.0,4.91120218579235,1.0724043715846994,1621.0,2.21448087431694,33.66,-117.89,2.652
4.2383,18.0,7.572438162544169,1.0565371024734982,828.0,2.925795053003533,33.17,-117.32,2.39
4.1023,45.0,5.95575221238938,1.0707964601769913,880.0,2.595870206489676,33.83,-118.17,2.173
4.8409,29.0,5.105809128630705,1.1099585062240664,1236.0,2.564315352697096,33.91,-118.35,2.44
6.8226,26.0,7.977678571428571,1.0133928571428572,639.0,2.852678571428572,33.66,-117.95,3.298
2.5833,26.0,5.05511811023622,0.9409448818897638,820.0,3.228346456692913,36.9,-119.98,0.623
3.6667,15.0,14.304761904761904,2.9285714285714284,437.0,2.080952380952381,33.8,-116.48,0.9
1.0424,32.0,3.941747572815534,0.9902912621359224,1509.0,2.441747572815534,38.61,-121.45,0.814
4.1,36.0,4.902612826603326,1.1258907363420427,1366.0,3.244655581947744,33.91,-118.36,2.431
1.6122,41.0,3.2764976958525347,1.101382488479263,1640.0,3.778801843317973,34.05,-118.22,1.571
2.4701,28.0,3.622262773722628,1.062043795620438,1092.0,1.9927007299270072,34.44,-119.76,2.909
3.2917,42.0,8.062893081761006,1.2452830188679245,451.0,2.836477987421384,39.1,-121.83,0.979
4.0982,11.0,5.7898550724637685,1.0434782608695652,1757.0,3.182971014492753,33.8,-117.32,1.733
4.0,24.0,5.053846153846154,1.0134615384615384,1389.0,2.671153846153846,33.08,-117.3,3.432
3.3214,24.0,9.308474576271186,1.7423728813559325,731.0,2.477966101694915,33.36,-116.34,1.764
5.299,12.0,7.214932126696833,1.0475113122171946,1200.0,2.7149321266968327,34.91,-120.44,2.268
2.0109,15.0,7.124542124542124,1.9633699633699635,515.0,1.8864468864468864,33.4,-115.99,0.543
3.4265,36.0,4.843971631205674,1.127659574468085,505.0,3.5815602836879434,38.0,-121.12,1.589
5.0958,16.0,5.4281984334203655,1.0287206266318538,746.0,1.947780678851175,32.79,-117.2,3.0
2.0474,37.0,4.957446808510638,1.053191489361702,1505.0,3.202127659574468,39.36,-121.7,0.56
1.8417,33.0,3.7804878048780486,0.9817073170731708,420.0,2.5609756097560976,32.63,-117.09,1.5
6.3249,15.0,6.869070208728653,1.045540796963947,4178.0,2.6426312460468058,34.26,-118.62,2.621
5.244,35.0,5.488970588235294,0.9816176470588236,811.0,2.981617647058824,33.8,-117.96,2.18
3.1133,27.0,4.201923076923077,0.96875,985.0,2.3677884615384617,34.11,-117.85,1.806
4.0662,52.0,5.578125,1.046875,440.0,2.2916666666666665,37.74,-122.14,2.042
8.0074,18.0,7.993911719939117,1.0441400304414004,1870.0,2.846270928462709,37.85,-122.12,4.541
5.0346,10.0,7.106598984771574,1.076142131979695,2573.0,3.265228426395939,33.88,-117.36,2.405
1.7857,25.0,5.019354838709678,0.8709677419354839,340.0,2.193548387096774,38.81,-121.58,2.583
4.3583,36.0,6.1139896373057,1.049222797927461,1479.0,3.83160621761658,33.82,-117.92,1.872
2.5195,20.0,5.049707602339181,1.128654970760234,730.0,2.134502923976608,37.96,-121.33,0.926
11.5706,36.0,7.68213058419244,1.0618556701030928,1315.0,2.259450171821306,37.87,-122.47,5.00001
1.1576,44.0,3.279620853080569,0.976303317535545,398.0,1.886255924170616,40.87,-124.09,0.875
6.0088,36.0,5.3752808988764045,0.997752808988764,1346.0,3.0247191011235954,33.89,-118.34,2.459
1.8681,42.0,4.377049180327869,0.9617486338797814,711.0,3.885245901639344,34.1,-117.32,0.597
3.3,30.0,5.086206896551724,1.091954022988506,990.0,2.8448275862068964,34.15,-117.25,0.976
6.2048,23.0,7.304843304843305,0.9886039886039886,1043.0,2.971509971509972,37.73,-121.93,2.75
2.9491,49.0,4.939716312056738,1.0283687943262412,605.0,2.145390070921986,34.16,-118.28,2.574
5.9499,25.0,5.134275618374558,0.9575971731448764,695.0,2.45583038869258,33.92,-118.4,3.458
2.0096,22.0,4.027027027027027,1.045045045045045,754.0,3.3963963963963963,33.9,-118.26,1.107
3.3153,36.0,6.100671140939597,1.0838926174496644,953.0,3.197986577181208,38.25,-122.06,0.99
4.5875,32.0,6.712418300653595,1.0588235294117647,843.0,2.7549019607843137,38.33,-122.77,2.907
3.703,22.0,3.881606765327696,1.116983791402396,6664.0,2.3481324876673715,33.84,-118.36,3.613
3.4632,6.0,5.488421052631579,1.1726315789473685,1266.0,2.665263157894737,37.69,-121.03,1.377
3.625,33.0,10.909090909090908,2.227272727272727,63.0,2.863636363636364,40.63,-120.35,2.0
4.1304,18.0,4.674367436743674,1.0264026402640265,2047.0,2.251925192519252,34.2,-118.5,2.291
1.462,27.0,4.335329341317365,1.0239520958083832,1514.0,2.266467065868264,34.12,-117.27,0.702
8.5938,43.0,7.559686888454012,1.050880626223092,1398.0,2.735812133072407,34.04,-118.4,5.00001
5.7914,52.0,7.188888888888889,0.9722222222222222,434.0,2.411111111111111,32.76,-117.19,5.00001
4.6976,36.0,5.362612612612613,0.9436936936936936,1669.0,3.759009009009009,33.92,-118.09,1.711
4.4464,38.0,4.874493927125506,1.0850202429149798,921.0,3.7287449392712553,37.64,-122.41,2.154
3.0125,52.0,4.941780821917808,1.0650684931506849,660.0,2.26027397260274,37.83,-122.26,1.844
4.8021,22.0,4.94750656167979,0.9540682414698164,1657.0,2.174540682414698,37.37,-122.07,4.575
3.7051,52.0,5.6879194630872485,1.1593959731543624,1645.0,2.76006711409396,37.76,-122.39,2.537
5.0747,35.0,4.944723618090452,0.8994974874371859,661.0,3.321608040201005,33.84,-117.98,1.896
0.8106,16.0,3.43,1.085,614.0,3.07,34.64,-120.46,0.833
5.0865,36.0,6.086330935251799,0.946043165467626,778.0,2.7985611510791366,34.2,-118.31,3.496
3.851,16.0,6.912408759124087,1.1897810218978102,477.0,3.4817518248175183,35.17,-120.43,3.15
1.0469,42.0,4.274193548387097,0.9919354838709676,390.0,3.1451612903225805,34.06,-117.33,0.67
1.5625,21.0,3.930909090909091,0.9236363636363636,715.0,2.6,39.4,-123.36,0.715
2.5329,31.0,4.055639097744361,1.037593984962406,2220.0,3.338345864661654,36.67,-121.62,1.352
5.1728,7.0,4.650485436893204,0.8155339805825242,327.0,3.174757281553398,36.29,-119.8,1.075
4.0625,21.0,6.41038961038961,0.987012987012987,1164.0,3.0233766233766235,33.94,-117.38,1.368
5.2542,24.0,6.830645161290323,1.0241935483870968,1078.0,2.8978494623655915,32.89,-116.94,2.278
2.3108,28.0,5.134357005758157,1.0115163147792707,1392.0,2.671785028790787,36.76,-119.71,0.72
7.8537,22.0,8.156182212581346,1.0455531453362257,1485.0,3.2212581344902387,33.9,-117.8,3.549
3.2277,4.0,6.541910331384016,1.1695906432748535,3126.0,3.046783625730994,34.47,-117.54,1.265
7.7112,42.0,5.59375,1.0044642857142858,492.0,2.196428571428572,34.14,-118.38,3.867
7.3521,32.0,6.775757575757575,1.0545454545454545,818.0,2.478787878787879,37.99,-122.54,4.44
4.3529,38.0,6.154723127035831,1.0,1495.0,2.43485342019544,32.77,-117.07,1.84
3.1979,17.0,5.461038961038961,0.948051948051948,473.0,3.071428571428572,32.96,-115.59,1.135
3.9886,32.0,4.740402193784278,1.0347349177330896,1596.0,2.917733089579525,34.21,-118.54,1.992
3.9408,34.0,4.402035623409669,1.0865139949109417,1008.0,2.564885496183206,33.8,-118.34,3.277
3.1546,34.0,4.669576059850374,1.1945137157107233,1622.0,2.0224438902743143,36.98,-121.95,2.612
3.1446,13.0,3.284815106215578,1.03933910306845,2257.0,1.7757671125098349,34.22,-119.06,1.771
3.1987,21.0,7.08,1.345,779.0,3.895,37.0,-121.76,2.798
3.312,17.0,6.451757666417352,1.3904263275991025,3497.0,2.6155572176514585,33.72,-116.37,1.213
3.4886,35.0,5.332480818414322,1.0230179028132993,1112.0,2.843989769820972,33.95,-118.02,1.739
1.1979,33.0,2.0207253886010363,1.0310880829015543,435.0,2.2538860103626943,34.06,-118.24,3.5
1.74,28.0,6.158892128279883,1.217201166180758,1908.0,2.7813411078717203,41.86,-121.93,0.44
2.567,21.0,5.091935483870968,1.0274193548387096,2268.0,3.658064516129032,37.38,-120.64,0.704
2.4612,45.0,4.370473537604457,1.0,1203.0,3.350974930362117,34.03,-118.14,1.805
2.5952,48.0,5.667924528301887,1.0264150943396226,590.0,2.2264150943396226,32.77,-117.11,1.903
4.5347,12.0,6.504098360655738,1.0655737704918034,1590.0,3.258196721311476,36.93,-119.88,1.012
4.635,36.0,6.693761814744802,1.077504725897921,1478.0,2.7939508506616257,37.71,-122.06,2.486
3.2875,48.0,5.331230283911672,1.0694006309148263,962.0,3.034700315457413,37.72,-122.46,2.215
2.6637,14.0,3.925438596491228,1.0789473684210529,1933.0,2.119517543859649,35.34,-119.05,1.75
3.5893,52.0,4.7074626865671645,1.0238805970149254,836.0,2.495522388059701,34.27,-119.27,2.066
4.8304,39.0,5.523684210526316,1.0447368421052632,1500.0,3.947368421052632,34.13,-118.13,4.932
8.2953,11.0,7.471590909090909,0.9289772727272728,1256.0,3.5681818181818183,33.66,-117.69,3.505
4.8311,15.0,6.3478260869565215,1.064412238325282,2240.0,3.607085346215781,34.03,-117.62,1.76
3.9758,48.0,4.418604651162791,1.0232558139534884,1491.0,2.476744186046512,37.76,-122.48,3.486
2.3333,33.0,5.782828282828283,0.9949494949494948,508.0,2.5656565656565657,36.78,-119.75,0.813
2.4554,30.0,4.594520547945206,0.9808219178082191,1159.0,3.175342465753425,36.2,-119.08,0.612
2.7986,14.0,4.586837294332724,1.117001828153565,1814.0,3.316270566727605,33.75,-117.96,1.761
6.5853,16.0,7.379464285714286,1.0178571428571428,690.0,3.080357142857143,32.91,-117.08,2.484
6.4027,11.0,6.92042755344418,1.0475059382422802,2588.0,3.0736342042755345,33.05,-117.24,3.442
3.7235,48.0,4.662393162393163,1.0085470085470083,632.0,2.700854700854701,34.11,-118.16,2.636
4.4213,11.0,7.34593572778828,1.1323251417769375,1605.0,3.034026465028356,37.74,-121.11,1.827
4.5189,45.0,5.637010676156583,1.0640569395017794,1341.0,2.386120996441281,32.69,-117.17,4.222
3.9063,32.0,5.404109589041096,0.9726027397260274,836.0,2.863013698630137,37.64,-122.09,1.842
7.8164,52.0,6.562176165803109,1.0414507772020725,981.0,2.5414507772020727,34.05,-118.42,5.00001
7.248,24.0,6.557823129251701,0.9642857142857144,1741.0,2.9608843537414966,33.7,-118.01,3.027
4.3261,36.0,5.60655737704918,0.9929742388758782,1490.0,3.489461358313817,34.21,-118.52,2.067
2.3333,45.0,5.157894736842105,1.0964912280701755,471.0,2.0657894736842106,34.16,-118.4,3.647
3.8542,5.0,3.8246187363834414,1.0980392156862746,1599.0,1.7418300653594772,32.87,-117.22,1.766
2.6591,33.0,5.110738255033557,1.3120805369127515,753.0,2.5268456375838926,34.11,-118.18,1.838
3.9265,18.0,4.31994459833795,1.1121883656509697,1395.0,1.93213296398892,38.0,-122.55,3.011
1.9728,32.0,5.468208092485549,1.1445086705202312,624.0,3.606936416184971,37.55,-121.03,0.979
6.0394,16.0,6.29874213836478,0.9433962264150944,1172.0,3.6855345911949686,33.88,-117.97,3.216
6.187,31.0,7.420345489443378,1.0191938579654511,1368.0,2.6257197696737045,37.72,-122.08,3.404
2.8372,26.0,5.955523672883787,1.1807747489239595,2822.0,4.048780487804878,32.71,-117.07,1.234
5.2249,39.0,7.064425770308123,1.0644257703081232,1113.0,3.117647058823529,34.12,-118.04,4.452
4.6226,36.0,5.126237623762377,0.9851485148514852,988.0,2.445544554455445,33.96,-118.02,2.197
1.9886,39.0,4.962174940898345,1.0236406619385343,929.0,2.1962174940898347,39.23,-121.07,1.138
5.6018,16.0,6.767241379310345,0.9913793103448276,1014.0,2.913793103448276,38.37,-122.71,2.53
2.706,19.0,4.877551020408164,0.9271137026239068,1298.0,3.784256559766764,36.22,-119.37,0.648
4.8155,24.0,6.631961259079903,1.0024213075060533,1171.0,2.835351089588378,34.96,-120.43,1.629
4.0625,11.0,5.714285714285714,0.9933035714285714,952.0,2.125,33.15,-117.29,0.875
4.3906,44.0,5.936675461741425,0.9973614775725592,928.0,2.4485488126649075,35.4,-119.0,0.939
2.0625,6.0,4.720538720538721,0.9781144781144782,2807.0,4.725589225589226,32.67,-115.52,0.677
3.1065,48.0,4.978947368421053,1.0315789473684212,1034.0,2.176842105263158,37.88,-122.29,2.292
4.5714,29.0,6.055016181229774,1.019417475728155,1066.0,3.449838187702265,36.27,-119.78,1.008
2.5714,43.0,4.9393939393939394,0.9772727272727272,1322.0,2.503787878787879,37.98,-121.27,0.7
5.8543,52.0,4.502183406113537,1.1397379912663756,2065.0,1.502911208151383,37.79,-122.43,5.00001
3.017,52.0,4.977777777777778,0.8444444444444444,120.0,2.6666666666666665,39.25,-122.08,1.125
2.4148,27.0,3.914209115281501,1.032171581769437,1935.0,2.5938337801608577,32.63,-117.09,0.675
1.2857,39.0,4.031496062992126,1.0393700787401574,443.0,3.4881889763779528,37.61,-120.99,0.6
4.0288,35.0,5.333333333333333,0.986842105263158,893.0,3.9166666666666665,33.86,-117.93,1.84
1.0531,38.0,3.5411255411255413,0.9393939393939394,953.0,4.125541125541125,32.7,-117.12,0.657
4.2381,22.0,5.777777777777778,1.0049019607843137,1650.0,2.696078431372549,34.27,-119.23,2.293
10.7237,21.0,8.837606837606838,1.0,323.0,2.7606837606837606,37.41,-122.18,5.00001
5.2573,21.0,5.60285132382892,1.0224032586558045,2027.0,4.128309572301426,37.65,-122.46,3.229
1.6011,52.0,3.81619937694704,1.0342679127725856,955.0,2.9750778816199377,32.71,-117.14,1.063
5.7509,47.0,5.212218649517685,1.0096463022508038,724.0,2.327974276527331,34.05,-118.39,4.741
3.2196,31.0,4.293159609120521,1.0390879478827362,2695.0,4.389250814332248,34.18,-119.18,1.758
4.6898,45.0,5.03921568627451,1.0137254901960784,1256.0,2.462745098039216,34.18,-118.33,2.26
3.4539,43.0,4.561068702290076,0.9770992366412212,1251.0,4.774809160305344,33.92,-118.22,1.25
1.6705,12.0,3.147208121827412,1.0888324873096449,1441.0,1.8286802030456848,33.69,-117.99,3.5
2.6583,52.0,4.310204081632653,0.9142857142857144,792.0,3.23265306122449,37.78,-122.21,1.426
3.7065,16.0,5.487272727272727,1.0751515151515152,2531.0,3.067878787878788,37.52,-120.84,1.248
4.6,34.0,5.332258064516129,0.9419354838709676,1003.0,3.235483870967742,33.89,-118.01,2.034
2.8864,23.0,5.60702875399361,1.02555910543131,1061.0,3.389776357827476,38.69,-121.79,1.031
3.9539,33.0,5.656790123456791,1.0839506172839506,1187.0,2.930864197530864,33.84,-117.98,1.911
3.5214,15.0,3.0499445061043287,1.106548279689234,1447.0,1.605993340732519,37.63,-122.43,1.442
4.962,20.0,24.532894736842103,4.039473684210527,365.0,2.401315789473684,39.24,-120.07,1.695
2.0221,33.0,5.646288209606987,1.1877729257641922,694.0,3.03056768558952,36.19,-119.82,0.522
5.1647,5.0,5.942942942942943,0.9984984984984984,2456.0,3.687687687687688,34.04,-117.5,1.547
1.6953,19.0,3.1404199475065617,0.9566929133858268,1938.0,2.543307086614173,34.19,-119.18,1.674
2.7028,29.0,4.828326180257511,1.1373390557939915,1760.0,2.5178826895565094,34.03,-117.04,0.92
1.4946,34.0,4.340694006309148,1.1861198738170349,702.0,2.214511041009464,39.15,-121.58,0.555
2.2132,23.0,7.596153846153846,1.3461538461538465,166.0,3.1923076923076925,36.72,-121.06,1.0
4.0375,32.0,5.877483443708609,1.0397350993377483,1067.0,3.533112582781457,34.07,-117.68,1.213
3.5972,39.0,2.66990291262136,0.8446601941747572,554.0,5.378640776699029,33.75,-117.86,1.58
10.6767,48.0,8.171617161716172,1.033003300330033,900.0,2.9702970297029703,34.12,-118.11,5.00001
6.0604,20.0,6.219409282700422,0.9936708860759492,1181.0,2.4915611814346,37.67,-121.89,2.479
1.4384,5.0,3.7740046838407495,1.100702576112412,3284.0,3.8454332552693207,32.55,-117.06,1.088
3.141,21.0,5.481751824817518,1.0121654501216546,1050.0,2.554744525547445,38.73,-121.36,2.201
5.1589,35.0,5.183361629881155,1.0577249575551784,1311.0,2.225806451612903,33.82,-118.38,4.392
3.9688,52.0,4.877593360995851,1.024896265560166,1126.0,2.336099585062241,37.56,-122.31,3.569
1.8319,36.0,4.217008797653959,1.0205278592375366,1054.0,3.090909090909091,35.39,-118.99,0.554
4.1645,32.0,6.1985611510791365,1.0316546762589929,2002.0,2.880575539568345,37.28,-121.89,2.819
2.5434,36.0,4.600508905852418,0.9910941475826972,1994.0,2.536895674300254,36.78,-119.77,0.673
4.5833,27.0,5.817258883248731,0.9593908629441624,595.0,3.020304568527919,34.27,-118.79,1.985
6.448,30.0,6.641025641025641,0.967948717948718,467.0,2.993589743589744,37.34,-122.02,3.606
4.0833,2.0,7.416666666666667,1.3072916666666667,681.0,3.546875,33.83,-117.23,1.0
3.3632,33.0,4.553003533568905,1.0424028268551238,1867.0,3.2985865724381624,37.6,-122.38,2.651
4.5,33.0,5.5311004784689,0.9090909090909092,643.0,3.076555023923445,37.97,-122.32,1.566
3.7813,18.0,5.357142857142857,1.0526315789473684,753.0,2.830827067669173,36.58,-119.45,0.873
4.5122,36.0,6.379679144385027,1.0588235294117647,1176.0,3.144385026737968,33.93,-117.43,1.133
3.125,48.0,6.430711610486892,1.149812734082397,610.0,2.284644194756554,34.14,-117.29,0.976
2.08,30.0,5.140316205533597,1.0553359683794463,1702.0,3.363636363636364,39.12,-121.57,0.566
1.7266,21.0,5.173652694610778,1.248502994011976,731.0,2.188622754491018,38.76,-120.59,0.947
2.825,32.0,4.784232365145228,0.979253112033195,761.0,3.1576763485477177,36.59,-119.44,0.676
2.9605,37.0,4.48,1.06,1618.0,4.622857142857143,34.13,-117.99,1.294
2.6083,38.0,5.14026402640264,1.0264026402640265,1238.0,2.042904290429043,36.21,-119.33,0.67
4.875,26.0,6.9,1.15,100.0,5.0,33.96,-118.37,1.75
2.2083,44.0,8.280701754385966,1.4210526315789471,206.0,3.6140350877192975,32.8,-115.73,0.938
2.7477,4.0,4.509516837481699,1.2108345534407028,1195.0,1.7496339677891657,38.68,-121.26,1.33
3.7143,34.0,4.694214876033058,1.1528925619834711,2164.0,4.471074380165289,34.21,-118.37,1.757
5.7519,27.0,7.331775700934579,1.1308411214953271,583.0,2.7242990654205608,37.66,-121.87,2.785
8.2598,52.0,7.094707520891365,1.0389972144846795,876.0,2.4401114206128134,37.57,-122.34,5.00001
1.9955,50.0,5.101010101010101,0.98989898989899,852.0,2.8686868686868685,36.75,-119.75,0.542
4.175,14.0,5.604698672114402,1.0459652706843718,2823.0,2.8835546475995915,37.14,-121.64,2.298
3.3095,36.0,5.473118279569892,1.10752688172043,1154.0,4.136200716845878,33.89,-118.25,1.055
6.776,21.0,6.753371868978806,1.0240847784200386,3331.0,3.2090558766859343,34.37,-118.55,2.781
8.1189,52.0,8.154761904761905,1.0515873015873016,735.0,2.9166666666666665,37.74,-122.47,5.00001
2.4821,37.0,5.250712250712251,1.0427350427350428,1207.0,3.438746438746439,33.88,-118.24,1.11
4.0909,16.0,5.278350515463917,0.961340206185567,1052.0,2.711340206185567,36.33,-119.66,0.928
2.3125,38.0,3.3943661971830985,1.0766823161189358,3036.0,4.751173708920188,33.94,-118.36,1.485
5.0077,35.0,5.346666666666667,1.02,445.0,2.966666666666667,33.93,-118.0,1.85
6.471,52.0,6.729372937293729,0.9867986798679867,772.0,2.547854785478548,37.58,-122.38,5.00001
2.0675,25.0,3.1467991169977925,1.0684326710816776,3744.0,4.132450331125828,33.79,-118.2,1.167
2.7222,40.0,4.911864406779661,0.952542372881356,636.0,2.1559322033898307,38.44,-122.69,1.612
4.3583,36.0,6.1139896373057,1.049222797927461,1479.0,3.83160621761658,33.82,-117.92,1.872
2.8648,29.0,4.7405857740585775,0.9246861924686192,918.0,3.8410041841004174,33.73,-116.23,0.721
7.6473,17.0,7.891764705882353,0.9929411764705882,1457.0,3.428235294117647,37.8,-121.98,3.458
2.4286,23.0,4.14,0.9,171.0,3.42,36.18,-119.63,1.0
5.3344,12.0,7.594235033259423,1.2172949002217297,1357.0,3.008869179600887,38.58,-121.0,2.175
2.0915,16.0,4.523897058823529,1.1130514705882353,2557.0,2.350183823529412,38.39,-122.7,1.681
3.3906,52.0,7.385416666666667,1.7777777777777777,733.0,2.545138888888889,33.33,-118.32,3.0
4.9028,15.0,6.391666666666667,1.0458333333333334,761.0,3.1708333333333334,34.87,-120.41,1.936
4.7031,34.0,5.5019607843137255,1.0274509803921568,839.0,3.2901960784313724,37.74,-122.41,2.552
3.2734,32.0,4.239583333333333,1.08125,2282.0,4.754166666666666,33.92,-118.18,1.364
3.2917,30.0,5.608,1.048,356.0,2.848,33.87,-117.58,1.443
8.2953,11.0,7.471590909090909,0.9289772727272728,1256.0,3.5681818181818183,33.66,-117.69,3.505
3.5625,17.0,4.776523702031603,1.069977426636569,662.0,1.4943566591422122,33.61,-117.74,1.808
1.6827,52.0,4.934725848563969,1.0966057441253263,974.0,2.5430809399477807,39.72,-121.83,0.787
4.7639,36.0,5.261818181818182,1.0036363636363637,799.0,2.9054545454545453,37.66,-122.44,2.656
5.6573,19.0,6.713080168776371,1.1772151898734178,891.0,3.759493670886076,33.87,-117.86,2.16
1.8446,25.0,4.8359375,1.037109375,1589.0,1.5517578125,33.74,-116.98,0.857
4.0231,41.0,4.330561330561331,1.0977130977130978,993.0,2.0644490644490645,34.03,-118.45,3.539
3.75,10.0,3.45,0.8,50.0,2.5,38.01,-121.29,1.208
2.4708,22.0,5.645328719723183,1.3823529411764706,1384.0,2.394463667820069,41.13,-124.06,1.194
2.8636,24.0,3.872,0.96,631.0,2.524,37.25,-121.88,2.403
2.0,52.0,5.506410256410256,1.1346153846153846,1026.0,3.2884615384615383,34.0,-118.3,1.28
4.6211,15.0,5.3215926493108725,1.0505359877488514,2568.0,3.932618683001532,37.59,-122.07,1.514
4.6452,23.0,5.572815533980583,1.022653721682848,865.0,2.799352750809061,33.68,-117.97,2.738
3.6908,38.0,4.962825278810409,1.0483271375464684,1011.0,3.758364312267658,33.92,-118.08,1.575
6.431,30.0,7.06390977443609,0.849624060150376,740.0,2.781954887218045,34.0,-118.35,4.925
4.6781,52.0,5.399749373433584,1.1804511278195489,1297.0,1.6253132832080202,37.81,-122.43,5.00001
3.5341,25.0,6.012953367875648,1.0310880829015543,1434.0,3.715025906735751,32.7,-117.01,1.208
3.9766,47.0,6.277777777777778,1.0694444444444444,310.0,2.1527777777777777,38.45,-122.7,1.906
5.9177,27.0,5.53968253968254,0.9206349206349206,391.0,3.103174603174604,33.92,-117.9,2.676
7.2559,20.0,7.364179104477612,0.991044776119403,731.0,2.182089552238806,32.82,-117.24,3.923
2.7139,52.0,5.389830508474576,1.023728813559322,844.0,2.8610169491525426,33.97,-118.32,1.649
3.4543,12.0,4.801041666666666,1.046875,2293.0,2.388541666666667,38.32,-122.28,1.945
2.0286,32.0,3.684210526315789,1.1169590643274854,1434.0,4.192982456140351,34.29,-118.44,1.229
4.8667,44.0,5.990610328638498,1.0985915492957747,538.0,2.5258215962441315,33.86,-118.14,2.183
4.2986,36.0,6.036734693877551,1.0244897959183674,741.0,3.024489795918367,34.08,-117.92,1.896
5.8798,23.0,6.393464052287582,1.0366013071895426,2447.0,3.1986928104575165,34.21,-118.57,2.705
2.5833,29.0,3.481835564053537,1.124282982791587,1397.0,2.6711281070745696,33.95,-118.38,1.875
6.5954,17.0,7.683018867924528,1.0264150943396226,713.0,2.690566037735849,33.44,-117.61,3.462
4.9091,43.0,5.051224944320713,0.975501113585746,1151.0,2.56347438752784,37.54,-122.29,2.932
4.0893,16.0,4.6104651162790695,1.0959302325581397,625.0,1.816860465116279,34.15,-118.34,4.5
2.3355,18.0,5.711722488038277,1.059808612440191,1868.0,2.2344497607655502,33.97,-117.01,1.188
5.7705,25.0,6.494755244755245,1.0052447552447552,1640.0,2.867132867132867,33.78,-118.04,2.471
2.3783,18.0,4.262443438914027,1.0,1915.0,4.332579185520362,33.74,-117.9,1.667
2.4219,33.0,4.311244979919679,1.0140562248995983,1371.0,2.753012048192771,33.88,-118.31,2.607
6.2464,4.0,6.461855670103093,1.0391752577319588,1599.0,3.296907216494845,33.65,-117.6,2.339
4.4063,9.0,4.564426877470356,1.0434782608695652,3086.0,2.439525691699605,33.63,-117.67,2.022
3.0954,19.0,5.085365853658536,1.0311653116531163,1952.0,2.644986449864499,40.55,-122.41,0.865
2.875,34.0,10.046321525885558,2.0599455040871937,941.0,2.564032697547684,34.24,-117.27,1.176
1.303,41.0,3.729957805907173,1.0021097046413503,1721.0,3.630801687763713,34.0,-118.25,0.904
2.9167,34.0,4.588235294117647,1.0441176470588236,986.0,3.625,34.96,-120.44,1.042
3.6875,42.0,5.707865168539326,0.9737827715355806,651.0,2.438202247191011,37.78,-122.17,1.573
1.9063,52.0,3.603399433427762,0.9121813031161472,984.0,2.7875354107648724,34.09,-118.29,2.616
2.15,15.0,4.060975609756097,0.926829268292683,247.0,1.5060975609756098,32.8,-117.09,1.313
8.8062,52.0,6.932475884244373,0.9839228295819936,861.0,2.7684887459807075,34.07,-118.32,5.00001
3.4306,34.0,5.774410774410774,0.9764309764309764,780.0,2.6262626262626263,36.22,-119.09,0.743
4.725,44.0,5.969945355191257,0.9754098360655736,943.0,2.576502732240437,37.94,-122.08,2.321
4.9191,36.0,5.874617737003058,1.0061162079510704,969.0,2.963302752293578,33.94,-118.01,1.887
5.6931,18.0,6.696594427244582,1.0139318885448916,1753.0,2.713622291021672,37.97,-122.1,2.696
3.2083,21.0,4.150273224043716,1.0601092896174864,1203.0,3.28688524590164,33.87,-117.88,1.453
2.1522,39.0,3.7813021702838063,1.0484140233722872,2323.0,3.8781302170283807,33.96,-118.21,1.553
3.1583,52.0,5.364238410596027,1.1390728476821192,326.0,2.1589403973509933,38.57,-121.46,1.4
1.9811,16.0,6.10472972972973,1.1689189189189189,587.0,1.983108108108108,34.19,-118.96,1.625
2.5809,52.0,4.700280112044818,1.0812324929971988,1220.0,3.417366946778712,37.75,-122.41,2.553
4.125,52.0,5.792857142857143,1.0809523809523809,1070.0,2.5476190476190474,37.77,-122.5,3.595
4.8,31.0,5.546875,0.9732142857142856,942.0,2.102678571428572,32.78,-117.06,2.208
2.1979,22.0,6.972602739726027,1.4109589041095891,139.0,1.904109589041096,38.57,-122.26,1.528
3.8214,36.0,5.897435897435898,1.0128205128205128,690.0,2.948717948717949,33.83,-117.95,2.109
2.0672,37.0,2.8308431163287087,1.056563500533618,3895.0,2.0784418356456777,34.1,-118.3,2.833
0.7684,31.0,2.569230769230769,1.0307692307692309,780.0,6.0,40.87,-124.07,1.531
2.2708,34.0,3.53,1.102,2203.0,4.406,34.07,-118.2,1.596
4.4028,33.0,5.924083769633508,1.12565445026178,900.0,2.356020942408377,34.02,-118.37,2.468
3.3333,16.0,19.119565217391305,3.8768115942028976,657.0,2.380434782608696,33.83,-116.75,1.434
2.6957,23.0,3.667953667953668,1.111969111969112,2249.0,2.8944658944658945,34.2,-118.48,1.917
2.875,37.0,4.400749063670412,0.9737827715355806,951.0,3.561797752808989,37.96,-121.24,0.577
2.7708,4.0,4.423444976076555,1.3803827751196172,1529.0,3.657894736842105,33.99,-118.22,1.863
2.6288,37.0,5.230061349693251,0.9969325153374232,827.0,2.53680981595092,38.52,-121.45,0.712
4.5375,23.0,4.6,1.1,118.0,2.95,37.74,-122.44,3.5
2.725,39.0,2.438271604938272,0.9814814814814816,620.0,3.8271604938271606,32.69,-117.11,0.865
3.5039,29.0,5.921501706484642,1.1023890784982937,805.0,2.7474402730375425,36.22,-119.33,0.899
5.195,23.0,6.182389937106918,0.9916142557651992,1671.0,3.50314465408805,33.86,-117.6,1.61
1.7574,42.0,4.722222222222222,1.0972222222222223,1300.0,2.5793650793650795,40.5,-124.1,0.575
5.5,46.0,5.443956043956044,1.0065934065934066,1034.0,2.2725274725274724,34.1,-117.72,2.897
3.1445,45.0,4.840361445783133,0.9969879518072288,633.0,1.9066265060240963,34.11,-118.28,4.383
2.75,5.0,3.889344262295082,1.1762295081967211,497.0,2.03688524590164,33.64,-117.92,2.25
2.0087,36.0,3.4941471571906355,1.0585284280936456,4582.0,3.831103678929766,33.98,-118.19,1.721
3.6646,7.0,6.002450980392157,1.0955882352941178,1217.0,2.982843137254902,34.48,-117.22,1.099
3.875,21.0,4.828214971209213,1.1209213051823417,2461.0,2.361804222648753,37.66,-122.07,1.793
1.9354,35.0,2.7146984470928133,1.0693391115926327,5899.0,2.1303719754423978,34.1,-118.3,3.4
2.9312,25.0,4.5,1.1152173913043475,1078.0,2.343478260869565,33.79,-117.83,2.201
4.5595,35.0,5.642361111111111,1.0486111111111112,1134.0,3.9375,33.99,-118.07,1.649
6.4313,17.0,6.548198636806232,1.0233690360272638,3439.0,3.34858812074002,37.08,-121.56,3.931
4.2143,37.0,5.288235294117647,0.973529411764706,860.0,2.5294117647058822,33.81,-118.12,2.285
2.3305,52.0,3.488859764089122,1.1703800786369594,3018.0,3.955439056356488,33.78,-118.2,1.625
2.5042,19.0,5.739957716701903,1.2600422832980973,1301.0,2.7505285412262155,38.61,-120.66,1.264
3.9792,15.0,3.0072992700729926,0.9343065693430656,310.0,2.2627737226277373,33.96,-118.41,2.667
1.9762,52.0,4.242753623188406,1.1521739130434785,1126.0,4.079710144927536,34.06,-117.75,1.058
3.5357,44.0,4.687074829931973,0.873015873015873,1046.0,2.3718820861678003,34.02,-118.34,1.569
3.375,8.0,5.671232876712328,1.1506849315068493,413.0,2.828767123287671,37.1,-119.85,0.807
3.7171,39.0,4.7631578947368425,1.0210526315789474,839.0,2.207894736842105,34.18,-118.45,2.288
3.1607,28.0,3.587336244541485,1.0676855895196506,1142.0,2.493449781659389,34.26,-118.3,2.006
3.6,44.0,8.419277108433734,1.5301204819277108,693.0,1.6698795180722892,36.55,-121.92,4.528
3.2061,20.0,5.005134788189987,0.9794608472400512,2198.0,2.821566110397946,38.26,-122.02,1.204
2.1944,33.0,4.567415730337078,1.0617977528089888,1062.0,2.9831460674157304,33.93,-117.93,1.396
1.7639,21.0,5.417607223476298,1.0948081264108351,1109.0,2.5033860045146725,41.81,-122.53,0.554
1.4375,36.0,4.417322834645669,1.4173228346456692,340.0,2.677165354330709,34.09,-118.33,1.65
5.163,24.0,5.5,1.0116279069767442,2465.0,2.605708245243129,33.72,-118.03,2.61
2.4516,36.0,3.606232294617564,1.0736543909348442,1398.0,3.960339943342776,33.99,-118.19,1.478
2.5488,42.0,4.775811209439528,1.0029498525073746,906.0,2.672566371681416,37.96,-121.33,0.803
3.0871,42.0,4.381987577639752,0.9751552795031057,1432.0,4.447204968944099,33.92,-118.2,1.388
3.5179,33.0,4.709677419354839,1.0,75.0,2.419354838709677,38.36,-121.99,0.844
4.4102,34.0,6.098630136986301,1.0438356164383562,1464.0,4.010958904109589,34.06,-117.96,1.832
4.4292,17.0,4.950965824665676,1.1322436849925706,1797.0,2.670133729569093,34.18,-119.22,2.312
4.7755,36.0,5.956331877729258,1.0109170305676856,2761.0,3.0141921397379914,37.66,-122.45,2.807
3.5607,21.0,6.12106135986733,1.0613598673300166,1758.0,2.915422885572139,38.83,-121.21,1.519
3.8936,13.0,4.12807881773399,1.1600985221674878,710.0,1.748768472906404,37.26,-121.88,2.259
5.8096,20.0,8.16588785046729,1.0490654205607477,1629.0,3.80607476635514,34.27,-118.75,2.644
3.2462,37.0,4.191219512195122,1.062439024390244,2100.0,2.048780487804878,37.97,-122.51,3.294
2.567,18.0,5.022556390977444,1.0018796992481205,1151.0,2.1635338345864663,39.79,-121.6,1.029
2.1458,22.0,5.287610619469026,1.0707964601769913,1131.0,2.502212389380531,40.71,-122.4,0.847
2.5446,27.0,22.646341463414632,3.953658536585366,1135.0,2.768292682926829,34.26,-117.16,1.352
2.125,37.0,3.657492354740061,1.1131498470948011,1622.0,4.960244648318043,33.98,-118.24,1.089
2.3384,27.0,3.2289156626506026,1.0100401606425702,2031.0,4.078313253012048,36.77,-121.76,1.21
4.1111,10.0,5.904051172707889,1.3198294243070363,1045.0,2.228144989339019,38.03,-121.88,1.586
4.0904,52.0,4.313868613138686,1.2627737226277371,353.0,2.576642335766423,37.77,-122.21,0.806
2.6709,19.0,4.176047904191617,1.148502994011976,2278.0,2.7281437125748504,34.19,-118.44,2.155
5.3911,27.0,5.452586206896552,0.9310344827586208,660.0,2.8448275862068964,37.24,-121.92,2.812
4.2083,14.0,4.825737265415549,0.970509383378016,874.0,2.3431635388739944,33.69,-117.8,2.51
3.43,46.0,5.438438438438438,1.012012012012012,796.0,2.3903903903903903,37.63,-122.42,2.929
2.178,17.0,5.111301369863014,1.0445205479452055,1544.0,2.643835616438356,40.59,-124.14,0.768
3.7318,43.0,4.13,1.07,1029.0,2.058,37.39,-122.09,3.277
5.0917,17.0,6.125954198473282,0.9847328244274808,748.0,2.854961832061069,38.58,-121.34,1.341
2.8958,17.0,4.392905866302865,0.9768076398362892,1381.0,1.884038199181446,34.18,-118.91,1.76
3.9792,22.0,5.855203619909502,0.9841628959276018,1198.0,2.7104072398190047,40.8,-124.02,1.339
4.7917,27.0,4.98125,0.921875,1061.0,3.315625,33.84,-118.09,2.177
3.3801,20.0,4.186991869918699,1.086720867208672,2109.0,2.8577235772357725,34.1,-118.11,1.925
4.6371,31.0,5.576142131979696,1.2106598984771573,1193.0,3.027918781725888,37.57,-122.31,2.711
3.0313,43.0,6.35,1.1166666666666667,259.0,4.316666666666666,33.97,-118.22,1.661
3.1523,14.0,6.1835443037974684,1.1645569620253164,917.0,2.901898734177215,37.98,-120.23,0.933
9.272,40.0,7.372340425531915,0.950354609929078,720.0,2.5531914893617023,34.04,-118.4,5.00001
4.7188,27.0,6.393548387096774,1.2516129032258063,543.0,3.503225806451613,36.97,-122.13,3.5
4.0473,9.0,5.479078514339445,0.9873060648801129,7596.0,3.571227080394922,33.91,-117.23,1.272
3.4222,33.0,5.073322932917317,0.982839313572543,2010.0,3.135725429017161,36.7,-121.66,1.581
6.7718,19.0,5.251173708920188,1.016431924882629,1158.0,2.718309859154929,37.36,-122.0,3.683
5.1163,19.0,6.225206611570248,1.0475206611570247,1356.0,2.801652892561984,34.44,-118.53,2.332
4.9932,18.0,6.211812627291242,1.0366598778004072,3112.0,3.169042769857434,33.99,-117.94,2.84
4.6087,36.0,5.790067720090294,1.0338600451467268,1155.0,2.6072234762979685,33.81,-118.12,2.246
4.1917,26.0,5.435051546391753,0.9649484536082474,1416.0,2.9195876288659792,35.77,-119.23,0.84
4.0556,20.0,4.405769230769231,1.0807692307692307,2325.0,2.235576923076923,37.65,-122.53,2.75
4.121,16.0,5.308527131782946,1.082170542635659,1940.0,3.007751937984496,32.96,-117.03,1.821
2.6513,42.0,5.67420814479638,1.092760180995475,1035.0,2.341628959276018,35.37,-119.03,0.723
5.1837,6.0,6.364681295715778,1.0637408568443052,2064.0,2.156739811912226,33.1,-117.29,2.598
4.7941,24.0,5.986111111111111,1.0527777777777778,1158.0,3.216666666666667,33.15,-117.06,1.475
4.6932,4.0,5.260137719969396,1.1009946442234124,2889.0,2.210405508798776,37.76,-121.94,3.561
3.5208,48.0,6.203557312252965,1.1600790513833992,1319.0,2.6067193675889326,33.97,-118.29,1.342
3.2664,29.0,5.057899901864573,1.0637880274779197,2459.0,2.41315014720314,38.13,-122.23,1.429
1.8958,39.0,5.014409221902017,1.0115273775216138,1098.0,3.164265129682997,36.74,-119.75,0.513
2.2429,52.0,4.638349514563107,1.0072815533980584,777.0,1.8859223300970875,32.73,-117.13,2.211
4.6473,36.0,5.482758620689655,1.0094043887147337,855.0,2.6802507836990594,33.81,-118.13,2.271
2.5795,17.0,5.349304482225657,1.1159196290571871,1947.0,3.009273570324575,41.77,-124.21,0.684
3.8047,35.0,5.015037593984962,1.0526315789473684,406.0,3.0526315789473686,37.75,-122.16,0.943
2.8323,40.0,5.386804657179819,1.0504527813712807,1998.0,2.584734799482536,35.17,-119.46,0.508
2.5833,29.0,3.481835564053537,1.124282982791587,1397.0,2.6711281070745696,33.95,-118.38,1.875
5.2759,14.0,6.50143815915628,0.986097794822627,7600.0,3.6433365292425695,33.99,-117.52,1.829
6.1287,4.0,6.791896869244936,1.0810313075506446,10450.0,3.2074892572130143,34.01,-117.75,2.896
3.1528,35.0,4.158940397350993,0.9735099337748344,2990.0,9.900662251655628,34.05,-118.17,1.218
3.9408,49.0,4.444794952681388,0.9873817034700316,1268.0,4.0,33.97,-118.21,1.706
2.0087,36.0,3.4941471571906355,1.0585284280936456,4582.0,3.831103678929766,33.98,-118.19,1.721
2.625,42.0,4.788203753351207,0.9597855227882036,1318.0,3.533512064343164,33.91,-118.27,1.011
3.7566,32.0,5.453389830508475,1.125,2609.0,5.527542372881356,34.28,-118.41,1.467
1.2054,16.0,3.34375,0.9910714285714286,1277.0,5.700892857142857,37.29,-120.47,0.609
4.3232,28.0,3.732021196063588,1.0454201362604087,2232.0,1.6896290688872069,37.75,-122.44,3.162
3.4808,45.0,4.891191709844559,0.922279792746114,533.0,2.761658031088083,33.81,-118.2,2.069
2.7121,29.0,4.163716814159292,1.0870206489675516,1723.0,2.5412979351032448,33.89,-118.13,1.655
5.6629,33.0,5.556053811659193,1.0246636771300448,1567.0,3.513452914798206,34.23,-118.42,1.867
5.2864,15.0,4.692771084337349,0.9457831325301204,949.0,2.858433734939759,32.92,-117.14,1.744
6.0767,16.0,5.572413793103448,0.9448275862068966,371.0,2.5586206896551724,38.38,-122.02,2.164
3.725,30.0,3.330754352030948,0.9477756286266924,1057.0,2.044487427466151,37.39,-122.09,2.613
1.8125,25.0,3.782442748091603,1.0381679389312977,941.0,3.5916030534351147,36.76,-120.38,0.58
3.23,11.0,11.90079365079365,2.246031746031746,1825.0,2.414021164021164,35.76,-120.93,1.543
1.7868,25.0,5.852739726027397,1.5034246575342465,632.0,2.164383561643836,36.13,-117.69,0.455
3.6602,18.0,5.455840455840455,1.0683760683760684,2767.0,3.9415954415954415,34.08,-117.46,1.207
2.4233,5.0,4.361111111111111,0.8888888888888888,880.0,3.055555555555556,33.69,-117.81,4.5
2.7011,8.0,4.291989664082688,1.0400516795865633,1694.0,2.1886304909560725,38.66,-121.35,1.307
4.9464,26.0,5.689655172413793,0.9787798408488064,1285.0,3.408488063660477,37.54,-122.04,2.238
4.5787,20.0,6.117370892018779,0.9953051643192488,1361.0,3.194835680751173,36.85,-121.65,2.451
2.9406,24.0,5.11600928074246,1.0893271461716938,2362.0,2.7401392111368907,36.77,-119.73,0.73
1.8466,43.0,4.701807228915663,1.0662650602409638,862.0,2.5963855421686746,37.59,-120.95,0.815
4.4271,25.0,5.082514734774067,1.005893909626719,1219.0,2.3948919449901767,33.82,-118.32,3.821
3.9844,38.0,5.403041825095057,1.1406844106463878,1236.0,4.699619771863118,33.72,-117.88,1.653
7.8528,17.0,6.4,0.99,959.0,2.3975,37.31,-122.08,3.689
5.2037,25.0,5.885931558935361,0.973384030418251,811.0,3.0836501901140685,33.9,-117.85,2.422
3.1607,42.0,3.6772727272727272,1.1863636363636365,1454.0,3.3045454545454547,34.08,-118.28,1.82
3.1364,38.0,4.377215189873418,0.9974683544303796,801.0,2.027848101265823,34.44,-119.73,3.575
5.4819,12.0,5.759345794392523,0.9626168224299064,1226.0,2.864485981308411,33.17,-117.1,1.838
5.2962,38.0,6.148148148148148,1.0101010101010102,793.0,2.67003367003367,34.14,-118.19,2.915
4.4561,28.0,5.464367816091954,1.07816091954023,1068.0,2.4551724137931035,37.92,-122.08,2.5
4.375,25.0,4.504424778761062,0.9587020648967552,707.0,2.0855457227138645,37.35,-121.99,2.122
1.2,44.0,2.970430107526881,0.9301075268817204,1598.0,4.295698924731183,34.05,-118.22,1.156
7.3561,35.0,6.6971428571428575,1.0514285714285714,512.0,2.9257142857142857,37.34,-122.07,5.00001
4.0,49.0,4.361702127659575,0.9787234042553192,1008.0,3.0638297872340425,37.73,-122.43,2.64
1.5685,34.0,2.7942754919499104,1.1645796064400715,1774.0,3.1735241502683365,34.08,-118.3,2.25
5.7361,39.0,6.451612903225806,1.0026881720430108,877.0,2.35752688172043,33.81,-118.38,5.00001
6.358,26.0,6.835416666666666,1.10625,1145.0,2.3854166666666665,37.58,-122.4,5.00001
5.2155,18.0,6.553133514986376,1.0626702997275204,872.0,2.3760217983651226,38.27,-122.52,2.483
6.5078,45.0,6.515570934256055,0.9515570934256056,764.0,2.643598615916955,34.11,-118.09,4.148
4.5759,43.0,4.728476821192053,1.076158940397351,836.0,2.7682119205298013,34.23,-118.26,2.092
1.9386,33.0,4.384418901660281,1.0025542784163477,1806.0,2.3065134099616857,36.79,-119.79,0.675
3.2656,15.0,5.242792109256449,1.1062215477996966,2014.0,3.056145675265554,37.36,-120.62,0.835
9.0243,14.0,7.876106194690266,0.991150442477876,764.0,3.380530973451328,37.92,-121.99,4.277
1.9923,42.0,2.9171029668411865,1.0322862129144852,3480.0,3.0366492146596857,34.05,-118.32,2.5
3.7321,33.0,5.568281938325991,0.986784140969163,527.0,2.3215859030837005,33.91,-117.89,2.165
1.3373,18.0,2.745920745920746,1.020979020979021,1377.0,3.2097902097902096,32.79,-115.56,0.583
2.2679,25.0,3.9716981132075473,0.9622641509433962,303.0,2.858490566037736,37.78,-120.85,0.713
3.9844,37.0,10.135135135135137,1.5675675675675675,120.0,3.2432432432432434,37.65,-121.03,1.5
2.7188,14.0,7.972746331236897,1.4444444444444444,1129.0,2.3668763102725365,38.05,-120.22,1.37
3.5078,36.0,4.510703363914373,1.003058103975535,806.0,2.4648318042813457,32.83,-117.21,1.66
4.9429,28.0,5.839679358717435,0.9799599198396792,1500.0,3.006012024048096,33.8,-117.94,2.548
3.0919,28.0,3.5095541401273884,1.0881104033970277,2670.0,2.8343949044585988,34.12,-118.22,1.854
4.4695,23.0,6.677536231884058,0.9891304347826086,818.0,2.963768115942029,38.71,-121.22,2.147
2.7284,26.0,6.004901960784314,0.9754901960784312,717.0,3.514705882352941,33.98,-117.6,2.25
5.7415,37.0,6.424581005586592,1.1340782122905029,511.0,2.854748603351956,37.13,-121.93,3.985
7.8453,21.0,6.527331189710611,1.022508038585209,910.0,2.9260450160771705,33.65,-117.96,3.433
2.9934,35.0,3.349425287356322,1.0735632183908046,1334.0,1.5333333333333334,34.02,-118.5,3.5
3.1458,41.0,4.481675392670157,0.9319371727748692,571.0,2.9895287958115184,37.74,-122.15,1.306
4.6875,15.0,7.479057591623037,1.1020942408376964,1361.0,3.56282722513089,33.88,-117.36,1.898
3.8643,46.0,4.63490099009901,0.9876237623762376,1502.0,1.858910891089109,34.02,-118.36,1.958
5.0871,36.0,5.081967213114754,1.0027322404371584,794.0,2.169398907103825,37.39,-122.1,3.545
3.3326,52.0,3.891625615763546,1.0492610837438423,1462.0,3.600985221674877,34.12,-118.2,1.676
4.665,14.0,7.4921875,1.109375,2047.0,3.1984375,36.92,-119.81,1.213
4.7639,49.0,5.304964539007092,1.044917257683215,1948.0,4.6052009456264775,37.71,-122.45,2.515
1.5288,14.0,5.187285223367698,1.104810996563574,1639.0,2.816151202749141,34.41,-117.31,1.034
1.7199,17.0,2.518,1.196,3051.0,3.051,34.06,-118.28,1.75
5.0427,22.0,6.405405405405405,1.00982800982801,1216.0,2.987714987714988,38.55,-121.35,1.269
4.1319,22.0,5.949886104783599,1.1252847380410025,1361.0,3.1002277904328017,34.41,-119.31,2.45
13.1107,17.0,8.111650485436893,0.9320388349514565,678.0,3.29126213592233,33.89,-117.89,4.676
3.225,37.0,4.2845188284518825,1.0292887029288702,1371.0,5.736401673640168,34.27,-118.42,1.475
9.3694,51.0,8.300970873786408,1.0744336569579287,870.0,2.8155339805825244,37.55,-122.33,5.00001
8.4352,14.0,8.106100795755967,0.9787798408488064,1209.0,3.206896551724138,37.87,-122.02,4.414
10.6514,33.0,6.981132075471698,0.7924528301886793,153.0,2.8867924528301887,37.39,-122.25,5.00001
1.9187,29.0,3.936936936936937,0.9774774774774776,788.0,3.5495495495495497,37.96,-121.24,0.577
8.8178,27.0,7.472035794183445,1.0089485458612977,1220.0,2.7293064876957494,37.27,-122.01,5.00001
3.8672,42.0,4.416666666666667,0.9824561403508772,776.0,3.4035087719298245,33.9,-118.07,1.627
1.4617,25.0,3.341708542713568,1.067001675041876,743.0,1.2445561139028476,33.76,-118.08,0.469
2.785,32.0,4.172619047619048,1.0833333333333333,489.0,2.9107142857142856,38.41,-122.82,1.693
2.1971,52.0,3.0926640926640925,1.05019305019305,639.0,2.467181467181468,37.75,-122.42,2.75
5.0473,5.0,5.371508379888268,1.0977653631284916,2053.0,2.86731843575419,38.02,-122.26,1.848
2.5625,52.0,4.947368421052632,1.063157894736842,578.0,2.0280701754385966,36.62,-121.92,2.354
7.5112,23.0,7.280757097791798,1.0157728706624605,1001.0,3.1577287066246056,34.14,-117.88,3.555
5.8752,20.0,6.157667386609071,1.0583153347732182,1192.0,2.57451403887689,33.66,-117.81,2.742
4.1161,34.0,5.46875,1.126953125,1353.0,2.642578125,37.04,-122.08,2.209
5.308,33.0,5.712250712250713,1.1168091168091168,1043.0,2.971509971509972,34.44,-119.15,2.979
3.1635,30.0,3.5050675675675675,1.160472972972973,1026.0,1.733108108108108,34.02,-118.49,3.667
3.4306,34.0,5.774410774410774,0.9764309764309764,780.0,2.6262626262626263,36.22,-119.09,0.743
1.1786,32.0,4.520979020979021,1.1083916083916083,1109.0,3.8776223776223775,35.35,-118.99,0.456
4.8516,13.0,6.15014164305949,0.9603399433427762,951.0,2.6940509915014164,40.75,-124.17,1.161
2.5521,21.0,4.790291262135923,1.0097087378640777,1721.0,3.341747572815534,36.55,-119.29,0.656
2.587,33.0,5.549333333333333,1.090666666666667,1008.0,2.688,34.07,-117.66,1.381
5.0818,35.0,5.188405797101449,0.9681159420289857,1277.0,3.701449275362319,34.22,-118.39,1.868
8.163,10.0,6.0,1.0,128.0,2.098360655737705,33.49,-117.67,2.5
3.6042,45.0,5.31214953271028,1.0598130841121496,1261.0,2.3570093457943924,37.98,-122.03,1.382
4.3594,44.0,5.843003412969283,1.0716723549488054,691.0,2.358361774744027,33.83,-118.12,2.213
1.7813,30.0,5.955882352941177,1.2647058823529411,376.0,5.529411764705882,34.01,-118.24,1.275
6.1007,17.0,6.886426592797784,1.1551246537396125,876.0,2.426592797783933,33.52,-117.71,3.409
4.6776,34.0,5.754137115839243,1.011820330969267,926.0,2.189125295508274,38.05,-122.16,2.083
3.1505,9.0,5.62312030075188,1.0545112781954886,3515.0,3.3035714285714284,34.46,-117.34,1.02
3.125,22.0,4.714542190305206,1.132854578096948,1678.0,3.012567324955117,34.08,-117.62,1.118
2.7619,21.0,4.043795620437956,0.9817518248175182,524.0,1.912408759124088,38.3,-122.3,1.546
3.975,32.0,4.850666666666666,1.0,1728.0,4.608,34.03,-117.92,1.624
2.7321,8.0,5.139386189258312,1.0959079283887467,1959.0,2.5051150895140664,37.81,-121.19,1.75
3.4408,44.0,4.867881548974943,1.0501138952164009,1126.0,2.5649202733485192,33.87,-118.18,1.729
6.4211,19.0,7.578723404255319,0.9340425531914892,1584.0,3.370212765957447,33.6,-117.69,2.881
2.1827,52.0,4.344230769230769,1.0326923076923078,957.0,1.8403846153846155,38.45,-122.71,1.888
4.3429,9.0,6.17828418230563,1.0697050938337802,2582.0,3.46112600536193,33.26,-117.26,1.739
4.1875,16.0,4.22457627118644,1.0360169491525424,1173.0,2.485169491525424,37.4,-122.11,2.664
2.1635,36.0,5.032128514056225,1.0401606425702812,932.0,3.7429718875502007,35.5,-119.18,1.104
4.5042,9.0,7.129129129129129,1.117117117117117,884.0,2.6546546546546548,39.04,-121.07,2.064
3.2174,17.0,6.756521739130434,1.0521739130434782,553.0,2.4043478260869566,39.49,-121.47,0.918
6.1493,16.0,6.365313653136531,0.982779827798278,2717.0,3.341943419434194,33.62,-117.66,2.578
4.5066,14.0,6.121301775147929,1.014792899408284,1240.0,3.668639053254438,34.96,-120.42,1.498
3.7039,39.0,4.9070967741935485,1.04,1567.0,2.021935483870968,32.74,-117.17,3.615
2.793,17.0,5.539449541284403,1.0605504587155965,1538.0,2.8220183486238533,40.42,-122.32,0.765
3.4514,11.0,7.111111111111111,1.488888888888889,268.0,2.977777777777778,38.89,-122.83,1.0
2.9402,33.0,5.550617283950618,1.0716049382716049,1461.0,3.607407407407408,35.3,-118.99,0.562
7.7201,21.0,7.75375,0.9975,2494.0,3.1175,37.22,-121.85,3.627
2.8375,21.0,5.286396181384248,1.1551312649164678,1792.0,4.276849642004773,34.09,-117.95,1.665
6.3066,17.0,4.714907508161045,1.030467899891186,1650.0,1.7954298150163222,37.87,-122.5,3.461
0.9204,43.0,4.1645569620253164,1.0126582278481011,1253.0,5.286919831223629,38.59,-121.48,0.821
2.7955,36.0,3.672972972972973,0.8567567567567568,1557.0,4.208108108108108,34.05,-118.03,1.575
4.1458,35.0,4.674556213017752,0.9792899408284024,1290.0,3.8165680473372783,34.0,-118.09,1.625
5.4216,25.0,6.428308823529412,0.9430147058823528,1839.0,3.380514705882353,33.81,-118.06,2.63
1.5893,17.0,4.244336569579288,1.0663430420711977,1912.0,3.093851132686084,36.07,-119.04,0.52
3.256,18.0,4.321782178217822,1.0816831683168318,1268.0,3.1386138613861387,37.53,-122.03,1.833
2.375,17.0,4.238095238095238,0.9047619047619048,79.0,3.761904761904762,33.69,-116.18,1.55
3.1442,50.0,4.507692307692308,1.0038461538461538,685.0,2.6346153846153846,34.02,-118.34,1.303
2.2278,52.0,6.220883534136546,1.104417670682731,604.0,2.42570281124498,39.25,-121.02,1.554
2.5025,38.0,4.708971553610503,0.986870897155361,1320.0,2.888402625820569,37.79,-121.22,1.019
3.6516,20.0,5.757225433526012,1.0491329479768785,889.0,2.569364161849711,38.67,-121.29,1.305
1.875,33.0,14.77777777777778,3.2222222222222223,71.0,2.6296296296296298,34.3,-117.18,0.713
2.4097,19.0,4.950704225352113,1.0023474178403755,1742.0,4.089201877934272,37.92,-121.25,0.66
3.1937,25.0,4.871794871794871,1.328205128205128,404.0,2.071794871794872,37.5,-122.47,3.192
2.6087,18.0,5.606741573033708,1.0646067415730338,1327.0,3.72752808988764,36.96,-119.95,0.96
4.4519,32.0,5.78714859437751,1.0481927710843373,629.0,2.5261044176706826,38.37,-121.45,1.375
3.7794,39.0,4.08550185873606,0.9776951672862454,787.0,2.925650557620818,34.04,-118.15,1.946
4.0603,37.0,6.164670658682635,1.0449101796407183,825.0,2.470059880239521,33.83,-118.1,2.252
0.8288,13.0,2.5455904334828103,1.0418535127055306,1823.0,2.724962630792227,34.05,-118.24,1.813
3.8056,11.0,3.988919667590028,1.0318559556786704,1806.0,2.5013850415512464,33.78,-117.94,1.711
5.6409,3.0,7.837745516652434,1.0832621690862512,8437.0,3.602476515798463,33.97,-117.21,1.977
3.375,13.0,7.25,1.1176470588235294,196.0,2.8823529411764706,37.93,-120.25,1.341
2.4286,33.0,5.674285714285714,1.062857142857143,556.0,3.177142857142857,37.34,-120.3,1.036
5.3428,14.0,6.326007326007326,1.1062271062271063,1116.0,4.087912087912088,37.59,-122.04,2.436
4.6554,11.0,5.975945017182131,1.0103092783505154,1693.0,2.90893470790378,34.62,-120.08,2.723
2.8565,12.0,4.863881401617251,0.9595687331536388,2650.0,3.571428571428572,37.73,-120.95,0.927
3.5525,7.0,5.273611111111111,1.1805555555555556,2369.0,3.290277777777778,33.9,-117.57,1.376
5.756,13.0,6.965517241379311,1.303448275862069,679.0,2.3413793103448275,33.47,-117.69,3.056
3.0206,20.0,3.2512716174974567,1.0111902339776195,2929.0,2.979654120040692,34.14,-118.24,2.195
4.0931,32.0,5.496835443037975,1.001054852320675,3025.0,3.190928270042194,32.85,-116.99,1.342
2.2788,46.0,4.490054249547921,1.061482820976492,2121.0,3.835443037974684,34.1,-118.23,1.529
2.2202,13.0,5.494140625,1.130859375,1385.0,2.705078125,36.71,-119.25,1.0
6.8773,18.0,6.570539419087137,0.991701244813278,1414.0,2.933609958506224,37.11,-121.75,4.677
1.6806,11.0,3.2058252427184466,1.0349514563106796,947.0,1.8388349514563107,32.64,-117.08,1.417
2.5694,42.0,6.097922848664688,1.2551928783382789,2147.0,3.185459940652819,37.74,-122.39,2.01
3.3125,22.0,6.175548589341693,1.0407523510971788,1066.0,3.341692789968652,36.79,-119.9,1.061
3.4839,45.0,5.461152882205514,1.005012531328321,1159.0,2.9047619047619047,37.68,-122.12,1.806
4.049,19.0,6.121731289449955,1.0820559062218214,2325.0,2.096483318304779,36.83,-119.81,1.26
5.6683,24.0,6.080882352941177,1.0073529411764706,1891.0,3.4761029411764706,37.41,-121.87,2.487
3.3966,42.0,4.940809968847352,1.0031152647975077,1829.0,2.8489096573208723,34.08,-118.11,2.432
3.5536,35.0,6.098360655737705,1.0590163934426229,1011.0,3.314754098360656,34.08,-117.92,2.07
8.7288,6.0,8.715841584158415,1.102970297029703,3385.0,3.351485148514852,34.23,-118.83,4.258
4.2727,47.0,4.612648221343873,0.9881422924901184,953.0,3.766798418972332,37.72,-122.4,2.419
3.4551,18.0,5.438799076212471,1.02540415704388,1277.0,2.94919168591224,32.71,-116.98,1.214
4.2324,9.0,6.118727050183598,1.069767441860465,2687.0,3.2888616891064872,38.34,-121.95,1.421
3.4015,21.0,4.803867403314917,1.1740331491712708,945.0,2.610497237569061,35.05,-118.0,0.865
2.4485,34.0,5.214723926380368,0.9969325153374232,972.0,2.98159509202454,37.65,-120.96,0.955
4.5648,36.0,4.864468864468864,1.051282051282051,823.0,3.0146520146520146,34.21,-118.52,1.937
2.7443,39.0,4.347222222222222,1.011111111111111,1389.0,3.858333333333333,33.89,-118.21,1.139
5.5,27.0,6.184039087947883,0.972312703583062,2043.0,3.3273615635179152,34.03,-118.09,2.768
4.0375,32.0,5.877483443708609,1.0397350993377483,1067.0,3.533112582781457,34.07,-117.68,1.213
2.862,21.0,4.2480957562568005,1.0663764961915123,1949.0,2.120783460282916,37.87,-122.51,2.584
4.0408,15.0,5.989130434782608,1.1282608695652174,1474.0,3.2043478260869565,33.08,-116.84,2.259
2.9698,15.0,6.029473684210526,1.2021052631578948,1480.0,3.1157894736842104,36.3,-119.32,0.934
2.735,26.0,5.672794117647059,1.0196078431372548,2902.0,3.556372549019608,38.49,-121.49,0.746
5.1782,33.0,6.228571428571429,0.9673469387755104,906.0,3.697959183673469,33.84,-117.88,2.25
3.7568,4.0,5.727411944869831,1.1439509954058191,6666.0,2.5520673813169985,33.22,-117.3,1.841
4.0398,23.0,5.154782608695652,1.0469565217391303,3570.0,3.1043478260869564,33.77,-117.85,2.331
3.16,14.0,3.204933586337761,1.0531309297912714,1319.0,2.5028462998102468,32.69,-117.05,1.438
3.8068,52.0,4.184272300469484,1.0469483568075115,1377.0,1.6161971830985915,37.79,-122.43,5.00001
1.8827,20.0,5.427184466019417,1.0533980582524272,1405.0,3.4101941747572817,36.06,-119.31,0.487
0.4999,28.0,7.67741935483871,1.870967741935484,142.0,4.580645161290323,34.15,-118.08,5.00001
2.4135,52.0,4.031890660592255,0.9908883826879272,1848.0,4.209567198177677,34.07,-118.21,1.672
2.7143,31.0,3.46112600536193,0.9544235924932976,1252.0,3.35656836461126,33.64,-117.93,1.854
0.9304,24.0,2.8344155844155843,1.0389610389610389,529.0,1.7175324675324677,34.0,-118.33,1.516
3.6107,13.0,5.261096605744125,0.9712793733681462,2248.0,2.9347258485639687,37.8,-121.0,1.413
5.6629,36.0,5.665116279069768,0.9832558139534884,3081.0,2.866046511627907,37.46,-122.23,3.436
3.5625,18.0,5.782608695652174,1.2608695652173914,95.0,4.130434782608695,33.86,-117.81,2.35
8.5403,23.0,7.851528384279476,0.9847161572052402,1292.0,2.8209606986899565,33.77,-117.79,4.513
3.5357,44.0,4.687074829931973,0.873015873015873,1046.0,2.3718820861678003,34.02,-118.34,1.569
3.6437,17.0,5.158730158730159,1.0738440303657697,2092.0,1.4437543133195307,37.85,-122.06,1.865
3.2564,19.0,4.04102096627165,1.0733819507748406,5005.0,2.281221513217867,34.23,-118.6,2.303
2.0625,15.0,4.538775510204082,1.0448979591836736,411.0,1.6775510204081632,34.4,-119.51,3.143
3.3971,22.0,4.676348547717843,1.1908713692946058,697.0,2.892116182572614,33.9,-118.35,2.203
3.0288,19.0,3.373529411764706,1.0529411764705885,1686.0,2.4794117647058824,34.15,-118.23,2.583
5.0261,33.0,5.640756302521009,0.9789915966386554,1359.0,2.8550420168067228,33.8,-118.04,2.451
4.1675,32.0,5.73492286115007,1.0308555399719497,2927.0,4.105189340813464,36.7,-121.64,1.425
3.2344,36.0,4.321492007104796,1.0390763765541742,1565.0,2.7797513321492007,34.08,-118.12,2.349
4.1154,26.0,6.191044776119403,1.0626865671641792,1228.0,3.665671641791045,32.63,-117.04,1.602
2.5664,52.0,4.3585365853658535,1.0414634146341464,1107.0,2.7,34.16,-118.13,2.15
2.3929,11.0,4.912408759124087,1.0583941605839415,318.0,2.321167883211679,38.09,-122.11,1.225
2.726,29.0,3.707547169811321,1.078616352201258,2515.0,1.9772012578616351,33.84,-118.17,2.087
3.8594,10.0,5.47457627118644,1.0527306967984935,1681.0,3.1657250470809792,34.53,-117.96,1.41
3.5085,27.0,5.446153846153846,1.0853146853146851,1832.0,2.5622377622377623,38.48,-122.87,1.878
4.625,25.0,5.952848722986247,1.0451866404715129,1668.0,3.277013752455796,33.83,-118.03,2.296
1.8856,17.0,4.62156862745098,1.174509803921569,1423.0,2.7901960784313724,32.74,-117.0,1.188
2.6713,35.0,5.770588235294118,1.0862745098039217,1460.0,2.862745098039216,38.69,-121.38,0.844
2.8347,34.0,5.835365853658536,1.1097560975609757,1564.0,4.7682926829268295,34.04,-117.76,1.158
5.2923,5.0,4.363380281690141,1.064788732394366,735.0,2.0704225352112675,33.7,-117.8,1.94
4.5833,21.0,7.2784313725490195,1.0823529411764703,863.0,3.384313725490196,34.28,-119.04,5.00001
4.25,44.0,3.800492610837439,1.1403940886699508,652.0,1.6059113300492611,33.76,-118.13,4.393
3.6025,15.0,5.121304791029561,1.0112130479102956,3208.0,3.27013251783894,34.08,-117.44,1.164
3.2083,40.0,4.11318553092182,1.0980163360560091,1675.0,1.9544924154025671,37.76,-122.47,3.3
1.5506,24.0,4.8459214501510575,1.0438066465256797,1986.0,3.0,36.05,-119.0,0.523
5.7843,15.0,4.835579514824798,0.9865229110512128,1533.0,4.132075471698113,37.31,-121.81,2.099
1.7165,30.0,4.345679012345679,1.0061728395061729,1184.0,3.654320987654321,36.54,-119.39,0.591
7.9029,37.0,6.247572815533981,0.9563106796116504,510.0,2.4757281553398056,37.45,-122.13,5.00001
1.875,38.0,4.65625,0.95,721.0,4.50625,33.91,-118.24,1.029
4.2143,22.0,6.425233644859813,1.0116822429906542,1161.0,2.7126168224299065,38.84,-121.14,2.365
1.875,32.0,9.161111111111111,3.411111111111111,763.0,2.1194444444444445,34.22,-116.14,0.478
3.7697,13.0,5.528662420382165,0.9968152866242038,993.0,3.162420382165605,36.79,-119.69,0.836
4.1389,19.0,4.47872340425532,1.0292553191489362,1224.0,3.25531914893617,37.42,-121.91,1.741
1.3134,48.0,3.6625,1.1,1859.0,4.6475,34.02,-118.26,0.962
0.9355,24.0,3.482051282051282,1.1897435897435895,1371.0,2.343589743589744,37.78,-122.43,1.125
5.2177,15.0,7.384449244060475,1.0161987041036715,3166.0,3.419006479481641,38.72,-121.25,1.627
2.8194,33.0,6.275401069518717,1.232620320855615,1482.0,3.962566844919786,34.71,-118.14,0.93
3.0729,34.0,26.04109589041096,5.397260273972603,171.0,2.3424657534246576,37.11,-119.28,1.446
3.1429,36.0,6.042553191489362,1.127659574468085,130.0,2.765957446808511,37.81,-121.31,1.792
3.3081,14.0,5.365195027861123,1.0741534504929275,6389.0,2.738534076296614,32.83,-116.95,1.687
4.0444,32.0,5.9922720247295205,1.061823802163833,1642.0,2.537867078825348,38.0,-121.34,1.292
3.0833,24.0,2.8472222222222223,0.98015873015873,3171.0,6.291666666666667,33.74,-117.9,1.517
4.1,2.0,14.36,1.96,119.0,2.38,34.16,-117.51,3.15
5.5,30.0,6.004651162790697,1.069767441860465,835.0,3.883720930232558,33.79,-118.26,1.815
5.1473,16.0,6.663690476190476,0.9627976190476192,1990.0,2.961309523809524,37.66,-120.95,1.884
5.1461,25.0,5.730820995962315,0.9676985195154778,2290.0,3.082099596231494,37.26,-121.91,2.672
3.2024,40.0,5.373068432671082,1.0529801324503312,1646.0,3.6335540838852096,33.93,-118.3,1.28
3.8456,51.0,4.667315175097277,1.0038910505836576,1160.0,2.2568093385214008,33.83,-118.32,3.189
14.4219,52.0,8.253731343283581,0.9502487562189056,519.0,2.582089552238806,37.56,-122.35,5.00001
4.3333,43.0,4.726072607260726,1.0165016501650166,782.0,2.580858085808581,33.99,-118.44,3.039
4.105,42.0,5.475935828877005,1.0213903743315509,483.0,2.5828877005347595,33.79,-117.86,1.945
4.1279,7.0,7.508298755186722,1.5975103734439835,1134.0,2.3526970954356847,32.96,-117.1,1.676
1.2188,37.0,4.371345029239766,1.2543859649122806,865.0,2.529239766081872,33.93,-116.88,0.55
2.8864,17.0,6.280936454849498,1.1538461538461535,892.0,2.983277591973244,39.09,-121.07,1.431
4.5045,15.0,5.299120234604105,1.1085043988269794,1277.0,3.744868035190616,37.31,-121.8,1.645
1.2222,32.0,4.401305057096248,1.0440456769983686,1953.0,3.1859706362153344,33.92,-118.23,1.072
3.8333,15.0,9.053571428571429,1.75,918.0,2.732142857142857,38.89,-120.03,1.188
1.3241,25.0,1.6544401544401544,1.135135135135135,3723.0,3.593629343629344,34.06,-118.27,1.125
3.7262,36.0,5.01423487544484,0.9644128113879004,1002.0,3.565836298932384,37.61,-122.03,1.649
2.7917,41.0,4.732258064516129,1.0580645161290323,673.0,2.170967741935484,37.64,-120.96,0.907
5.2999,33.0,6.050691244239632,1.1244239631336406,561.0,2.585253456221198,33.88,-118.38,3.594
2.9044,52.0,4.404282115869018,1.0478589420654911,1493.0,1.880352644836272,37.86,-122.26,2.574
5.5179,36.0,5.142857142857143,1.1428571428571428,4198.0,599.7142857142857,40.41,-120.51,0.675
5.2799,36.0,5.3203125,0.953125,360.0,2.8125,33.86,-118.36,3.326
1.8382,40.0,3.850152905198777,1.107033639143731,1499.0,4.584097859327217,34.02,-118.26,1.264
6.0648,36.0,5.8983739837398375,0.9105691056910568,608.0,2.4715447154471546,33.97,-118.01,2.908
1.9464,16.0,4.4646464646464645,0.9629629629629628,509.0,1.713804713804714,37.79,-121.18,1.125
2.1549,22.0,5.022458628841608,1.0898345153664302,2405.0,2.842789598108747,33.81,-117.26,1.465
4.692,35.0,5.04228855721393,1.064676616915423,879.0,2.1865671641791047,34.17,-118.41,3.309
2.5952,19.0,5.2384615384615385,1.0794871794871794,1018.0,2.6102564102564103,39.1,-121.48,0.924
3.1211,36.0,4.243961352657005,0.9879227053140096,2277.0,2.75,34.1,-118.15,2.293
6.4666,37.0,6.608910891089109,1.0132013201320131,1602.0,2.643564356435644,37.88,-122.11,3.482
3.9615,36.0,5.964601769911504,1.0044247787610618,1192.0,2.6371681415929205,34.7,-118.15,1.163
1.3962,36.0,3.76672384219554,1.085763293310463,2017.0,3.4596912521440824,33.93,-118.3,1.243
1.5303,40.0,4.949664429530201,1.1644295302013423,1222.0,4.100671140939597,33.96,-118.26,0.953
3.2241,28.0,4.188376753507014,1.139612558450234,2549.0,1.702738810955244,34.15,-118.43,2.958
2.1757,42.0,4.181052631578948,0.9936842105263158,1472.0,3.0989473684210527,32.74,-117.09,1.101
3.5464,15.0,5.06509253350351,1.0433950223356732,4390.0,2.801531589023612,38.24,-122.07,1.298
4.775,52.0,4.151785714285714,1.2834821428571428,679.0,1.515625,37.8,-122.4,5.00001
2.4053,21.0,4.945132743362832,1.1716814159292035,2236.0,3.957522123893805,36.93,-121.78,1.784
6.3434,30.0,6.042959427207637,1.107398568019093,1056.0,2.520286396181384,33.89,-118.39,4.604
6.1953,39.0,6.90952380952381,1.0952380952380951,1007.0,2.3976190476190475,34.13,-118.18,3.63
1.9236,52.0,4.5064935064935066,1.0909090909090908,558.0,2.415584415584416,34.07,-117.65,1.172
4.5625,33.0,5.867620751341682,1.0178890876565294,1583.0,2.8318425760286225,37.27,-121.92,2.535
4.25,37.0,5.346067415730337,1.0382022471910113,1327.0,2.9820224719101125,33.93,-118.32,1.721
4.2788,10.0,5.375,1.1145833333333333,282.0,2.9375,33.68,-117.35,1.25
3.3333,29.0,4.104838709677419,0.9475806451612904,684.0,2.7580645161290325,33.86,-118.08,1.988
9.7066,38.0,8.75,1.1,129.0,6.45,34.07,-117.92,1.825
2.9357,52.0,4.327669902912621,0.95873786407767,1659.0,4.026699029126213,37.79,-122.23,1.079
2.6673,38.0,4.608365019011407,1.0342205323193916,1129.0,4.29277566539924,33.99,-118.19,1.423
4.1711,38.0,5.440116845180136,0.9698149951314508,2466.0,2.401168451801363,37.99,-122.57,3.369
2.6458,26.0,5.416666666666667,1.101851851851852,830.0,3.842592592592593,37.82,-121.27,1.275
4.7245,13.0,4.540295119182747,1.0022701475595914,1999.0,2.2690124858115777,33.68,-117.99,2.736
2.9625,17.0,5.712887438825448,1.068515497553018,1763.0,2.876019575856444,39.66,-121.66,1.012
1.6486,26.0,4.337962962962963,0.9629629629629628,1834.0,4.24537037037037,36.63,-119.31,0.552
2.1781,10.0,5.199257425742574,1.051980198019802,2378.0,2.943069306930693,34.5,-117.2,0.922
6.1509,20.0,6.492307692307692,1.0307692307692309,1008.0,3.1015384615384614,33.06,-117.29,3.387
4.4831,36.0,5.2560975609756095,0.9817073170731708,838.0,2.554878048780488,33.8,-118.09,2.539
5.543,34.0,6.175496688741722,1.1423841059602649,963.0,3.1887417218543046,33.86,-118.36,3.059
4.4609,16.0,6.2607361963190185,1.021472392638037,1912.0,2.932515337423313,38.71,-121.27,1.429
2.1927,43.0,4.32994923857868,1.011844331641286,1820.0,3.0795262267343486,38.68,-121.77,1.079
7.5822,14.0,7.546419098143236,1.1140583554376655,1172.0,3.1087533156498672,34.04,-117.15,2.831
3.0,18.0,4.456140350877193,0.912280701754386,393.0,3.4473684210526314,36.96,-120.16,1.563
5.0156,52.0,5.752532561505065,1.036179450072359,1515.0,2.192474674384949,37.78,-122.45,5.00001
1.5933,37.0,3.998330550918197,1.0467445742904842,2489.0,4.155258764607679,32.69,-117.11,0.863
2.6781,33.0,3.9130434782608696,1.1358695652173914,1416.0,1.923913043478261,34.05,-118.35,3.288
5.539,45.0,5.9609756097560975,1.0731707317073171,492.0,2.4,37.54,-122.31,3.969
2.5363,44.0,5.0641399416909625,1.0583090379008746,1184.0,3.4518950437317786,33.92,-118.25,0.959
3.0089,24.0,5.93950177935943,1.501779359430605,589.0,2.096085409252669,38.89,-120.01,1.008
6.7159,12.0,7.289962825278811,1.0408921933085502,985.0,3.661710037174721,37.3,-121.74,3.627
4.5595,35.0,5.642361111111111,1.0486111111111112,1134.0,3.9375,33.99,-118.07,1.649
1.7708,22.0,4.367662203913492,1.181256436663234,1929.0,1.9866117404737385,36.82,-119.78,0.535
5.6293,15.0,6.4192307692307695,1.023076923076923,1834.0,3.526923076923077,38.03,-122.25,1.976
2.875,17.0,4.417040358744394,1.0448430493273542,811.0,3.636771300448431,32.56,-117.05,1.345
2.875,52.0,3.874213836477987,1.0041928721174005,921.0,1.930817610062893,37.77,-122.26,2.34
2.2462,52.0,5.692634560906516,1.1671388101983002,1728.0,2.4475920679886687,41.32,-122.09,0.629
1.8095,39.0,4.403100775193798,0.9844961240310076,267.0,2.069767441860465,39.75,-121.85,0.781
7.2379,15.0,6.472222222222222,0.9409722222222222,1006.0,3.493055555555556,33.91,-117.6,2.51
2.595,29.0,5.635627530364372,1.051282051282051,2092.0,2.823211875843455,37.05,-120.87,1.042
4.2386,6.0,7.723076923076923,1.1692307692307693,228.0,3.507692307692308,33.83,-117.55,5.00001
2.4554,20.0,5.596491228070176,1.0802005012531328,1024.0,2.5664160401002505,33.74,-116.95,0.894
2.7375,23.0,4.818318318318318,1.1231231231231231,1423.0,2.1366366366366365,36.99,-121.96,2.38
2.3456,45.0,4.672566371681416,1.09070796460177,1406.0,3.1106194690265485,37.94,-122.35,1.052
4.0333,32.0,5.495176848874598,1.0643086816720255,2003.0,3.220257234726688,34.06,-117.94,2.102
2.7431,51.0,3.857142857142857,1.0025974025974025,880.0,2.2857142857142856,37.78,-122.47,3.071
8.19,20.0,8.240170031880977,1.0371944739638683,3094.0,3.287991498405951,37.23,-121.89,3.616
4.9615,28.0,5.411009174311927,0.9706422018348624,1538.0,2.8220183486238533,37.53,-121.96,2.28
3.425,36.0,3.674965421853389,1.020746887966805,2274.0,3.145228215767635,34.07,-118.3,2.817
3.1856,32.0,5.472081218274112,1.0507614213197969,555.0,2.817258883248731,37.68,-121.76,1.869
3.6128,10.0,3.832352941176471,1.1,1373.0,2.0191176470588235,34.16,-118.37,2.25
2.6932,31.0,4.85,0.8916666666666667,1186.0,3.2944444444444443,36.8,-119.7,0.664
3.1603,52.0,4.429193899782135,1.0588235294117647,787.0,1.7145969498910676,37.8,-122.23,2.695
1.0521,40.0,4.451882845188284,1.112970711297071,912.0,3.8158995815899583,37.94,-122.37,0.691
5.6798,4.0,6.395640930919837,1.190986331732545,6902.0,2.549685999261175,34.41,-118.56,3.209
3.2188,34.0,4.623145400593472,1.1127596439169138,1179.0,3.4985163204747773,33.93,-118.08,1.651
2.7325,25.0,4.93687374749499,1.0070140280561122,2756.0,2.761523046092184,38.31,-122.29,1.629
2.6528,9.0,8.010752688172044,1.586021505376344,2233.0,2.401075268817204,37.97,-120.67,1.33
3.5125,10.0,7.090128755364807,1.356223175965665,725.0,3.111587982832618,33.65,-117.25,1.556
3.1944,35.0,6.026315789473684,1.0847953216374269,1110.0,3.245614035087719,38.53,-121.41,0.79
1.8681,42.0,4.377049180327869,0.9617486338797814,711.0,3.885245901639344,34.1,-117.32,0.597
5.347,22.0,6.751091703056769,1.042212518195051,2302.0,3.3508005822416305,37.72,-121.92,2.195
5.8505,22.0,8.056689342403628,1.2018140589569162,1108.0,2.512471655328798,36.59,-121.95,4.171
2.15,37.0,3.75320970042796,1.0470756062767477,3228.0,4.604850213980028,34.02,-118.18,1.322
1.0,33.0,4.140939597315437,1.251677852348993,777.0,2.6073825503355703,33.19,-115.46,0.4
5.4719,38.0,5.890080428954423,0.9571045576407506,1228.0,3.292225201072386,37.52,-122.28,3.979
5.4103,33.0,5.275747508305648,0.9601328903654484,683.0,2.2691029900332227,32.81,-117.24,3.324
3.7988,14.0,4.180473372781065,1.1005917159763314,744.0,2.201183431952663,33.69,-117.77,1.841
7.0879,16.0,6.96969696969697,0.8855218855218855,878.0,2.9562289562289563,33.76,-118.04,3.388
4.3235,25.0,5.524489795918368,0.946938775510204,1423.0,2.904081632653061,38.61,-121.3,1.169
0.9142,52.0,2.0153452685421995,1.184143222506394,805.0,2.0588235294117645,32.72,-117.16,1.625
1.4205,28.0,31.0625,8.5,98.0,2.0416666666666665,35.72,-118.59,0.9
2.3618,38.0,5.074866310160428,1.0160427807486632,578.0,3.090909090909091,36.64,-119.39,0.8
2.5887,13.0,5.311004784688995,1.0334928229665072,602.0,2.8803827751196174,39.08,-121.1,1.444
5.9449,18.0,6.45979020979021,1.0524475524475525,1779.0,3.11013986013986,33.71,-117.94,2.765
3.7167,29.0,5.017953321364453,1.0269299820466786,1469.0,2.637342908438061,33.8,-118.31,3.089
3.6458,44.0,4.567961165048544,1.116504854368932,493.0,2.3932038834951457,34.0,-118.46,3.258
2.5164,30.0,4.456,1.2506666666666666,760.0,2.026666666666667,36.6,-121.88,1.781
3.0114,16.0,7.847457627118644,1.6016949152542372,238.0,2.016949152542373,33.68,-116.25,3.667
1.7143,34.0,3.114864864864865,1.0472972972972974,2450.0,3.310810810810811,34.01,-118.28,1.32
3.7604,36.0,4.2631578947368425,0.9789473684210528,862.0,3.024561403508772,33.9,-118.09,1.587
7.7848,19.0,7.358490566037735,1.2015646571560057,5175.0,2.381500230096641,34.02,-118.88,5.00001
1.9688,40.0,3.8967971530249113,1.085409252669039,1322.0,4.704626334519573,34.04,-118.19,1.5
5.4446,37.0,6.176691729323308,0.9849624060150376,620.0,2.330827067669173,37.81,-122.18,3.367
0.9463,43.0,4.614973262032086,1.1016042780748665,788.0,4.213903743315508,34.0,-118.24,0.95
4.9239,35.0,5.975609756097561,0.9796747967479674,885.0,3.597560975609756,34.12,-117.89,1.688
3.0795,8.0,4.0524017467248905,1.1018922852983988,3565.0,2.594614264919942,34.25,-118.29,1.615
4.0357,30.0,4.897097625329815,0.8944591029023746,1103.0,2.9102902374670183,32.73,-116.99,1.538
5.6435,33.0,6.261744966442953,1.0984340044742729,978.0,2.1879194630872485,33.96,-118.44,5.00001
4.875,52.0,5.125181950509462,1.1164483260553129,1415.0,2.059679767103348,37.75,-122.43,3.622
4.7071,27.0,5.163398692810458,0.9901960784313726,1066.0,3.4836601307189543,36.95,-121.75,2.027
5.1337,13.0,4.9480519480519485,0.9285714285714286,940.0,3.051948051948052,38.02,-121.93,1.548
4.1379,42.0,4.828767123287672,1.0547945205479452,624.0,2.136986301369863,38.03,-122.7,3.091
5.4659,33.0,5.592592592592593,0.9166666666666666,495.0,2.2916666666666665,37.34,-122.07,5.00001
4.0827,8.0,5.484751203852327,0.9695024077046548,1703.0,2.73354735152488,38.58,-120.88,1.707
3.191,30.0,4.034090909090909,1.0613636363636365,3738.0,4.247727272727273,34.0,-118.41,2.712
1.372,47.0,4.030674846625767,1.2760736196319018,1155.0,3.542944785276074,36.73,-119.81,0.496
6.2513,14.0,6.244623655913978,1.0026881720430108,1057.0,2.841397849462365,33.05,-117.26,2.409
6.1575,52.0,7.573333333333333,1.2133333333333334,219.0,2.92,37.45,-122.15,5.00001
3.5052,26.0,4.835457705677868,1.034762456546929,2471.0,2.8632676709154112,33.9,-118.11,1.96
2.8795,44.0,5.802816901408451,1.1661971830985915,819.0,2.307042253521127,36.33,-119.3,0.77
5.6327,18.0,6.759916492693111,1.129436325678497,2413.0,2.518789144050104,34.17,-118.58,5.00001
4.9844,23.0,6.967213114754099,1.026639344262295,1383.0,2.834016393442623,33.08,-117.08,2.491
2.5267,14.0,3.359570661896244,1.0983899821109124,1874.0,3.3524150268336315,34.2,-118.36,2.318
4.2054,10.0,5.515837104072398,1.048265460030166,2079.0,3.1357466063348416,34.04,-117.66,1.599
3.7222,49.0,5.846689895470384,0.9651567944250872,737.0,2.56794425087108,34.19,-118.14,2.37
5.0779,34.0,5.487179487179487,0.990138067061144,1219.0,2.4043392504930967,37.93,-122.52,3.339
4.3145,31.0,6.465346534653466,1.0495049504950495,1021.0,3.3696369636963697,34.13,-117.85,2.33
2.4777,34.0,5.092503987240829,1.059011164274322,1434.0,2.287081339712919,34.44,-119.23,2.603
2.9737,37.0,4.58008658008658,0.9696969696969696,588.0,2.5454545454545454,38.53,-121.41,0.721
1.5727,26.0,2.1515711645101665,1.245841035120148,1685.0,3.11460258780037,34.05,-118.27,2.25
1.9439,17.0,3.6409155937052935,1.0543633762517883,1468.0,2.100143061516452,33.76,-117.99,1.777
2.9375,44.0,4.532846715328467,0.9854014598540146,811.0,2.95985401459854,33.98,-118.3,0.952
3.7459,33.0,5.198821796759941,1.0309278350515465,2959.0,4.357879234167894,34.01,-117.97,1.529
3.038,33.0,5.504249291784703,1.246458923512748,1526.0,4.3229461756373935,34.14,-117.95,1.375
2.1042,16.0,24.5,6.071428571428571,29.0,2.071428571428572,33.82,-116.5,0.875
2.135,27.0,3.885304659498208,1.028673835125448,1085.0,3.888888888888889,34.03,-118.29,1.196
6.5635,10.0,6.982708933717579,1.0259365994236311,1213.0,3.495677233429394,33.9,-117.96,3.469
2.2969,29.0,4.191740412979351,1.3628318584070795,520.0,1.5339233038348083,33.54,-117.78,4.5
1.3007,24.0,3.1424870466321244,1.023316062176166,699.0,1.810880829015544,38.1,-122.26,0.946
1.9483,16.0,4.21669341894061,0.9839486356340288,1054.0,1.6918138041733548,36.82,-119.72,1.125
6.2356,42.0,4.636085626911315,1.0428134556574924,634.0,1.9388379204892967,33.88,-118.4,4.727
6.7962,4.0,6.205936920222634,1.0241187384044528,1525.0,2.829313543599258,33.67,-117.8,3.291
3.0568,19.0,4.267898383371825,0.9884526558891455,1130.0,2.6096997690531176,38.47,-122.67,1.903
3.1312,49.0,5.831858407079646,1.15929203539823,741.0,2.185840707964602,38.51,-122.48,2.476
3.7321,36.0,5.9375,1.0178571428571428,273.0,2.4375,33.82,-118.13,2.237
2.6071,10.0,11.632978723404255,2.63031914893617,1020.0,2.7127659574468086,34.23,-116.76,0.89
4.7986,52.0,6.5038167938931295,1.0572519083969465,746.0,2.8473282442748094,34.19,-118.3,3.261
4.3056,30.0,5.036931818181818,1.0113636363636365,905.0,2.571022727272727,33.81,-118.31,3.36
3.4031,15.0,5.286796536796537,1.0692640692640694,2175.0,2.353896103896104,38.3,-122.47,2.095
2.8542,52.0,5.457831325301205,0.993975903614458,257.0,1.5481927710843373,38.56,-121.44,1.394
2.6509,25.0,3.74295010845987,1.1594360086767896,3136.0,1.700650759219089,34.05,-118.46,4.1
3.3182,24.0,5.88911704312115,1.0821355236139631,1284.0,2.6365503080082138,38.63,-121.29,2.13
1.7039,48.0,4.194774346793349,1.0546318289786225,1406.0,3.339667458432304,37.94,-121.28,0.527
2.6847,18.0,5.704152249134948,1.1453287197231834,1554.0,2.688581314878893,40.99,-124.08,1.113
1.85,14.0,4.541218637992832,1.039426523297491,1077.0,3.860215053763441,36.09,-119.56,0.523
3.1397,33.0,4.4,0.9701492537313432,1205.0,3.5970149253731343,33.93,-118.1,1.668
9.0702,43.0,7.335051546391752,1.0154639175257731,1467.0,2.520618556701031,34.17,-118.18,5.00001
1.7031,20.0,4.895985401459854,1.0091240875912408,1497.0,2.7317518248175183,36.07,-119.06,0.646
5.3525,15.0,6.684989429175476,1.0465116279069768,1145.0,2.4207188160676534,34.12,-117.67,1.917
4.3281,17.0,6.105882352941176,1.0294117647058822,998.0,2.9352941176470586,36.39,-119.27,1.457
4.174,42.0,6.595317725752508,1.234113712374582,1374.0,2.297658862876254,36.57,-121.92,3.944
2.6098,52.0,4.5989010989010985,1.075091575091575,1660.0,3.04029304029304,34.02,-118.32,1.271
4.0156,28.0,4.646987951807229,1.0325301204819275,2328.0,2.8048192771084337,33.84,-118.03,1.96
4.1779,3.0,7.461873638344227,1.3311546840958606,1588.0,3.4596949891067537,37.08,-120.85,1.478
2.375,48.0,3.6,0.9,485.0,4.409090909090909,34.01,-118.24,1.075
7.2477,16.0,6.660377358490566,1.0471698113207548,770.0,2.4213836477987423,37.54,-122.26,3.76
4.3173,46.0,5.491803278688525,1.0608899297423888,1031.0,2.414519906323185,34.16,-118.32,2.783
5.419,6.0,6.692551505546751,1.0649762282091917,1747.0,2.768621236133122,38.73,-121.28,2.674
2.4191,24.0,4.4227642276422765,1.089430894308943,1095.0,4.451219512195122,32.6,-117.06,1.073
3.2708,35.0,3.542391304347826,1.0510869565217391,2003.0,2.1771739130434784,33.95,-118.38,4.0
7.5112,23.0,7.280757097791798,1.0157728706624605,1001.0,3.1577287066246056,34.14,-117.88,3.555
3.3088,39.0,4.568345323741007,1.0755395683453235,1073.0,3.8597122302158273,34.07,-118.11,1.866
2.5562,34.0,3.1692913385826773,1.0098425196850394,2050.0,4.035433070866142,34.05,-118.02,1.563
6.9584,16.0,6.310714285714286,0.9571428571428572,1061.0,3.789285714285714,37.4,-121.87,3.516
5.8527,22.0,6.309486780715397,0.9704510108864696,2204.0,3.4276827371695178,33.81,-118.04,2.41
3.2481,8.0,5.535031847133758,1.1019108280254777,2425.0,3.089171974522293,33.7,-117.37,1.238
2.655,36.0,4.854477611940299,1.1007462686567164,2313.0,2.876865671641791,38.75,-121.3,0.863
0.9274,38.0,4.342857142857143,0.8571428571428571,65.0,1.8571428571428568,38.53,-121.4,0.675
1.7538,24.0,7.034591194968553,1.3647798742138364,834.0,2.6226415094339623,40.9,-121.64,0.903
1.365,40.0,4.756676557863502,1.1097922848664687,1026.0,3.0445103857566767,35.37,-118.96,0.543
1.9236,37.0,3.710227272727273,1.0,827.0,4.698863636363637,37.38,-120.73,0.644
4.1339,52.0,4.567058823529412,1.0258823529411765,955.0,2.247058823529412,37.78,-122.47,3.964
4.9706,15.0,5.467116357504215,1.0033726812816188,1936.0,3.264755480607082,32.92,-117.14,1.847
7.0285,45.0,6.440191387559809,1.0239234449760766,415.0,1.985645933014354,34.05,-118.49,5.00001
4.8623,18.0,11.22844827586207,1.9655172413793105,1301.0,2.8038793103448274,34.34,-117.61,1.769
4.6667,13.0,4.937677053824363,1.028328611898017,854.0,2.4192634560906514,32.9,-117.12,1.382
2.2258,25.0,3.581589958158996,1.0271966527196652,1807.0,3.780334728033473,34.06,-117.78,1.148
4.5769,35.0,5.891447368421052,1.0592105263157894,988.0,3.25,37.73,-122.42,2.545
4.6484,17.0,6.9140625,1.0963541666666667,991.0,2.5807291666666665,38.65,-121.26,2.706
4.1587,43.0,5.861495844875346,1.1274238227146811,900.0,2.4930747922437675,37.92,-122.31,2.122
2.5042,19.0,5.739957716701903,1.2600422832980973,1301.0,2.7505285412262155,38.61,-120.66,1.264
4.3571,35.0,4.975903614457831,1.0223752151462997,1757.0,3.0240963855421685,34.2,-118.52,1.998
3.1937,25.0,4.871794871794871,1.328205128205128,404.0,2.071794871794872,37.5,-122.47,3.192
5.1112,4.0,7.366459627329193,1.1211180124223603,1017.0,3.158385093167702,34.49,-117.25,1.709
2.3095,36.0,4.692847124824684,1.0364656381486677,2151.0,3.016830294530154,37.3,-120.46,0.683
4.0625,52.0,3.645161290322581,0.9301075268817204,791.0,4.252688172043011,34.11,-118.2,1.713
4.3194,44.0,5.764069264069264,1.106060606060606,1277.0,2.764069264069264,33.86,-118.12,1.995
1.875,29.0,4.286681715575621,1.182844243792325,1357.0,3.0632054176072234,37.96,-122.35,0.972
4.9125,41.0,6.35251798561151,1.0359712230215827,753.0,2.70863309352518,34.04,-117.18,1.407
2.4896,26.0,4.529190207156309,1.0621468926553672,680.0,1.28060263653484,37.87,-122.08,0.734
2.5603,32.0,3.517821782178218,1.0495049504950495,3129.0,3.098019801980198,34.18,-118.38,1.742
3.3844,6.0,5.420807453416149,1.0201863354037266,2075.0,3.222049689440994,37.67,-120.93,1.385
3.7065,36.0,5.235807860262009,1.1353711790393013,665.0,2.903930131004367,34.89,-117.05,0.62
3.8056,11.0,3.988919667590028,1.0318559556786704,1806.0,2.5013850415512464,33.78,-117.94,1.711
2.5,22.0,3.7587354409317806,1.054908485856905,1213.0,2.0183028286189684,32.8,-117.16,1.778
2.5208,52.0,3.9081632653061225,1.0357142857142858,448.0,2.2857142857142856,37.4,-122.08,3.167
3.0658,36.0,4.943548387096774,1.0,310.0,2.5,36.16,-120.37,0.65
3.1607,20.0,6.161849710982659,1.2658959537572254,536.0,3.098265895953757,32.92,-116.84,1.193
2.1827,52.0,4.344230769230769,1.0326923076923078,957.0,1.8403846153846155,38.45,-122.71,1.888
5.6902,5.0,6.266900790166813,1.077260755048288,2623.0,2.302897278314311,38.69,-121.17,2.432
2.455,8.0,3.543923381770145,1.1013870541611626,7211.0,2.381439894319683,33.91,-118.33,1.927
5.6549,15.0,6.69038208168643,1.061923583662714,2569.0,3.38471673254282,33.87,-117.85,3.019
5.0393,45.0,6.229461756373937,1.0141643059490084,942.0,2.668555240793201,34.16,-118.09,3.211
3.285,35.0,5.685633001422475,1.0839260312944523,2074.0,2.950213371266003,38.32,-122.31,1.381
4.26,46.0,5.959785522788204,0.967828418230563,968.0,2.5951742627345844,34.02,-118.33,1.826
5.1616,29.0,5.518024032042724,0.9933244325767692,2023.0,2.7009345794392523,37.54,-122.0,2.751
6.1576,12.0,6.832618025751073,1.03862660944206,969.0,4.1587982832618025,38.0,-122.27,2.487
5.0,26.0,5.768072289156627,1.0210843373493976,2780.0,2.791164658634538,36.67,-121.68,2.023
2.25,41.0,3.505988023952096,1.0,1479.0,4.42814371257485,34.06,-117.65,0.905
4.5493,43.0,4.6923076923076925,1.026525198938992,1102.0,2.923076923076923,37.66,-122.43,2.815
5.8758,16.0,5.122696155871512,1.1642969984202212,3026.0,1.5934702474986835,34.05,-118.41,5.00001
5.542,24.0,6.8357196684250185,1.0060286360211002,4558.0,3.434815373021854,33.85,-118.26,1.975
4.9196,27.0,6.184782608695652,0.9065217391304348,1219.0,2.65,36.73,-119.67,1.179
5.0497,38.0,6.537444933920705,1.0462555066079295,1176.0,2.590308370044053,38.58,-121.38,1.917
3.9934,41.0,5.004830917874396,1.1859903381642511,742.0,1.792270531400966,33.75,-118.12,5.00001
6.1265,22.0,6.759557344064386,1.0744466800804828,2843.0,2.8601609657947686,37.73,-121.94,2.603
4.1125,39.0,5.165605095541402,1.1305732484076434,903.0,2.875796178343949,34.3,-118.38,1.83
2.2259,24.0,3.1024,1.0432,1808.0,2.8928,37.31,-121.86,1.125
4.7188,52.0,7.068535825545172,1.0062305295950156,805.0,2.5077881619937696,37.76,-122.23,3.353
6.9473,19.0,7.499490316004078,0.981651376146789,3018.0,3.076452599388379,37.23,-121.87,3.614
4.0167,35.0,4.950261780104712,0.9240837696335078,1093.0,2.8612565445026177,34.09,-117.93,1.655
2.7348,52.0,4.071278825995807,0.9979035639412998,1375.0,2.8825995807127884,34.12,-118.26,2.091
1.2455,41.0,4.065217391304348,1.0869565217391304,1805.0,3.567193675889328,33.95,-118.3,1.008
3.375,25.0,4.194174757281553,0.9781553398058253,934.0,2.266990291262136,37.96,-122.32,1.337
1.7292,43.0,3.853535353535354,1.106060606060606,851.0,4.297979797979798,34.06,-117.64,0.792
2.234,19.0,5.988352745424293,1.156405990016639,1572.0,2.615640599001664,41.86,-122.33,0.586
2.0474,5.0,4.378132118451025,1.1138952164009113,938.0,2.1366742596810933,39.15,-121.59,0.613
3.5772,36.0,5.486590038314176,1.0153256704980842,749.0,2.869731800766284,33.91,-118.12,2.074
7.8575,26.0,7.364754098360656,1.0,626.0,2.565573770491804,37.29,-121.9,4.246
4.2885,16.0,5.71733771569433,1.0682004930156122,2965.0,2.436318816762531,37.25,-121.86,2.624
3.6875,18.0,5.1,1.2314049586776858,2164.0,1.7884297520661157,34.17,-119.23,5.00001
5.0142,15.0,5.981954887218045,1.0406015037593983,2418.0,3.6360902255639096,33.99,-117.95,2.699
3.0877,47.0,4.184782608695652,0.998447204968944,1505.0,2.3369565217391304,37.78,-122.49,3.291
3.2702,24.0,4.955882352941177,0.9705882352941176,2048.0,4.302521008403361,38.48,-121.47,0.673
1.7622,36.0,3.928716904276986,1.0712830957230142,974.0,1.9837067209775967,32.75,-117.25,2.058
2.0357,34.0,4.906103286384977,1.1220657276995305,896.0,2.103286384976526,36.64,-118.05,0.742
1.5369,39.0,3.6213389121338913,1.0146443514644352,2115.0,4.424686192468619,33.77,-118.27,1.413
4.9148,16.0,5.4702093397745575,1.104669887278583,1924.0,3.0982286634460547,33.71,-117.87,1.555
3.765,30.0,4.181126331811264,0.974124809741248,3185.0,4.84779299847793,32.77,-117.19,2.38
5.417,11.0,4.925867507886435,1.167192429022082,1223.0,1.929022082018928,32.87,-117.23,1.968
5.5592,31.0,6.284414106939704,1.0398179749715586,2848.0,3.2400455062571103,37.39,-121.84,2.299
1.2083,39.0,5.219512195121951,1.048780487804878,475.0,3.861788617886179,33.9,-118.24,0.926
3.7312,31.0,4.635021097046414,1.0569620253164558,944.0,1.9915611814346,34.16,-118.38,3.194
3.8214,24.0,5.733668341708543,1.0628140703517588,1167.0,2.9321608040201004,37.69,-120.75,1.161
6.2308,2.0,8.801007556675064,1.3738035264483628,5964.0,3.004534005037784,33.87,-117.64,2.579
4.6932,4.0,5.260137719969396,1.1009946442234124,2889.0,2.210405508798776,37.76,-121.94,3.561
1.6911,18.0,4.771653543307087,1.022965879265092,5022.0,3.295275590551181,39.72,-121.85,0.988
0.8024,48.0,5.136645962732919,1.2298136645962734,396.0,2.459627329192547,39.51,-121.55,0.583
4.7188,36.0,6.008333333333334,1.0194444444444444,915.0,2.5416666666666665,32.8,-117.09,1.741
2.375,26.0,6.48,1.08,86.0,3.44,37.65,-122.12,1.375
2.0125,31.0,3.669421487603306,1.1487603305785123,1405.0,3.870523415977961,33.88,-118.21,1.43
5.9378,15.0,7.572769953051643,0.9530516431924884,673.0,3.15962441314554,37.35,-120.43,2.122
1.4617,25.0,3.341708542713568,1.067001675041876,743.0,1.2445561139028476,33.76,-118.08,0.469
5.0224,52.0,5.064327485380117,1.1988304093567252,587.0,3.432748538011696,37.73,-122.44,2.619
4.05,20.0,6.220264317180617,0.9955947136563876,700.0,3.0837004405286343,38.67,-121.22,1.307
2.6159,45.0,3.647482014388489,1.0071942446043165,305.0,2.194244604316547,37.55,-122.31,2.729
3.6602,18.0,5.455840455840455,1.0683760683760684,2767.0,3.9415954415954415,34.08,-117.46,1.207
5.5875,11.0,5.853300733496333,0.9853300733496332,1393.0,3.4058679706601467,37.26,-121.83,2.593
4.1842,34.0,7.020576131687243,1.1358024691358024,628.0,2.584362139917696,34.36,-119.71,3.64
4.125,26.0,4.4796875,1.0484375,1955.0,3.0546875,34.21,-118.43,2.265
3.375,52.0,5.1807780320366135,1.0045766590389016,1031.0,2.359267734553776,34.08,-117.65,1.443
2.5902,17.0,4.307913669064749,1.1971223021582733,1571.0,2.260431654676259,34.68,-118.16,0.854
7.5196,16.0,7.895287958115183,1.031413612565445,1172.0,3.068062827225131,33.58,-117.66,3.156
5.0155,19.0,5.468208092485549,1.0520231213872833,474.0,2.739884393063584,38.68,-121.47,0.973
4.2625,37.0,5.925795053003534,0.950530035335689,689.0,2.4346289752650176,37.89,-122.05,3.106
4.8051,21.0,5.857142857142857,1.053391053391053,1874.0,2.704184704184704,39.0,-121.04,1.743
1.95,19.0,3.218390804597701,0.9655172413793104,483.0,5.551724137931035,34.25,-118.41,1.375
2.5238,22.0,4.6184,1.056,2607.0,2.0856,38.6,-121.39,1.188
2.2419,16.0,5.653940886699507,1.1133004926108374,1904.0,2.3448275862068964,39.83,-121.58,0.932
7.5418,52.0,5.675,1.095,441.0,2.205,37.45,-122.16,4.92
2.5947,23.0,3.4986876640419946,1.031496062992126,1369.0,3.593175853018373,34.42,-119.67,2.326
6.2517,25.0,7.195372750642673,0.9974293059125964,1348.0,3.4652956298200515,33.99,-117.96,3.111
2.4821,43.0,4.778761061946903,1.1150442477876106,1221.0,2.7013274336283186,32.72,-117.13,1.406
2.875,30.0,4.731152204836415,1.0611664295874823,1704.0,2.4238975817923185,37.77,-122.17,1.353
3.2604,9.0,5.018105849582173,1.0947075208913648,1782.0,2.481894150417827,34.06,-117.24,0.933
2.7366,40.0,3.196078431372549,1.0647058823529412,1568.0,3.074509803921569,34.08,-118.28,1.691
4.7328,45.0,5.573913043478261,1.0847826086956522,1056.0,2.2956521739130435,37.78,-122.51,3.511
3.7292,52.0,4.566724436741768,1.0173310225303294,1302.0,2.256499133448873,37.78,-122.47,4.167
2.5363,44.0,4.408376963350785,1.0104712041884816,1423.0,2.4834205933682374,33.97,-118.33,1.588
6.6458,31.0,5.965986394557823,0.9948979591836736,1957.0,3.328231292517007,34.28,-118.49,2.855
4.0071,37.0,5.063339731285988,1.0479846449136276,1789.0,3.433781190019194,37.72,-122.42,2.447
7.5594,18.0,5.232456140350878,1.0219298245614037,475.0,2.083333333333333,33.71,-118.39,5.00001
3.622,36.0,4.968152866242038,1.019108280254777,1348.0,4.292993630573249,33.92,-118.07,1.74
1.8993,17.0,4.699367088607595,1.0917721518987342,823.0,2.604430379746836,40.95,-124.1,0.784
3.1563,42.0,6.1875,1.0,158.0,4.9375,37.36,-121.92,1.375
4.121,16.0,5.308527131782946,1.082170542635659,1940.0,3.007751937984496,32.96,-117.03,1.821
3.3438,17.0,4.409214092140921,1.0785907859078592,1216.0,3.2953929539295395,33.86,-117.93,1.866
2.5625,15.0,5.341463414634147,1.0452961672473868,674.0,2.3484320557491287,38.75,-120.86,1.461
1.9732,32.0,4.989837398373984,1.032520325203252,1344.0,2.731707317073171,36.99,-120.62,0.694
3.4773,29.0,5.473815461346633,1.032418952618454,1360.0,3.391521197007481,34.21,-118.85,2.067
3.375,39.0,4.352941176470588,1.0361990950226243,999.0,4.520361990950226,34.05,-118.17,1.26
6.9931,25.0,10.1731843575419,1.921787709497207,349.0,1.9497206703910608,38.36,-122.26,3.988
1.0568,16.0,7.8427672955974845,1.981132075471698,433.0,2.7232704402515724,34.52,-116.73,0.75
4.0987,37.0,4.804913294797688,1.060693641618497,1468.0,2.121387283236994,37.58,-122.36,4.34
5.6063,16.0,6.417391304347826,0.9695652173913044,1525.0,3.315217391304348,37.45,-121.9,3.205
4.1302,30.0,5.502183406113537,0.9694323144104804,638.0,2.7860262008733625,34.22,-118.35,2.583
2.5068,26.0,4.2406931964056485,1.0673940949935816,4066.0,2.609756097560976,33.86,-118.16,1.563
4.4671,47.0,5.3825665859564165,0.9927360774818402,1163.0,2.8159806295399514,33.74,-118.3,2.708
0.8836,30.0,2.662280701754386,1.0789473684210529,1648.0,2.409356725146199,37.8,-122.41,4.5
5.118,33.0,6.049122807017544,1.0210526315789474,943.0,3.308771929824561,33.81,-117.95,1.952
2.3974,48.0,3.201145311381532,1.1302791696492485,2796.0,2.0014316392269147,34.11,-118.32,4.107
2.6631,26.0,3.8046783625731,1.0900584795321635,2246.0,2.626900584795321,37.66,-122.42,2.44
4.1016,4.0,4.709327548806941,1.295010845986985,928.0,2.013015184381779,37.99,-121.89,1.705
5.5277,30.0,5.781902552204176,0.9419953596287703,1250.0,2.9002320185614847,32.84,-117.19,1.971
4.5859,17.0,4.433333333333334,0.8848484848484849,695.0,2.106060606060606,37.7,-122.14,1.872
3.5893,14.0,9.282051282051285,2.0,88.0,2.2564102564102564,37.32,-119.51,2.143
4.88,21.0,5.882089552238806,0.9776119402985076,1897.0,2.8313432835820898,33.83,-118.06,3.439
1.7031,16.0,3.500770416024653,0.9691833590138677,1689.0,2.6024653312788906,35.29,-120.66,1.95
3.7007,26.0,6.272311212814645,1.032036613272311,1217.0,2.7848970251716247,39.71,-121.89,1.392
2.1071,18.0,4.641935483870967,1.029032258064516,699.0,2.2548387096774194,34.12,-117.23,0.735
2.1979,8.0,5.642380708055413,1.1313494099538224,5060.0,2.5962031811185224,33.79,-116.95,0.953
4.2708,24.0,4.882943143812709,1.0050167224080269,1460.0,2.4414715719063547,34.31,-118.46,2.182
4.4551,16.0,5.260649087221095,1.028397565922921,1512.0,1.5334685598377282,37.86,-122.06,2.524
5.8666,37.0,5.824561403508772,1.0964912280701755,626.0,2.745614035087719,34.01,-118.45,4.401
3.7813,39.0,4.564738292011019,1.1074380165289257,931.0,2.564738292011019,34.03,-118.45,3.363
3.9844,38.0,5.403041825095057,1.1406844106463878,1236.0,4.699619771863118,33.72,-117.88,1.653
2.8701,26.0,3.683250414593698,1.097844112769486,1998.0,3.313432835820896,34.2,-118.53,1.911
3.7527,38.0,4.410596026490066,1.0364238410596027,1627.0,2.693708609271523,33.87,-118.18,1.619
5.2606,43.0,5.634615384615385,1.1121794871794872,954.0,3.0576923076923075,33.82,-118.2,1.989
7.5274,37.0,7.068535825545172,1.0124610591900312,930.0,2.897196261682243,37.36,-122.09,5.00001
3.79,52.0,4.643867924528302,0.9174528301886792,877.0,2.068396226415094,32.74,-117.12,1.634
2.125,47.0,4.528052805280528,1.3036303630363035,1237.0,4.082508250825082,37.79,-122.24,0.955
1.8238,14.0,4.606635071090047,1.0545023696682465,1830.0,2.1682464454976302,38.95,-121.11,1.586
2.7955,36.0,3.672972972972973,0.8567567567567568,1557.0,4.208108108108108,34.05,-118.03,1.575
3.875,45.0,4.595155709342561,1.0034602076124568,720.0,2.491349480968858,34.18,-118.34,2.269
2.2969,29.0,4.191740412979351,1.3628318584070795,520.0,1.5339233038348083,33.54,-117.78,4.5
3.963,28.0,5.427893738140417,0.976280834914611,2672.0,2.535104364326376,32.8,-116.98,1.644
3.0375,48.0,4.575221238938053,1.095132743362832,946.0,2.0929203539823007,37.34,-121.93,2.185
4.375,35.0,5.173913043478261,1.0909090909090908,1113.0,4.399209486166008,34.05,-117.95,1.565
3.1458,34.0,5.776595744680851,1.127659574468085,900.0,3.191489361702128,32.81,-117.15,1.783
4.3292,14.0,5.048054919908467,1.0892448512585813,1656.0,1.894736842105263,33.77,-117.84,2.065
5.0012,8.0,5.528095238095238,1.0195238095238095,5696.0,2.7123809523809523,35.32,-119.08,1.063
15.0001,2.0,22.22222222222222,2.2222222222222223,25.0,2.7777777777777777,37.74,-121.96,3.5
4.3585,34.0,5.768976897689769,0.9372937293729372,783.0,2.584158415841584,38.27,-122.31,1.944
2.9479,5.0,5.564150943396227,1.2660377358490569,1620.0,3.056603773584906,34.55,-117.54,0.833
3.7543,42.0,4.184873949579832,1.0084033613445378,548.0,4.605042016806722,34.02,-118.2,1.266
4.2432,13.0,6.350568769389866,1.0537745604963806,2553.0,2.640124095139607,38.54,-121.67,3.265
2.0341,32.0,3.0432432432432432,1.0324324324324323,626.0,3.383783783783784,34.09,-118.32,2.5
5.3473,41.0,6.089171974522293,0.9808917197452228,896.0,2.853503184713376,34.23,-118.24,3.527
5.5673,7.0,5.865384615384615,1.1394230769230769,2710.0,2.605769230769231,32.81,-117.09,2.882
5.6864,21.0,7.677777777777778,1.0083333333333333,902.0,2.5055555555555555,38.64,-121.25,2.587
2.7431,14.0,4.204081632653061,1.075801749271137,782.0,2.2798833819241984,34.15,-118.1,1.775
2.3594,16.0,7.384615384615385,1.4326923076923077,646.0,3.105769230769231,39.32,-120.19,1.557
4.0619,17.0,5.979605263157895,1.0144736842105264,4758.0,3.1302631578947366,38.27,-122.01,1.266
3.7727,47.0,4.536082474226804,0.8900343642611683,653.0,2.2439862542955327,34.01,-118.33,1.93
4.0859,49.0,5.486363636363636,1.1590909090909092,658.0,2.9909090909090907,37.72,-122.46,2.286
3.6815,43.0,6.516129032258065,1.1096774193548389,692.0,2.232258064516129,34.95,-120.43,1.818
5.6917,18.0,6.062909567496724,1.077326343381389,2794.0,3.661861074705112,33.87,-118.04,2.751
3.7969,14.0,5.105603448275862,1.3017241379310345,1546.0,3.331896551724138,33.91,-118.09,1.594
1.4241,16.0,4.285285285285285,0.957957957957958,642.0,1.927927927927928,39.23,-121.02,1.25
3.6474,26.0,3.923076923076923,0.998211091234347,1186.0,2.1216457960644006,34.15,-118.11,1.841
1.64,25.0,3.911971830985916,1.1161971830985915,1025.0,1.8045774647887325,32.75,-117.12,1.3
2.975,30.0,5.2926829268292686,1.0703012912482066,2250.0,3.2281205164992826,38.4,-122.73,1.573
4.5881,3.0,6.037243947858473,0.9655493482309124,3295.0,3.067970204841713,33.69,-117.19,1.364
7.3028,45.0,6.849180327868853,1.022950819672131,834.0,2.734426229508197,34.04,-118.39,5.00001
8.7783,14.0,7.867109634551495,0.9867109634551496,796.0,2.644518272425249,37.74,-121.01,4.35
3.025,17.0,5.6390532544378695,0.9881656804733728,1550.0,4.585798816568047,34.04,-117.4,0.818
1.9417,35.0,4.78743961352657,1.067632850241546,620.0,2.995169082125604,35.33,-119.0,0.538
3.6389,42.0,3.994296577946768,0.9961977186311788,1212.0,2.304182509505704,37.34,-121.92,2.392
1.4554,52.0,2.498371335504886,1.242671009771987,1520.0,2.47557003257329,37.78,-122.41,3.75
1.0298,20.0,2.3984674329501914,0.8122605363984674,3574.0,13.693486590038312,35.32,-120.65,3.0
5.5148,15.0,5.706783369803063,1.0021881838074398,1531.0,3.350109409190372,36.89,-121.66,2.535
2.767,42.0,4.735602094240837,1.1099476439790577,1094.0,2.863874345549738,34.04,-118.37,1.43
7.9625,33.0,6.520599250936329,1.0262172284644195,588.0,2.202247191011236,34.14,-118.45,4.908
2.6951,44.0,3.90896159317212,1.0170697012802277,2962.0,4.213371266002845,33.97,-118.23,1.693
2.2027,32.0,3.2301255230125525,1.0711297071129706,1981.0,2.0721757322175733,33.88,-118.13,1.927
2.125,30.0,5.201663201663202,1.0873180873180872,1296.0,2.6943866943866945,40.47,-122.33,0.661
1.125,26.0,3.794339622641509,1.0509433962264152,855.0,1.6132075471698113,38.45,-122.7,2.333
3.8015,24.0,5.488738738738738,0.9864864864864864,1430.0,3.220720720720721,36.61,-121.82,1.691
6.6544,44.0,6.681818181818182,1.0588235294117647,910.0,2.433155080213904,33.59,-117.87,5.00001
3.5129,25.0,5.725490196078432,0.9950980392156864,1172.0,2.872549019607843,38.71,-121.44,1.012
6.6888,36.0,6.482213438735178,0.9446640316205532,693.0,2.739130434782609,34.16,-118.03,5.00001
4.3625,29.0,6.247126436781609,1.0,430.0,2.471264367816092,38.67,-121.28,1.588
4.7813,17.0,7.31767955801105,1.0662983425414363,1057.0,2.9198895027624308,34.9,-120.37,3.268
4.7931,36.0,5.462585034013605,1.0816326530612246,889.0,3.023809523809524,34.1,-118.05,2.726
2.7054,52.0,5.741214057507987,1.060702875399361,905.0,2.891373801916933,33.99,-117.38,1.417
4.9489,45.0,6.102739726027397,1.0616438356164384,384.0,2.6301369863013697,37.75,-122.24,2.471
4.5606,31.0,4.437598736176935,1.052132701421801,1316.0,2.078988941548184,33.71,-118.29,3.038
9.2189,28.0,8.046511627906977,1.0534883720930233,2515.0,2.9244186046511627,34.14,-118.53,5.00001
1.5161,28.0,3.904862579281184,1.0570824524312896,2263.0,4.784355179704017,33.91,-118.22,1.032
5.152,35.0,5.571428571428571,0.968944099378882,479.0,2.975155279503105,33.81,-117.98,2.156
5.3243,29.0,6.237864077669903,0.9368932038834952,460.0,2.233009708737864,38.59,-121.35,2.657
4.0114,42.0,6.68724279835391,1.0493827160493827,578.0,2.3786008230452675,38.12,-122.24,1.669
4.6923,44.0,5.322222222222222,1.0177777777777777,1287.0,2.86,33.96,-118.38,2.99
1.1786,32.0,4.520979020979021,1.1083916083916083,1109.0,3.8776223776223775,35.35,-118.99,0.456
2.0385,47.0,5.017543859649122,0.9941520467836256,365.0,2.134502923976608,34.17,-118.35,2.25
2.2254,11.0,4.598499061913696,1.2476547842401502,1155.0,2.1669793621013134,37.8,-121.23,1.308
3.9934,18.0,4.857142857142857,0.8095238095238095,55.0,2.619047619047619,34.08,-118.68,5.00001
4.625,17.0,7.2594594594594595,1.0972972972972972,511.0,2.7621621621621624,37.03,-121.96,3.864
6.0,26.0,6.281501340482574,1.0107238605898123,1166.0,3.1260053619302948,33.78,-118.01,2.331
9.9055,19.0,9.830769230769231,1.1692307692307693,822.0,3.1615384615384614,33.81,-117.82,4.569
2.5741,29.0,4.932160804020101,0.984924623115578,1208.0,3.0351758793969847,36.71,-119.56,0.73
2.4949,44.0,5.318284424379232,1.08803611738149,1043.0,2.3544018058690743,38.12,-121.27,1.08
1.6731,41.0,4.036827195467422,1.0538243626062322,1803.0,5.1076487252124645,33.99,-118.24,0.882
2.4688,38.0,4.146825396825397,1.0297619047619049,1871.0,3.712301587301587,33.96,-118.21,1.69
4.0153,25.0,4.276595744680851,1.0653495440729484,1139.0,1.7310030395136775,34.05,-118.39,4.6
1.5933,37.0,3.998330550918197,1.0467445742904842,2489.0,4.155258764607679,32.69,-117.11,0.863
4.0375,29.0,6.447222222222222,1.0194444444444444,1173.0,3.2583333333333333,32.78,-115.57,0.864
5.5456,50.0,5.678571428571429,1.0993788819875776,1725.0,2.6785714285714284,34.14,-118.22,2.581
6.0994,25.0,6.128767123287672,0.9068493150684932,1121.0,3.0712328767123287,34.18,-118.95,2.549
6.7415,28.0,7.645695364238411,0.9933774834437086,931.0,3.0827814569536423,34.27,-118.54,3.482
3.2813,45.0,5.934579439252336,1.1308411214953271,598.0,2.794392523364486,36.8,-119.99,1.054
4.875,19.0,6.024137931034483,1.0034482758620689,848.0,2.924137931034483,32.8,-116.86,1.872
5.308,33.0,5.712250712250713,1.1168091168091168,1043.0,2.971509971509972,34.44,-119.15,2.979
3.9286,30.0,5.732876712328767,1.0171232876712328,756.0,2.589041095890411,38.43,-121.81,1.331
2.9459,32.0,4.656934306569343,1.051094890510949,2161.0,3.9434306569343054,34.12,-117.92,1.444
3.8616,8.0,6.19,1.088,2967.0,2.967,38.55,-122.82,1.951
3.125,19.0,5.375,1.1607142857142858,150.0,2.6785714285714284,34.12,-116.05,0.656
1.3343,22.0,3.685584562996594,0.9750283768444948,4179.0,4.743473325766175,36.72,-119.75,0.608
2.7316,46.0,4.181303116147308,0.9745042492917848,688.0,1.9490084985835687,38.56,-121.48,1.347
2.6639,29.0,2.91125,1.04125,1953.0,2.44125,34.02,-118.46,2.333
4.3472,15.0,5.923832923832924,1.095823095823096,1144.0,2.810810810810811,38.34,-122.47,2.61
3.1205,16.0,3.728476821192053,1.1015452538631347,1260.0,2.781456953642384,33.87,-117.99,1.74
2.4167,26.0,5.0,1.0062305295950156,1908.0,2.97196261682243,36.07,-119.03,0.776
4.2,38.0,5.316062176165803,0.9844559585492229,789.0,4.0880829015544045,33.97,-118.08,1.632
2.4861,36.0,4.655555555555556,1.1666666666666667,722.0,4.011111111111111,33.88,-117.56,0.962
4.0469,34.0,5.628930817610063,1.0754716981132075,2786.0,4.380503144654088,34.06,-117.97,1.668
1.6118,39.0,3.730434782608696,1.0231884057971017,1171.0,3.3942028985507244,34.09,-118.21,1.385
5.6169,35.0,5.308139534883721,0.936046511627907,451.0,2.622093023255814,33.97,-118.4,4.112
0.8172,52.0,6.102459016393443,1.3729508196721312,728.0,2.9836065573770494,37.82,-122.28,0.853
6.9414,52.0,8.067193675889328,1.067193675889328,671.0,2.652173913043478,37.9,-122.27,4.175
5.102,8.0,5.681818181818182,0.9896694214876032,1526.0,3.152892561983471,38.02,-121.92,1.565
3.75,16.0,5.768718801996672,1.0232945091514145,1478.0,2.459234608985025,38.68,-121.28,1.473
4.7083,25.0,5.248259860788863,0.9976798143851509,2426.0,2.8143851508120648,37.64,-122.07,1.909
2.5575,12.0,5.202676864244742,1.0497131931166348,1294.0,2.474187380497132,35.32,-119.03,1.002
1.9861,43.0,4.635416666666667,0.9722222222222222,943.0,3.274305555555556,36.21,-119.09,0.477
3.6086,30.0,3.916083916083916,1.0932400932400932,1779.0,4.146853146853147,33.82,-118.22,1.463
2.8561,36.0,4.259189443920829,1.0188501413760602,4818.0,4.540999057492932,34.19,-119.18,1.791
8.5842,42.0,5.765935214211076,1.0229885057471264,1863.0,1.9467084639498435,34.11,-118.37,5.00001
5.1333,22.0,5.955696202531645,1.0738396624472577,1271.0,2.681434599156118,37.97,-121.99,2.072
1.2175,52.0,2.890909090909091,1.12,1118.0,4.065454545454545,34.01,-118.28,1.313
2.4135,36.0,5.364795918367347,0.9948979591836736,1279.0,3.2627551020408165,32.7,-117.08,0.97
1.0685,46.0,3.6322314049586777,1.0557851239669422,1094.0,2.260330578512397,38.61,-121.45,0.7
3.6667,36.0,5.078,1.07,979.0,1.958,34.04,-118.48,5.00001
4.1312,35.0,5.882352941176471,0.9754901960784312,1218.0,2.985294117647059,33.93,-118.02,1.938
4.0441,45.0,4.873994638069705,1.093833780160858,1705.0,4.571045576407506,33.94,-118.2,1.575
5.9714,35.0,6.23015873015873,1.0158730158730158,1248.0,3.3015873015873014,37.31,-122.02,3.325
4.285,34.0,5.208469055374593,0.9641693811074918,938.0,3.055374592833876,33.87,-117.95,1.849
5.3245,8.0,5.987373737373737,0.946969696969697,1094.0,2.7626262626262625,38.0,-121.78,1.745
4.5208,19.0,5.485074626865671,1.1791044776119404,597.0,4.455223880597015,37.33,-121.85,1.881
5.2421,40.0,5.330935251798561,0.988009592326139,1050.0,2.517985611510792,37.43,-122.2,4.445
1.9722,35.0,3.0,0.9887640449438202,1586.0,3.5640449438202246,34.07,-118.23,1.563
2.3333,25.0,5.84516129032258,1.0838709677419356,1257.0,2.703225806451613,36.8,-119.75,0.906
3.2917,26.0,5.034979423868313,0.9917695473251028,1405.0,2.8909465020576133,33.2,-117.36,1.508
3.9688,52.0,5.167173252279635,0.9635258358662614,996.0,3.027355623100304,34.18,-118.14,1.75
7.912,26.0,7.209068010075566,0.9924433249370276,1030.0,2.5944584382871536,37.72,-122.13,3.673
2.6214,7.0,5.491089108910892,1.0495049504950495,1374.0,2.720792079207921,37.4,-120.84,1.038
5.0072,44.0,5.914835164835165,1.03021978021978,947.0,2.601648351648352,33.79,-118.13,2.362
3.2026,34.0,5.481393975191967,1.0425280567040756,4514.0,2.666272888363851,34.46,-119.23,2.276
1.5449,17.0,4.5315985130111525,1.1115241635687731,1563.0,2.9052044609665426,36.74,-119.69,0.625
5.0731,9.0,5.071698113207547,1.0528301886792453,530.0,2.0,33.88,-117.97,1.851
2.6316,34.0,5.4120603015075375,1.2914572864321607,478.0,2.402010050251256,34.14,-118.02,2.528
1.6318,19.0,4.403536977491961,1.1366559485530547,2004.0,3.2218649517684885,32.75,-117.09,1.177
4.15,46.0,4.03921568627451,0.8627450980392157,134.0,2.627450980392157,37.42,-122.14,2.65
2.652,31.0,4.931350114416476,1.194508009153318,1858.0,4.251716247139588,37.6,-122.02,1.598
0.9506,40.0,3.9,1.21875,423.0,2.64375,37.82,-122.26,1.875
4.1705,17.0,4.666990291262136,1.0305825242718447,4684.0,2.2737864077669903,38.09,-122.56,2.098
5.2134,13.0,7.564102564102564,1.0897435897435896,1055.0,3.3814102564102564,36.36,-119.64,0.974
3.6033,39.0,4.5701754385964914,0.9692982456140352,863.0,3.7850877192982457,33.98,-118.08,1.578
2.1859,38.0,4.472222222222222,1.0462962962962965,389.0,3.601851851851852,33.89,-118.16,1.438
2.8942,39.0,4.333333333333333,1.0909090909090908,113.0,3.4242424242424243,34.19,-119.05,2.75
4.2262,14.0,6.540913921360255,1.0988310308182785,2407.0,2.557917109458024,38.67,-121.25,2.443
2.0139,17.0,3.642523364485981,1.0794392523364489,821.0,1.9182242990654208,32.76,-117.12,1.5
5.163,24.0,5.5,1.0116279069767442,2465.0,2.605708245243129,33.72,-118.03,2.61
1.5517,31.0,3.110831234256927,0.9748110831234256,816.0,2.0554156171284634,32.76,-117.09,1.225
5.5427,4.0,6.570291777188329,0.9522546419098143,1234.0,3.273209549071618,38.04,-121.36,1.621
3.875,32.0,5.361702127659575,1.1094224924012157,924.0,2.8085106382978724,34.14,-117.88,1.867
5.5228,14.0,7.104627766599598,1.022132796780684,1505.0,3.028169014084507,37.76,-120.79,2.753
4.3897,36.0,6.022950819672131,1.0459016393442624,810.0,2.6557377049180326,33.8,-118.11,2.35
4.1597,16.0,5.214592274678112,0.9570815450643776,787.0,3.3776824034334765,38.47,-121.44,0.959
4.875,52.0,5.125181950509462,1.1164483260553129,1415.0,2.059679767103348,37.75,-122.43,3.622
5.3194,35.0,6.029315960912052,1.0553745928338762,1449.0,2.359934853420196,33.99,-118.36,3.137
4.2762,36.0,6.017291066282421,1.031700288184438,772.0,2.2247838616714697,37.3,-121.92,3.101
5.208,46.0,6.09480122324159,1.235474006116208,850.0,2.599388379204893,37.11,-122.11,2.068
4.0536,34.0,5.455268389662028,1.0755467196819086,1333.0,2.650099403578529,33.96,-118.14,2.772
4.2283,36.0,5.6109422492401215,1.088145896656535,748.0,2.2735562310030395,34.4,-119.71,3.268
1.6983,34.0,4.872586872586872,1.0308880308880308,520.0,2.007722007722008,40.58,-122.38,0.726
2.9271,6.0,2.4880763116057234,0.9523052464228936,3157.0,5.019077901430842,33.75,-117.86,1.232
3.2625,27.0,5.145907473309609,1.0498220640569396,670.0,2.3843416370106763,39.22,-122.04,0.928
4.6667,4.0,6.892030848329049,1.1134777818582446,8805.0,3.233565919941241,33.97,-117.29,1.606
3.6953,36.0,4.739130434782608,1.3478260869565215,416.0,3.0144927536231885,34.09,-118.33,2.0
3.0956,35.0,4.485969387755102,1.121173469387755,1632.0,2.0816326530612246,34.05,-118.38,5.00001
3.8864,36.0,5.438405797101449,1.039855072463768,703.0,2.5471014492753623,37.69,-122.15,1.973
2.7656,36.0,5.286407766990291,1.1771844660194175,914.0,2.218446601941748,34.11,-118.06,2.395
4.4536,23.0,5.7468671679198,1.0300751879699248,969.0,2.4285714285714284,37.98,-121.99,1.84
4.8152,21.0,6.349072512647555,1.0320404721753795,1722.0,2.903878583473862,33.19,-117.21,2.185
1.8,5.0,3.6666666666666665,0.9607843137254902,207.0,4.0588235294117645,33.75,-117.86,1.542
4.0167,35.0,4.950261780104712,0.9240837696335078,1093.0,2.8612565445026177,34.09,-117.93,1.655
1.7562,30.0,3.4423076923076925,1.0692307692307692,1827.0,3.5134615384615384,33.97,-118.19,1.813
3.4732,52.0,5.962864721485412,1.1193633952254642,870.0,2.3076923076923075,37.89,-122.29,2.462
4.67,8.0,6.226950354609929,1.0303951367781157,2821.0,2.858156028368794,37.34,-120.48,1.276
3.6364,19.0,6.465408805031447,1.20125786163522,340.0,2.138364779874214,33.68,-117.95,2.528
2.75,27.0,3.296979865771812,1.058724832214765,1042.0,1.748322147651007,34.03,-118.46,3.273
2.587,33.0,5.549333333333333,1.090666666666667,1008.0,2.688,34.07,-117.66,1.381
3.8456,33.0,5.057755775577558,1.0082508250825082,2204.0,3.636963696369637,33.83,-117.9,2.118
5.5,35.0,5.981060606060606,0.9204545454545454,734.0,2.7803030303030303,37.96,-122.28,2.01
3.2788,26.0,5.604838709677419,1.0161290322580645,319.0,2.5725806451612905,40.48,-122.33,1.016
4.131,24.0,5.397163120567376,1.0673758865248226,2541.0,4.50531914893617,33.88,-117.51,1.238
1.4625,43.0,5.144,1.16,2400.0,3.84,38.53,-121.47,0.544
2.2794,23.0,5.763414634146342,1.0951219512195125,1168.0,2.848780487804878,36.99,-120.64,0.757
4.2071,8.0,5.539936102236422,1.0782747603833869,1604.0,2.562300319488818,36.86,-119.78,1.283
6.8112,25.0,7.076693227091633,1.0079681274900398,2519.0,2.508964143426295,33.98,-118.38,5.00001
2.3594,30.0,5.03728813559322,1.076271186440678,1940.0,3.288135593220339,37.29,-120.46,0.723
6.0791,23.0,6.119909502262443,1.015837104072398,1180.0,2.669683257918552,37.25,-121.89,3.165
4.4663,34.0,5.725663716814159,1.0501474926253689,1021.0,3.0117994100294987,33.81,-117.96,1.839
1.8576,37.0,2.477564102564102,1.0064102564102564,835.0,2.676282051282051,34.09,-118.31,1.938
1.7083,44.0,6.839357429718875,1.437751004016064,789.0,3.1686746987951806,33.99,-118.31,1.0
2.1719,17.0,28.6,4.945454545454545,142.0,2.581818181818182,36.86,-121.82,4.2
3.6875,15.0,6.426294820717131,1.1912350597609562,655.0,2.609561752988048,38.02,-120.43,1.86
1.8564,37.0,3.814814814814815,1.0507544581618655,2586.0,3.5473251028806585,34.03,-118.3,1.875
3.9167,35.0,5.771241830065359,1.03921568627451,1933.0,2.105664488017429,38.58,-121.43,1.557
3.2484,16.0,4.339915373765868,1.0338504936530324,1447.0,2.040902679830748,38.0,-122.04,0.911
3.75,52.0,5.024793388429752,1.068870523415978,799.0,2.201101928374656,37.77,-122.46,4.357
2.9271,48.0,5.046594982078853,1.0788530465949822,682.0,2.4444444444444446,34.63,-120.46,1.466
1.5625,38.0,5.097510373443983,1.2946058091286308,1516.0,3.145228215767635,37.75,-122.16,0.917
4.2926,32.0,5.407079646017699,1.1026548672566372,1902.0,3.366371681415929,34.05,-117.93,1.907
2.6708,52.0,4.863894139886578,1.2079395085066162,1238.0,2.340264650283554,38.11,-122.26,1.097
2.8,27.0,4.420494699646643,0.9964664310954064,503.0,1.777385159010601,34.44,-119.74,3.53
4.8283,4.0,6.795894428152493,1.0533724340175954,5804.0,3.4041055718475075,34.13,-117.42,1.419
3.025,35.0,4.446511627906977,0.9906976744186048,488.0,2.269767441860465,38.81,-123.02,1.406
1.8849,27.0,4.935643564356436,1.051155115511551,1419.0,2.341584158415841,39.15,-121.63,0.735
2.3929,16.0,5.327127659574468,1.059840425531915,2028.0,2.6968085106382977,39.91,-122.12,0.772
12.0933,10.0,8.179012345679013,1.1666666666666667,427.0,2.635802469135802,37.98,-122.46,5.00001
5.0196,52.0,4.7224576271186445,1.055084745762712,1079.0,2.2860169491525424,37.74,-122.43,3.243
3.8992,5.0,7.678861788617886,1.4593495934959348,616.0,2.5040650406504064,33.43,-117.72,5.00001
3.275,34.0,5.45945945945946,1.054054054054054,1293.0,2.9121621621621623,33.93,-118.01,1.899
2.7284,24.0,4.897400820793433,1.00547195622435,1959.0,2.679890560875513,38.27,-122.03,1.185
2.8702,36.0,5.245569620253165,1.0329113924050632,964.0,2.440506329113924,34.07,-117.66,1.37
5.1589,35.0,5.183361629881155,1.0577249575551784,1311.0,2.225806451612903,33.82,-118.38,4.392
1.4821,27.0,4.230326295585413,1.1477927063339732,1656.0,3.1785028790786947,32.71,-117.08,0.862
2.5062,47.0,5.177777777777778,1.0793650793650793,847.0,2.688888888888889,35.36,-119.02,0.737
6.213,32.0,6.0588235294117645,0.8877005347593583,523.0,2.7967914438502675,33.83,-117.98,2.308
6.2242,13.0,6.121320890165111,0.9791816223977028,4597.0,3.3000717875089736,33.65,-117.66,2.379
2.2391,43.0,3.406882591093117,1.0526315789473684,2190.0,4.433198380566802,33.95,-118.23,1.528
3.7045,33.0,5.296774193548387,0.9053763440860216,1235.0,2.6559139784946235,38.32,-122.31,1.615
2.125,22.0,6.856687898089172,1.4681528662420382,903.0,2.875796178343949,40.4,-122.76,1.232
7.8647,52.0,7.112962962962963,0.9944444444444444,1391.0,2.575925925925926,37.45,-122.14,5.00001
2.4612,45.0,4.370473537604457,1.0,1203.0,3.350974930362117,34.03,-118.14,1.805
2.5263,34.0,4.4631956912028725,1.0053859964093357,2443.0,4.385996409335728,36.67,-121.63,1.304
3.1286,19.0,5.23607427055703,1.0424403183023874,799.0,2.119363395225464,37.66,-120.97,1.375
1.5625,17.0,3.657142857142857,0.9214285714285714,314.0,2.242857142857143,38.73,-120.76,1.083
1.7446,23.0,3.776422764227642,1.1199186991869918,1506.0,3.0609756097560976,32.75,-117.1,0.852
2.3095,36.0,4.692847124824684,1.0364656381486677,2151.0,3.016830294530154,37.3,-120.46,0.683
2.183,16.0,6.300675675675675,1.3969594594594594,1346.0,2.2736486486486487,33.49,-116.6,1.135
2.4735,43.0,5.185792349726776,1.1420765027322404,971.0,2.6530054644808745,34.1,-117.43,0.899
3.4792,18.0,4.633802816901408,1.1070422535211268,1490.0,4.197183098591549,33.51,-117.67,1.264
4.9079,26.0,6.153452685421995,1.051150895140665,1313.0,3.3580562659846547,34.26,-119.21,2.341
2.7632,16.0,3.305851063829788,0.9707446808510638,1925.0,5.11968085106383,33.74,-117.87,1.589
3.16,14.0,3.204933586337761,1.0531309297912714,1319.0,2.5028462998102468,32.69,-117.05,1.438
5.1815,36.0,5.569506726457399,1.1771300448430493,792.0,1.7757847533632287,33.71,-118.14,5.00001
2.3036,35.0,4.62051282051282,1.176923076923077,1009.0,2.587179487179488,37.79,-122.2,1.26
3.6719,52.0,5.465753424657534,1.0753424657534247,1024.0,3.506849315068493,34.16,-118.13,2.279
3.2413,31.0,5.062374245472837,1.0583501006036218,2194.0,4.414486921529175,34.06,-117.97,1.555
5.0497,38.0,6.537444933920705,1.0462555066079295,1176.0,2.590308370044053,38.58,-121.38,1.917
4.3214,18.0,5.645645645645645,1.2612612612612613,681.0,2.045045045045045,34.15,-118.42,3.723
5.1696,52.0,6.115902964959568,1.0242587601078168,1004.0,2.706199460916442,37.89,-122.29,2.614
5.2534,31.0,5.425383542538354,0.99163179916318,1898.0,2.6471408647140864,37.31,-121.96,2.909
3.65,10.0,5.502092050209205,1.0603705917513448,5935.0,3.547519426180514,37.82,-121.28,1.194
1.3007,24.0,3.1424870466321244,1.023316062176166,699.0,1.810880829015544,38.1,-122.26,0.946
6.5648,32.0,7.355844155844156,1.0207792207792208,1033.0,2.6831168831168832,34.03,-117.15,2.372
2.6065,19.0,5.648175182481752,1.294890510948905,2086.0,3.045255474452554,38.74,-121.27,1.549
3.4474,28.0,4.44873949579832,1.1058823529411763,1459.0,2.452100840336134,33.72,-118.3,2.534
2.4688,21.0,5.0588235294117645,1.0065359477124185,1137.0,3.715686274509804,36.15,-119.74,0.613
7.5696,4.0,8.026178010471204,1.1570680628272252,545.0,2.8534031413612566,34.87,-120.45,3.287
2.325,24.0,5.186131386861314,1.062043795620438,588.0,2.145985401459854,39.5,-123.79,1.573
2.0,15.0,6.391156462585034,1.3979591836734695,755.0,2.568027210884354,36.89,-119.33,0.833
2.0575,21.0,4.901353965183753,1.0715667311411992,1297.0,2.508704061895551,35.41,-119.02,0.67
3.525,39.0,4.61875,1.0125,1127.0,3.521875,33.93,-118.08,1.58
1.9829,34.0,4.4407484407484406,1.0353430353430353,2916.0,3.0311850311850312,37.5,-120.86,0.828
3.4596,28.0,5.165378670788254,1.063369397217929,2210.0,3.4157650695517776,34.06,-117.93,2.028
2.46,14.0,6.205574912891986,1.2055749128919862,734.0,2.557491289198606,39.56,-120.23,0.93
4.4367,5.0,6.1020408163265305,1.0566161948650428,4916.0,3.2363396971691905,34.2,-117.35,1.332
7.8005,7.0,19.65625,3.4419642857142856,858.0,1.915178571428572,33.69,-116.37,3.181
2.89,43.0,5.221238938053097,1.0420353982300885,1041.0,2.3030973451327434,38.57,-121.52,0.862
3.0909,31.0,4.402777777777778,1.046875,2625.0,4.557291666666667,33.9,-118.18,1.509
1.5076,24.0,3.192563081009296,1.0876494023904382,1566.0,2.0796812749003983,33.77,-118.2,1.458
2.5972,29.0,4.037974683544304,0.8955696202531646,1216.0,3.848101265822785,34.08,-117.71,1.343
3.0125,40.0,4.271428571428571,0.9714285714285714,163.0,2.3285714285714287,33.78,-117.94,1.661
2.2278,52.0,6.220883534136546,1.104417670682731,604.0,2.42570281124498,39.25,-121.02,1.554
3.1733,19.0,3.599260172626387,1.0567200986436498,1866.0,2.300863131935881,34.16,-118.26,2.063
2.5887,13.0,5.311004784688995,1.0334928229665072,602.0,2.8803827751196174,39.08,-121.1,1.444
2.6673,38.0,5.042462845010616,1.048832271762208,1167.0,2.477707006369427,37.99,-121.3,0.875
3.0227,16.0,4.515254237288136,1.2474576271186442,1534.0,5.2,33.87,-117.87,2.971
2.233,25.0,4.746987951807229,1.1325301204819278,155.0,1.867469879518072,38.58,-121.22,0.55
2.6312,28.0,4.169312169312169,1.058201058201058,891.0,2.357142857142857,33.9,-118.31,1.713
2.875,22.0,3.5733647613435475,1.0760164997053625,4876.0,2.873305833824396,34.21,-118.54,2.271
5.6895,24.0,6.571223021582734,0.9899280575539569,2102.0,3.0244604316546764,37.27,-121.88,2.89
2.5682,25.0,3.9408450704225353,0.9267605633802816,1308.0,3.684507042253521,32.8,-117.16,1.875
4.4318,36.0,5.721014492753623,1.0507246376811594,816.0,2.9565217391304346,33.95,-118.01,1.811
4.1128,7.0,5.420091324200913,1.0989345509893456,1921.0,2.923896499238965,33.18,-117.19,2.097
4.0385,33.0,5.027863777089784,1.043343653250774,1412.0,4.371517027863777,37.36,-121.82,1.676
7.2316,31.0,4.314199395770393,0.9667673716012084,677.0,2.0453172205438066,33.89,-118.41,5.00001
3.0771,28.0,4.727969348659004,0.9693486590038314,1353.0,2.5919540229885056,32.62,-117.08,1.586
3.1702,25.0,4.316570486397362,1.0882110469909316,2529.0,2.084913437757626,37.34,-121.95,2.561
2.4191,24.0,4.4227642276422765,1.089430894308943,1095.0,4.451219512195122,32.6,-117.06,1.073
7.7738,14.0,7.237333333333333,0.9626666666666668,1259.0,3.357333333333333,37.21,-121.83,3.875
4.9237,4.0,6.310280373831776,0.9813084112149532,1684.0,3.147663551401869,34.66,-120.47,1.666
3.1014,37.0,4.953125,1.0755208333333333,955.0,2.4869791666666665,38.52,-121.49,0.968
4.8889,18.0,5.860894941634241,1.0330739299610896,3360.0,3.268482490272373,34.11,-117.6,1.557
6.1814,34.0,7.028880866425993,1.0252707581227436,841.0,3.036101083032491,33.94,-118.1,4.536
3.0,2.0,7.069343065693431,1.2773722627737227,756.0,2.759124087591241,40.58,-122.32,1.142
6.1726,18.0,4.707938092860709,1.234648027958063,3408.0,1.7014478282576135,33.97,-118.46,5.00001
4.3427,15.0,6.969843184559711,1.5500603136308806,1722.0,2.077201447527141,34.12,-119.21,3.058
15.0001,36.0,7.549090909090909,0.9854545454545456,1461.0,2.6563636363636363,34.05,-118.5,5.00001
5.316,33.0,5.210862619808307,1.0670926517571886,1411.0,2.253993610223642,37.43,-122.12,3.981
2.5875,24.0,9.77578475336323,2.318385650224215,755.0,3.3856502242152464,38.94,-119.95,1.734
3.0069,25.0,3.0643776824034337,1.0271816881258942,1390.0,1.988555078683834,34.04,-118.46,3.25
7.9614,43.0,5.702517162471396,1.0274599542334095,1033.0,2.3638443935926774,33.88,-118.41,5.00001
3.4861,52.0,4.984419263456091,1.0070821529745042,1883.0,2.6671388101983005,37.8,-122.21,1.871
13.1738,19.0,7.893732970027248,1.125340599455041,860.0,2.343324250681199,33.61,-117.9,5.00001
3.9798,31.0,4.7073170731707314,1.1121951219512196,1002.0,2.44390243902439,34.0,-118.42,4.586
4.2841,46.0,6.521390374331551,1.1470588235294117,944.0,2.5240641711229945,33.84,-118.13,3.124
8.1221,15.0,6.894366197183099,0.9929577464788732,811.0,2.855633802816901,37.55,-122.27,4.833
2.6111,29.0,3.796078431372549,1.166013071895425,3320.0,4.339869281045751,34.12,-118.24,1.688
4.192,25.0,4.886756238003839,1.0460652591170825,1543.0,2.9616122840690977,33.79,-117.87,2.199
6.0723,34.0,6.143776824034335,0.9678111587982832,1243.0,2.667381974248927,33.96,-118.12,2.972
6.8869,6.0,7.382384532760472,1.0300751879699248,2354.0,2.5284640171858217,38.51,-121.06,2.631
5.0159,6.0,6.558232931726908,1.038152610441767,4583.0,3.06760374832664,38.68,-121.15,1.896
5.5,45.0,6.482558139534884,1.058139534883721,949.0,2.758720930232558,33.97,-118.34,1.882
2.4167,28.0,6.493506493506493,1.3376623376623376,545.0,3.538961038961039,34.42,-118.75,1.917
2.9479,5.0,5.564150943396227,1.2660377358490569,1620.0,3.056603773584906,34.55,-117.54,0.833
2.2105,19.0,4.745454545454545,1.1484848484848484,1032.0,3.1272727272727274,33.74,-117.9,1.804
5.4639,35.0,6.057534246575343,0.958904109589041,1004.0,2.750684931506849,37.71,-122.08,2.386
2.3942,16.0,3.2981651376146788,1.0321100917431192,801.0,3.6743119266055047,34.07,-118.25,1.333
4.0962,20.0,4.034090909090909,1.068181818181818,363.0,2.0625,37.29,-121.94,2.141
3.2031,21.0,4.610305958132045,1.1288244766505635,1489.0,2.397745571658615,33.91,-118.06,1.807
3.2937,33.0,5.317647058823529,1.0676470588235294,824.0,2.4235294117647057,38.16,-121.69,0.964
8.2064,36.0,7.15695067264574,1.0493273542600896,654.0,2.9327354260089686,33.79,-118.37,5.00001
4.559,23.0,6.556213017751479,1.118343195266272,1006.0,2.976331360946745,40.51,-122.24,1.168
2.25,41.0,3.505988023952096,1.0,1479.0,4.42814371257485,34.06,-117.65,0.905
5.7871,24.0,6.184294871794871,1.0592948717948718,1972.0,3.16025641025641,33.61,-117.67,2.274
2.6518,39.0,5.296786389413989,1.168241965973535,1524.0,2.880907372400756,33.96,-118.3,1.363
5.3351,14.0,7.714596949891067,1.0871459694989107,1577.0,3.435729847494553,38.29,-122.33,2.699
2.0817,43.0,3.3198924731182795,1.0349462365591398,1745.0,4.690860215053763,34.01,-118.27,1.133
4.1587,32.0,5.58080808080808,1.0757575757575757,1082.0,2.7323232323232323,37.0,-121.94,3.152
1.4583,36.0,2.4,0.6,42.0,1.68,37.98,-122.41,0.675
4.6442,36.0,6.153526970954357,1.0933609958506223,1231.0,2.5539419087136928,34.11,-118.09,3.168
4.475,36.0,5.45273631840796,1.0149253731343284,569.0,2.8308457711442787,33.91,-118.14,1.823
3.4231,15.0,5.442508710801394,0.9581881533101044,961.0,3.3484320557491287,36.2,-119.32,0.833
6.6657,26.0,7.249201277955271,1.012779552715655,918.0,2.932907348242812,37.82,-122.12,3.645
1.1602,23.0,5.205882352941177,1.4852941176470589,316.0,2.323529411764706,40.6,-123.11,0.65
2.4423,21.0,5.779527559055119,1.2703412073490814,1000.0,2.6246719160104988,39.07,-122.91,1.023
2.1875,37.0,4.932773109243698,1.145658263305322,1309.0,3.6666666666666665,33.92,-118.28,1.759
2.9643,41.0,4.828877005347594,1.0909090909090908,1146.0,3.064171122994652,33.91,-118.16,1.622
3.7958,33.0,5.696796338672769,1.068649885583524,2575.0,2.946224256292906,34.09,-117.72,1.525
4.733,36.0,5.239130434782608,0.9809782608695652,1008.0,2.739130434782609,34.1,-118.02,2.337
3.5078,33.0,4.894894894894895,1.0105105105105106,1784.0,2.6786786786786787,32.74,-117.08,1.265
3.9698,15.0,5.394833948339484,1.011070110701107,1002.0,3.697416974169742,32.58,-117.08,1.427
3.2148,14.0,5.251028806584362,1.0555555555555556,3513.0,3.614197530864197,33.93,-117.22,1.17
2.1957,33.0,3.254368932038835,1.019417475728155,2564.0,4.978640776699029,34.02,-118.25,1.008
2.3,23.0,4.305699481865285,0.9766839378238342,1318.0,3.414507772020725,32.58,-117.1,1.208
4.1304,27.0,4.683727034120735,0.9986876640419948,3339.0,4.381889763779528,34.09,-117.97,1.605
3.1579,22.0,3.673186119873817,1.0769716088328076,3335.0,2.1041009463722395,34.0,-118.44,2.431
4.2768,21.0,5.487870619946092,1.0152740341419586,3244.0,2.914645103324349,33.87,-118.27,1.814
2.8788,38.0,5.86219739292365,1.0577281191806331,1378.0,2.5661080074487894,36.35,-119.65,0.855
3.7949,13.0,5.832258064516129,1.0725806451612905,2189.0,3.5306451612903227,34.17,-117.33,1.063
2.4444,36.0,6.154121863799283,1.2473118279569892,1054.0,3.7777777777777777,34.16,-117.35,0.734
2.7011,10.0,5.134598792062122,1.147540983606557,3204.0,2.7644521138912856,34.13,-117.22,1.102
3.2794,16.0,5.405405405405405,1.0926640926640927,1267.0,2.445945945945946,32.86,-117.21,1.486
10.3354,5.0,8.8300395256917,1.0118577075098814,894.0,3.533596837944664,32.91,-117.07,4.776
4.7188,52.0,7.068535825545172,1.0062305295950156,805.0,2.5077881619937696,37.76,-122.23,3.353
3.1968,39.0,5.068965517241379,0.9386973180076628,705.0,2.7011494252873565,37.97,-122.04,1.51
2.2348,33.0,3.6658259773013873,1.005044136191677,3212.0,4.050441361916771,34.09,-118.17,1.466
7.4729,28.0,6.871035940803383,1.025369978858351,1328.0,2.807610993657505,37.35,-122.04,4.316
2.543,15.0,4.877094972067039,1.1154562383612665,1513.0,2.817504655493482,32.81,-116.95,1.0
9.4667,32.0,7.325757575757576,1.0378787878787878,1558.0,2.950757575757576,34.17,-118.02,5.00001
0.8252,15.0,5.05,1.35,145.0,3.625,39.48,-121.57,0.425
1.2679,47.0,5.186567164179104,1.154228855721393,1346.0,3.3482587064676617,38.54,-121.47,0.567
3.7286,26.0,7.101449275362318,1.0326086956521738,1862.0,3.3731884057971016,34.13,-117.35,1.32
3.1029,18.0,4.945454545454545,1.112121212121212,769.0,2.33030303030303,39.16,-121.57,0.717
3.3333,52.0,5.286415711947627,1.0703764320785598,1765.0,2.888707037643208,37.73,-122.42,2.923
4.9286,24.0,5.781065088757397,0.8698224852071006,454.0,2.6863905325443787,32.74,-116.98,1.737
3.6161,11.0,5.640449438202247,1.0337078651685394,1248.0,2.804494382022472,36.72,-119.57,0.995
2.1587,25.0,3.193548387096774,1.0874363327674024,4015.0,3.4083191850594226,33.95,-118.34,1.438
2.8571,44.0,2.768041237113402,0.8917525773195877,355.0,1.8298969072164948,37.56,-122.32,2.5
2.0673,27.0,4.039660056657223,1.0311614730878187,792.0,2.2436260623229463,32.76,-117.12,1.188
3.2301,23.0,4.79933110367893,1.0919732441471572,1680.0,2.809364548494983,33.84,-117.93,1.899
1.7467,41.0,4.60062893081761,1.0660377358490567,1066.0,3.352201257861635,35.37,-118.96,0.524
1.3177,30.0,4.268135904499541,1.1496786042240588,2524.0,2.317722681359045,38.58,-121.54,0.743
3.2862,37.0,4.7497584541062805,1.0956521739130434,3533.0,3.413526570048309,33.93,-118.33,1.523
8.8204,22.0,7.449180327868852,0.9114754098360656,933.0,3.059016393442623,34.12,-117.66,3.905
2.25,10.0,5.428571428571429,1.2653061224489797,154.0,3.142857142857143,39.1,-122.33,0.75
2.925,26.0,5.283524904214559,1.0938697318007662,1291.0,2.4731800766283527,35.52,-120.69,1.814
3.6371,34.0,6.002638522427441,0.9894459102902374,1021.0,2.6939313984168867,32.81,-117.16,1.763
2.4038,46.0,3.6126543209876543,1.0848765432098766,2371.0,3.658950617283951,34.07,-118.26,1.817
3.1786,34.0,2.8907563025210083,0.907563025210084,315.0,2.647058823529412,34.06,-117.73,1.178
4.1865,25.0,6.03139534883721,1.086046511627907,2725.0,3.1686046511627906,33.93,-117.55,1.543
7.2519,33.0,7.526515151515151,1.0378787878787878,1398.0,2.647727272727273,33.96,-117.37,2.166
3.6411,19.0,5.892173913043478,1.0417391304347825,1707.0,2.968695652173913,37.98,-121.68,1.628
2.1182,18.0,5.083686440677966,1.0963983050847457,1966.0,2.082627118644068,33.74,-117.11,0.713
3.7578,24.0,5.061538461538461,0.9576923076923076,781.0,3.003846153846154,36.8,-119.73,0.692
3.3681,52.0,4.541953232462173,1.1953232462173315,1178.0,1.6203576341127923,37.79,-122.41,5.00001
3.017,19.0,8.096666666666666,1.53,883.0,2.9433333333333334,38.86,-120.02,0.976
4.8194,45.0,5.197860962566845,0.9679144385026738,554.0,2.962566844919786,34.21,-118.4,1.813
6.2073,31.0,5.934020618556701,0.9855670103092784,1276.0,2.6309278350515464,37.58,-121.99,2.825
4.4491,19.0,6.369668246445498,1.1113744075829384,1216.0,2.881516587677725,38.01,-121.78,1.339
3.875,44.0,4.7392638036809815,1.0245398773006136,561.0,1.7208588957055215,37.78,-122.44,4.125
4.5,46.0,5.594795539033457,0.9702602230483272,857.0,3.185873605947956,34.2,-118.15,1.842
3.4808,45.0,4.891191709844559,0.922279792746114,533.0,2.761658031088083,33.81,-118.2,2.069
5.1524,36.0,4.984703632887189,1.0535372848948374,1165.0,2.2275334608030595,37.42,-122.12,3.731
2.0221,33.0,5.646288209606987,1.1877729257641922,694.0,3.03056768558952,36.19,-119.82,0.522
1.8375,36.0,4.7206266318537855,1.0026109660574412,807.0,2.107049608355092,40.58,-122.38,0.748
1.6295,33.0,4.27208480565371,1.204946996466431,1097.0,3.876325088339223,34.27,-118.42,1.343
3.8125,39.0,4.487012987012987,1.0227272727272727,1090.0,3.538961038961039,34.07,-118.04,1.74
6.2715,20.0,6.90990990990991,1.0585585585585586,871.0,3.923423423423424,32.78,-115.57,0.972
4.9107,34.0,5.585365853658536,0.9878048780487804,552.0,3.365853658536585,33.91,-118.13,2.22
3.3715,52.0,5.105882352941176,1.0070588235294118,1086.0,2.5552941176470587,37.77,-122.19,1.439
4.9342,23.0,5.735798016230839,1.053201082055906,4580.0,4.129846708746618,34.04,-117.93,1.81
2.3466,28.0,5.227777777777778,0.9722222222222222,588.0,3.2666666666666666,36.3,-119.65,0.534
3.1471,13.0,5.147208121827411,1.015228426395939,712.0,3.6142131979695433,38.03,-121.3,1.028
0.8571,21.0,1.6296296296296295,1.2222222222222223,64.0,2.3703703703703702,32.79,-114.65,0.25
4.3601,26.0,6.298387096774194,0.9973118279569892,1221.0,3.282258064516129,32.57,-117.1,1.449
2.25,33.0,4.924433249370277,1.0025188916876575,1412.0,3.556675062972292,36.2,-119.36,0.515
6.9343,2.0,8.091954022988507,1.1685823754789273,703.0,2.6934865900383143,33.56,-117.7,2.985
0.4999,36.0,2.5,0.8333333333333334,15.0,2.5,33.9,-118.04,1.625
6.8088,20.0,6.737878787878788,1.0015151515151517,2062.0,3.124242424242424,37.26,-121.9,2.833
2.9054,37.0,3.4665551839464883,1.0267558528428091,2544.0,4.254180602006689,33.99,-118.19,1.563
3.7844,4.0,3.958795562599049,1.2282091917591125,1213.0,1.9223454833597464,37.25,-121.87,1.839
4.0,36.0,5.101769911504425,0.991150442477876,639.0,2.827433628318584,33.94,-118.32,1.92
5.3307,16.0,6.005353319057816,1.019271948608137,2624.0,2.809421841541756,33.87,-117.78,1.696
2.9489,39.0,5.4125874125874125,1.1293706293706294,815.0,2.8496503496503496,38.99,-122.0,0.675
2.9551,41.0,4.11854103343465,1.060790273556231,655.0,1.990881458966565,33.9,-118.36,2.05
7.7773,33.0,6.546583850931677,1.2981366459627328,400.0,2.484472049689441,37.34,-122.38,4.563
3.0625,12.0,3.74251497005988,0.9910179640718564,1047.0,3.134730538922156,33.76,-118.0,2.088
5.7321,18.0,6.814953271028037,0.9981308411214952,1651.0,3.085981308411215,37.99,-121.79,1.647
3.6477,15.0,8.33495145631068,1.6310679611650485,501.0,2.4320388349514563,40.3,-121.09,1.134
8.2266,28.0,9.163865546218489,1.1932773109243695,728.0,3.0588235294117645,37.36,-122.08,5.00001
2.8958,21.0,7.824561403508772,1.280701754385965,182.0,3.192982456140351,38.0,-121.25,1.35
2.9643,38.0,3.7400346620450606,1.0086655112651646,1061.0,1.8388214904679376,34.09,-118.36,3.553
4.2941,10.0,5.805633802816901,1.1464788732394366,2164.0,3.047887323943662,34.7,-118.4,1.516
2.3438,34.0,2.45625,1.065625,1239.0,3.871875,34.07,-118.27,1.521
5.5148,15.0,5.706783369803063,1.0021881838074398,1531.0,3.350109409190372,36.89,-121.66,2.535
3.8583,52.0,5.085889570552148,0.9877300613496932,1086.0,3.331288343558282,37.71,-122.45,2.616
4.4375,52.0,5.4363636363636365,1.1309090909090909,506.0,1.84,37.76,-122.4,3.2
4.0938,37.0,5.979591836734694,1.046382189239332,1325.0,2.458256029684601,38.13,-122.24,1.269
3.1406,40.0,4.341145833333333,0.9505208333333334,1161.0,3.0234375,34.05,-118.31,4.176
4.375,21.0,6.35,1.071153846153846,1413.0,2.7173076923076924,37.35,-118.42,1.804
2.5681,35.0,5.050650557620818,1.0343866171003715,9879.0,4.590613382899628,38.27,-121.94,0.813
1.6563,31.0,3.814946619217082,0.99288256227758,781.0,2.7793594306049823,38.61,-121.47,0.658
2.5575,12.0,5.202676864244742,1.0497131931166348,1294.0,2.474187380497132,35.32,-119.03,1.002
2.7019,22.0,5.5109375,1.1109375,1483.0,2.3171875,34.44,-119.27,2.347
3.6875,23.0,5.077010192525481,1.0124575311438275,2136.0,2.419026047565119,35.4,-118.95,1.017
2.4464,36.0,5.724950884086444,1.1041257367387034,1236.0,2.428290766208252,37.81,-122.28,1.021
4.005,48.0,5.702702702702703,1.054054054054054,539.0,2.427927927927928,34.05,-118.37,2.75
7.8864,52.0,6.690972222222222,0.96875,705.0,2.4479166666666665,37.9,-122.26,3.573
3.2415,32.0,5.230235783633842,1.027739251040222,1786.0,2.4771151178918167,38.44,-122.67,1.722
3.0125,15.0,10.168591224018476,2.0577367205542725,1103.0,2.547344110854504,38.55,-120.25,1.117
9.459,47.0,8.198581560283689,1.177304964539007,1044.0,3.702127659574468,37.46,-122.17,5.00001
2.4545,36.0,4.045662100456621,1.1552511415525115,809.0,3.6940639269406392,33.77,-118.26,1.642
2.0984,44.0,3.9573560767590616,1.0511727078891258,1374.0,2.929637526652452,34.05,-118.35,1.58
7.9068,17.0,7.66219723183391,1.0250865051903115,7665.0,3.315311418685121,34.15,-117.71,3.491
6.6053,52.0,6.654708520179372,1.0044843049327354,498.0,2.233183856502242,32.77,-117.11,3.314
6.0722,4.0,5.857777777777778,0.9688888888888888,673.0,2.991111111111111,33.66,-117.59,2.608
2.267,17.0,5.52711496746204,1.1648590021691974,1118.0,2.425162689804772,40.89,-121.67,0.578
2.8958,10.0,3.5535714285714284,0.7321428571428571,61.0,1.0892857142857142,33.93,-118.37,2.458
4.2429,3.0,7.316657191586128,1.3160886867538375,5820.0,3.3086981239340534,34.04,-117.46,1.473
6.6772,13.0,7.37707182320442,1.0676795580110496,2288.0,3.160220994475138,34.68,-118.17,1.856
2.0221,33.0,5.646288209606987,1.1877729257641922,694.0,3.03056768558952,36.19,-119.82,0.522
2.7301,16.0,4.894436519258202,1.028530670470756,1777.0,2.5349500713266764,35.13,-120.61,1.904
3.6286,52.0,5.591439688715953,1.1595330739299612,836.0,3.252918287937743,36.63,-121.62,1.655
3.5213,48.0,4.845070422535211,1.078470824949698,1005.0,2.022132796780684,34.43,-119.71,4.586
3.9914,3.0,6.205776173285199,1.0884476534296028,1602.0,2.891696750902527,38.66,-121.46,1.205
4.375,33.0,6.039647577092511,1.039647577092511,715.0,3.149779735682819,33.93,-117.44,1.299
2.2027,32.0,3.2301255230125525,1.0711297071129706,1981.0,2.0721757322175733,33.88,-118.13,1.927
3.3456,11.0,3.895022624434389,1.1266968325791855,1960.0,1.7737556561085972,32.75,-117.23,1.598
5.2032,10.0,6.277064220183486,1.0330275229357797,1689.0,3.09908256880734,38.69,-120.95,2.171
3.6007,32.0,5.491666666666666,1.2733333333333334,1344.0,2.24,34.26,-119.29,3.955
2.125,26.0,37.06349206349206,7.185185185185185,416.0,2.201058201058201,38.19,-120.03,1.325
3.142,23.0,4.538277511961723,1.0526315789473684,1109.0,2.65311004784689,37.64,-122.08,1.795
2.7798,15.0,5.195219123505976,1.045816733067729,1351.0,2.691235059760956,35.48,-120.68,2.058
3.116,19.0,3.4034514925373136,1.0872201492537314,3870.0,1.805037313432836,34.02,-118.4,3.0
3.2153,42.0,4.783382789317508,1.0504451038575668,1940.0,2.878338278931751,37.36,-121.91,1.997
5.2551,13.0,6.071428571428571,0.9894179894179894,1284.0,3.3968253968253967,34.04,-117.67,1.943
2.0595,20.0,4.712871287128713,0.9683168316831684,1581.0,3.130693069306931,36.98,-120.63,0.613
3.175,25.0,4.173913043478261,1.059782608695652,529.0,2.875,33.83,-118.03,1.328
4.5673,45.0,4.287878787878788,1.018939393939394,654.0,2.477272727272727,33.99,-118.45,3.431
1.6574,35.0,3.2090032154340835,1.0064308681672025,1335.0,4.292604501607717,33.88,-118.22,1.025
5.5255,40.0,5.0162162162162165,1.0108108108108107,521.0,2.8162162162162163,33.92,-118.37,2.427
10.9805,52.0,7.658634538152611,1.0481927710843373,681.0,2.7349397590361444,34.04,-118.41,5.00001
2.3715,18.0,3.421338155515371,1.027124773960217,974.0,1.7613019891500905,37.29,-121.87,2.28
2.8,42.0,4.791666666666667,1.1493055555555556,1290.0,4.479166666666667,33.96,-118.22,1.618
3.6852,52.0,4.710280373831775,1.0,651.0,2.02803738317757,32.74,-117.13,1.853
3.0909,34.0,5.572944297082228,1.129973474801061,1150.0,3.050397877984085,34.01,-117.43,0.983
4.5057,52.0,4.8655462184873945,0.9831932773109244,1047.0,2.1995798319327733,37.76,-122.39,3.216
5.299,12.0,7.214932126696833,1.0475113122171946,1200.0,2.7149321266968327,34.91,-120.44,2.268
3.5909,35.0,4.047058823529412,0.9905882352941175,1452.0,3.416470588235294,37.69,-122.47,2.561
15.0001,52.0,8.78061224489796,0.9948979591836736,688.0,3.510204081632653,34.08,-118.34,5.00001
2.712,38.0,4.5895196506550215,1.0873362445414847,799.0,3.489082969432314,34.1,-118.23,1.438
5.4067,26.0,6.005970149253732,0.9402985074626866,872.0,2.602985074626865,32.85,-117.21,2.775
3.1757,50.0,4.5,1.0842105263157895,915.0,2.4078947368421053,34.28,-119.27,2.063
3.3006,17.0,3.926091825307951,1.110862262038074,2104.0,2.356103023516237,33.83,-117.98,1.858
2.2969,20.0,4.873913043478261,1.0608695652173914,766.0,3.3304347826086955,33.04,-115.62,0.62
4.2538,13.0,5.133645955451348,1.022274325908558,2560.0,3.001172332942556,34.26,-118.4,1.543
2.2094,20.0,4.9384372533543806,1.0623520126282555,2795.0,2.205998421468035,36.8,-119.76,0.837
1.625,34.0,4.473684210526316,1.0833333333333333,795.0,3.486842105263158,35.38,-118.98,0.508
1.6806,11.0,3.2058252427184466,1.0349514563106796,947.0,1.8388349514563107,32.64,-117.08,1.417
2.5363,44.0,5.0641399416909625,1.0583090379008746,1184.0,3.4518950437317786,33.92,-118.25,0.959
2.2328,46.0,4.890350877192983,1.0701754385964912,1985.0,4.353070175438597,34.18,-118.15,1.421
2.7734,34.0,3.0472103004291844,0.8798283261802575,1134.0,4.866952789699571,33.94,-118.21,1.411
3.8259,52.0,6.3156146179402,1.1129568106312293,955.0,3.1727574750830563,36.97,-122.04,2.531
2.0703,46.0,3.773413897280967,1.0785498489425982,1607.0,4.854984894259819,34.02,-118.26,1.148
7.9013,5.0,8.31929347826087,1.1209239130434785,2440.0,3.315217391304348,34.3,-118.67,3.93
4.0313,39.0,5.266666666666667,1.0484848484848486,406.0,2.4606060606060605,36.62,-121.93,2.538
4.7943,26.0,6.418168709444845,1.0187454938716656,3941.0,2.841384282624369,32.78,-116.97,2.269
2.7375,15.0,17.408560311284045,3.861867704280156,1316.0,2.5603112840466924,34.25,-116.83,0.908
2.2222,39.0,4.233576642335766,0.9452554744525548,725.0,2.645985401459854,37.66,-122.09,1.583
0.7403,37.0,4.491428571428571,1.1485714285714286,1046.0,2.9885714285714284,37.96,-122.37,0.686
3.0391,20.0,5.59877800407332,1.1710794297352345,1195.0,2.433808553971487,36.41,-118.86,1.397
5.3106,27.0,5.375722543352601,0.9884393063583816,1498.0,2.886319845857418,33.8,-118.3,2.683
3.7708,36.0,3.8130563798219583,1.029673590504451,1291.0,3.830860534124629,33.8,-118.22,1.571
2.7717,25.0,5.79175704989154,1.143167028199566,936.0,2.030368763557484,33.12,-117.32,3.54
5.1647,5.0,5.942942942942943,0.9984984984984984,2456.0,3.687687687687688,34.04,-117.5,1.547
1.9375,42.0,2.7925696594427243,0.9845201238390092,1312.0,4.061919504643963,34.07,-118.21,1.688
5.1228,17.0,5.189822294022617,1.024232633279483,3934.0,3.1777059773828755,37.24,-121.85,2.376
1.6937,52.0,4.2368421052631575,1.0833333333333333,589.0,2.583333333333333,37.74,-121.43,1.083
3.8672,36.0,5.769565217391304,0.908695652173913,613.0,2.665217391304348,38.6,-121.42,1.114
5.136,15.0,9.466666666666669,1.3777777777777778,133.0,2.955555555555556,33.52,-117.55,4.474
3.8235,47.0,5.896713615023474,1.0821596244131455,1082.0,2.539906103286385,33.98,-118.35,2.076
1.3583,10.0,4.5,1.1702127659574468,295.0,3.1382978723404253,37.77,-120.85,0.852
1.575,43.0,3.987138263665595,1.0032154340836013,1100.0,3.536977491961415,33.98,-118.28,0.975
4.125,41.0,3.3666666666666667,0.7666666666666667,85.0,2.833333333333333,34.04,-118.39,2.375
5.888,13.0,5.922448979591837,1.0938775510204082,1125.0,2.295918367346939,33.67,-118.01,4.477
4.0052,30.0,4.237735849056604,1.0364779874213836,2032.0,2.5559748427672955,34.13,-118.2,1.964
6.4391,34.0,5.32258064516129,0.967741935483871,269.0,2.89247311827957,33.86,-118.32,2.523
4.7917,36.0,5.970223325062035,1.0818858560794045,1189.0,2.9503722084367245,37.57,-122.3,2.761
1.6719,41.0,3.908011869436202,0.9169139465875372,856.0,2.540059347181009,39.13,-121.62,0.641
4.0197,17.0,5.819338422391858,0.9923664122137404,1330.0,3.3842239185750635,36.59,-119.62,0.88
1.7266,21.0,5.173652694610778,1.248502994011976,731.0,2.188622754491018,38.76,-120.59,0.947
1.3958,52.0,4.481481481481482,1.0925925925925926,188.0,3.4814814814814814,38.04,-121.86,0.675
2.7472,22.0,4.265415549597855,1.1018766756032172,2661.0,3.567024128686327,34.31,-118.44,1.601
5.2713,36.0,5.884146341463414,1.079268292682927,915.0,2.789634146341464,33.82,-118.1,2.444
2.5795,42.0,3.933333333333333,1.1333333333333333,54.0,1.8,38.03,-122.14,2.25
1.7596,26.0,5.103448275862069,1.043103448275862,268.0,2.310344827586207,36.32,-119.68,1.208
4.3594,14.0,5.041095890410959,0.9965753424657534,876.0,3.0,37.52,-122.25,3.66
6.8927,31.0,6.634551495016611,0.9933554817275748,826.0,2.744186046511628,34.4,-119.75,5.00001
7.7684,13.0,8.446691176470589,1.0422794117647058,1643.0,3.020220588235294,33.04,-117.01,3.623
4.0909,52.0,5.358974358974359,1.1948717948717948,1219.0,3.1256410256410256,34.14,-118.2,2.042
1.8692,15.0,4.77536231884058,1.072463768115942,567.0,2.0543478260869565,38.96,-122.83,0.938
1.5714,31.0,4.639908256880734,1.0756880733944951,1073.0,2.4610091743119265,39.5,-121.57,0.561
3.5192,9.0,4.863716814159292,0.9221238938053096,1663.0,2.943362831858407,38.57,-121.31,1.133
2.4674,31.0,5.125523012552302,1.1694560669456069,1459.0,3.0523012552301254,37.99,-121.18,1.309
3.8571,36.0,5.446043165467626,0.9280575539568344,665.0,2.392086330935252,32.79,-117.19,2.351
4.8214,35.0,5.523668639053255,1.014792899408284,1213.0,3.588757396449704,37.54,-122.03,1.86
2.4211,20.0,3.844544095665172,1.094170403587444,1534.0,2.2929745889387143,33.73,-117.84,1.75
6.6537,32.0,6.330917874396135,0.9951690821256038,1285.0,3.103864734299517,34.24,-118.48,2.676
5.3674,26.0,6.875722543352601,0.9710982658959536,988.0,2.8554913294797686,33.65,-117.97,3.393
2.6094,38.0,5.197183098591549,1.0528169014084507,1491.0,2.625,35.42,-119.03,0.679
3.7917,5.0,4.770742358078603,1.0655021834061136,1379.0,3.010917030567686,34.1,-117.53,1.03
3.1842,9.0,24.9,5.045454545454546,294.0,2.672727272727273,39.34,-120.25,1.625
2.6944,17.0,5.147519582245431,1.100522193211488,1995.0,2.60443864229765,32.74,-116.98,1.583
3.6894,52.0,4.372964169381108,1.02442996742671,1170.0,1.905537459283388,37.77,-122.43,4.188
8.6677,23.0,6.808873720136519,1.044368600682594,707.0,2.4129692832764507,33.98,-118.02,3.327
7.5412,16.0,7.033333333333333,0.9571428571428572,1659.0,2.6333333333333333,38.14,-122.54,3.921
6.1628,31.0,6.993464052287582,1.0130718954248366,426.0,2.784313725490196,32.77,-117.08,2.192
12.5915,8.0,10.511627906976743,1.186046511627907,140.0,3.255813953488372,37.74,-121.92,4.324
3.9408,46.0,4.695945945945946,0.918918918918919,408.0,2.756756756756757,37.09,-122.09,2.226
4.9464,26.0,5.689655172413793,0.9787798408488064,1285.0,3.408488063660477,37.54,-122.04,2.238
1.5662,28.0,3.8308823529411766,0.9877450980392156,1564.0,3.8333333333333335,36.97,-120.07,0.48
2.83,13.0,5.977777777777778,1.5185185185185186,846.0,3.1333333333333333,33.46,-116.99,0.43
2.8977,35.0,4.622377622377623,0.993006993006993,720.0,5.034965034965035,34.02,-118.18,1.425
3.7361,23.0,5.352,1.042,1456.0,2.912,38.61,-122.87,1.737
8.1714,23.0,7.883597883597884,0.9576719576719576,1208.0,3.195767195767196,34.24,-118.56,5.00001
4.239,39.0,5.096774193548387,1.0496277915632757,1205.0,2.990074441687345,34.1,-118.19,2.13
6.5214,16.0,7.053726169844021,1.0814558058925476,1543.0,2.674176776429809,37.67,-121.88,3.115
5.2831,52.0,5.4909560723514215,0.9870801033591732,930.0,2.4031007751937983,37.33,-121.92,2.995
3.9646,32.0,5.316981132075472,0.9874213836477987,2842.0,3.5748427672955976,32.67,-117.05,1.378
6.3369,4.0,4.863731656184487,0.8490566037735849,1408.0,2.951781970649895,33.47,-117.63,2.56
4.35,28.0,4.615384615384615,0.7692307692307693,46.0,3.5384615384615383,36.72,-119.83,0.675
3.9306,37.0,4.58256880733945,1.0825688073394495,1030.0,2.3623853211009176,33.64,-117.91,2.684
3.7655,26.0,4.352494577006508,1.0683297180043383,2442.0,2.648590021691974,33.82,-117.97,1.977
4.0938,20.0,5.66,1.064,667.0,2.668,38.35,-121.96,1.173
1.8616,37.0,5.042801556420233,1.1517509727626458,569.0,2.2140077821011674,39.75,-121.63,0.705
6.0743,3.0,6.577235772357724,1.08130081300813,710.0,2.886178861788618,33.55,-117.69,2.743
4.1116,45.0,4.108187134502924,0.9883040935672516,733.0,2.1432748538011697,37.72,-122.48,1.875
4.642,7.0,4.854503464203233,1.1339491916859123,2381.0,1.832948421862972,34.15,-118.47,4.573
4.175,47.0,5.344594594594595,1.0382882882882882,990.0,2.22972972972973,37.98,-121.3,0.983
6.7247,24.0,6.803030303030303,1.009469696969697,1683.0,3.1875,34.45,-119.82,3.338
3.0529,25.0,5.057142857142857,1.062857142857143,1466.0,2.7923809523809524,34.02,-118.12,2.658
2.3182,25.0,4.136054421768708,1.1306122448979592,1580.0,2.1496598639455784,33.98,-118.04,1.821
4.2361,19.0,7.132471728594507,1.0468497576736673,1627.0,2.62843295638126,34.03,-117.02,1.916
1.2667,7.0,3.326241134751773,1.053191489361702,1187.0,4.209219858156028,32.54,-117.04,0.675
2.7321,18.0,5.20258064516129,1.0296774193548388,1948.0,2.5135483870967743,40.9,-124.1,0.926
3.4612,29.0,5.0109289617486334,0.989071038251366,379.0,2.07103825136612,34.15,-118.39,4.25
2.6713,52.0,4.636363636363637,1.0641711229946524,391.0,2.090909090909091,36.62,-121.92,2.346
2.1635,43.0,4.533333333333333,0.9952380952380953,392.0,1.8666666666666667,32.72,-117.23,2.442
10.0088,15.0,7.738853503184713,1.0031847133757965,1016.0,3.2356687898089174,38.01,-121.37,2.42
1.5326,31.0,4.244111349036403,1.0599571734475377,1052.0,2.252676659528908,40.88,-124.09,0.741
7.5177,5.0,6.80040733197556,1.029531568228106,2877.0,2.9297352342158858,33.58,-117.69,3.3
2.7031,37.0,4.628070175438596,1.024561403508772,766.0,2.687719298245614,33.75,-118.29,2.189
1.9362,33.0,4.210216110019647,0.9587426326129664,1732.0,3.402750491159136,35.6,-119.34,0.59
6.0663,30.0,6.862539349422876,1.0398740818467995,3124.0,3.2780692549842603,33.97,-118.0,3.726
7.4897,43.0,6.255760368663594,1.055299539170507,1151.0,2.652073732718894,33.97,-118.38,3.626
10.4519,43.0,6.899328859060403,0.9731543624161074,394.0,2.6442953020134228,34.05,-118.4,5.00001
4.3687,33.0,4.851063829787234,1.0243161094224924,1650.0,5.015197568389058,33.82,-118.27,1.735
2.2614,29.0,2.8473029045643155,1.0141078838174271,4094.0,3.397510373443984,34.14,-118.26,2.481
2.5259,35.0,4.567398119122257,1.0705329153605017,1562.0,2.4482758620689653,32.73,-117.23,2.402
10.0481,30.0,8.061728395061728,1.0432098765432098,980.0,3.0246913580246915,37.4,-122.2,5.00001
3.1859,26.0,5.838323353293413,1.1477045908183632,1921.0,3.834331337325349,33.94,-117.6,1.531
6.8333,6.0,7.009487666034156,1.0891840607210626,1554.0,2.94876660341556,37.2,-121.83,3.48
2.4167,39.0,5.733178654292344,1.0672853828306264,1118.0,2.593967517401392,36.79,-119.81,0.719
4.0333,16.0,14.671328671328672,3.13986013986014,342.0,2.391608391608392,34.13,-116.98,1.339
5.0,32.0,5.80078125,0.984375,1117.0,2.181640625,38.46,-122.69,2.759
3.5161,24.0,4.501440922190202,1.2708933717579252,696.0,2.005763688760807,33.63,-117.92,2.364
6.8634,24.0,7.183884297520661,0.9545454545454546,1593.0,3.291322314049587,33.72,-117.82,2.765
5.0532,19.0,4.973796033994335,1.0892351274787535,3993.0,2.8279036827195467,33.81,-118.29,2.182
4.8,34.0,5.223880597014926,1.044776119402985,723.0,3.5970149253731343,33.76,-117.89,1.927
2.8784,36.0,3.7278797996661104,1.010016694490818,1934.0,3.228714524207012,34.18,-118.36,1.949
2.3381,12.0,3.7879858657243815,1.0035335689045937,1320.0,2.3321554770318023,36.82,-119.71,1.125
6.1078,2.0,6.570224719101123,1.1474719101123596,1970.0,2.7668539325842696,33.63,-117.61,2.19
6.1142,35.0,4.825242718446602,0.9546925566343042,779.0,2.521035598705501,34.19,-118.46,2.563
3.525,34.0,4.296296296296297,0.8950617283950617,398.0,2.45679012345679,37.63,-122.49,2.541
5.5756,41.0,4.542857142857143,0.9934065934065934,1282.0,2.817582417582418,34.2,-118.24,3.099
6.7413,3.0,6.322051282051282,1.205128205128205,2198.0,2.2543589743589743,37.55,-122.24,4.359
5.8369,19.0,7.145374449339207,0.9889867841409692,1174.0,2.5859030837004404,38.48,-122.64,2.557
5.5228,14.0,7.104627766599598,1.022132796780684,1505.0,3.028169014084507,37.76,-120.79,2.753
1.3096,31.0,3.994041708043694,1.1996027805362464,3707.0,3.681231380337637,33.96,-118.29,1.163
4.6591,20.0,6.758064516129032,1.0806451612903225,551.0,2.962365591397849,34.65,-118.14,2.472
1.6007,17.0,3.6099290780141846,1.1891252955082745,688.0,1.6264775413711583,34.27,-119.3,1.875
5.0081,13.0,4.717889908256881,1.0688073394495412,790.0,1.811926605504587,37.34,-122.06,2.883
4.0764,41.0,5.530909090909091,1.1927272727272726,527.0,1.9163636363636365,33.61,-117.9,5.00001
4.2241,20.0,5.630769230769231,1.0216783216783216,5094.0,3.5622377622377623,32.6,-117.04,1.398
2.85,22.0,4.743354720439964,1.1118240146654446,2804.0,2.5701191567369386,37.95,-122.05,1.446
3.5,30.0,5.728882833787466,1.0517711171662123,2012.0,2.741144414168937,32.74,-117.02,1.447
1.4936,15.0,11.889830508474576,2.718220338983051,1015.0,2.15042372881356,34.19,-114.31,0.669
1.1295,29.0,3.639344262295082,1.2418032786885247,1391.0,2.8504098360655736,33.77,-118.18,1.375
2.1139,40.0,4.34319526627219,1.0828402366863903,2024.0,2.9940828402366866,34.07,-117.31,0.709
4.9028,14.0,6.372151898734177,1.008860759493671,2124.0,2.688607594936709,37.1,-121.63,3.35
3.0893,22.0,4.732049036777584,1.1471103327495622,2664.0,4.665499124343257,34.41,-118.92,1.734
2.7321,31.0,5.491150442477876,1.1238938053097345,767.0,3.393805309734513,36.51,-119.81,0.836
4.5615,8.0,4.336903602726387,1.0301850048685492,2595.0,2.5267770204479065,37.27,-121.83,2.826
3.0909,27.0,4.360902255639098,1.075187969924812,466.0,3.5037593984962405,33.93,-118.12,1.875
4.9167,16.0,4.558109833971903,1.0485312899106003,1505.0,1.922094508301405,34.13,-118.14,2.511
3.6484,31.0,4.681388012618297,1.0315457413249212,927.0,2.9242902208201893,34.09,-117.87,1.896
3.1635,11.0,5.161290322580645,1.153225806451613,609.0,2.4556451612903225,38.81,-120.84,1.326
2.5387,20.0,4.185263157894737,1.003157894736842,3866.0,4.069473684210526,37.0,-121.56,1.601
3.915,28.0,5.652941176470589,1.123529411764706,1565.0,4.602941176470588,34.08,-117.48,1.174
2.0699,24.0,3.137648131267092,1.064721969006381,4625.0,4.216043755697356,34.22,-118.45,1.83
2.5158,22.0,4.006151742993849,1.036226930963773,5436.0,3.715652768284347,37.64,-122.07,1.349
2.6884,24.0,3.637096774193549,1.0451612903225806,3985.0,3.213709677419355,34.08,-118.1,2.046
3.8906,31.0,4.767258382642998,1.0059171597633136,1102.0,2.173570019723866,34.18,-118.43,2.822
4.0083,37.0,4.989655172413793,1.0655172413793104,1279.0,4.410344827586207,34.13,-117.98,1.429
6.939,40.0,7.075794621026895,0.9657701711491442,1063.0,2.599022004889976,34.0,-118.35,3.72
3.6645,16.0,6.014018691588785,1.030373831775701,1041.0,2.432242990654206,38.47,-121.13,2.034
10.9506,20.0,7.610465116279069,1.069767441860465,514.0,2.988372093023256,37.64,-121.88,4.758
4.8971,24.0,4.200704225352113,1.0246478873239435,1152.0,2.028169014084507,33.86,-118.39,4.007
6.0891,9.0,5.930348258706467,0.9825870646766168,1697.0,4.221393034825871,34.33,-118.48,2.701
8.2266,28.0,9.163865546218489,1.1932773109243695,728.0,3.0588235294117645,37.36,-122.08,5.00001
3.099,27.0,4.191122071516646,1.0875462392108508,2465.0,3.0394574599260173,33.89,-118.09,1.666
1.6875,42.0,4.322033898305085,0.9661016949152542,590.0,3.333333333333333,33.87,-117.58,1.135
2.5,37.0,3.066518847006652,1.042128603104213,1185.0,2.6274944567627494,34.13,-118.26,2.071
4.1321,35.0,5.3760683760683765,0.9344729344729344,989.0,2.8176638176638176,33.93,-117.97,1.981
1.8929,43.0,3.3625866050808315,1.02540415704388,2098.0,4.8452655889145495,34.01,-118.24,0.992
2.2444,20.0,2.9770114942528734,1.1175950486295314,2667.0,2.3580901856763927,34.06,-118.45,5.0
4.4625,37.0,5.042553191489362,0.9574468085106383,769.0,3.272340425531915,34.09,-117.93,1.542
8.1163,16.0,7.8982035928143715,1.032934131736527,1055.0,3.158682634730539,37.92,-122.01,3.658
3.6531,30.0,4.562,1.044,1969.0,3.938,34.08,-118.01,1.663
4.7708,32.0,4.566115702479339,0.9421487603305784,1270.0,2.62396694214876,33.94,-118.16,1.786
3.6023,25.0,4.813953488372093,0.9534883720930232,87.0,2.0232558139534884,37.71,-121.02,1.313
4.5893,52.0,6.273712737127371,1.1056910569105691,835.0,2.2628726287262872,37.89,-122.28,2.901
6.0723,34.0,6.143776824034335,0.9678111587982832,1243.0,2.667381974248927,33.96,-118.12,2.972
2.9688,52.0,4.230547550432276,1.0461095100864553,870.0,2.5072046109510087,37.77,-122.28,2.208
2.5509,32.0,3.6805555555555554,1.0456349206349207,2568.0,5.095238095238095,33.83,-117.91,1.708
5.4381,42.0,6.451923076923077,1.1682692307692308,615.0,2.956730769230769,33.98,-118.06,1.869
4.506,26.0,5.500676589986468,1.0027063599458728,1960.0,2.6522327469553453,33.74,-117.99,2.4
5.4413,8.0,6.795297372060857,1.0290456431535269,2005.0,2.773167358229599,38.67,-120.99,1.879
3.4426,7.0,5.416393442622951,1.028415300546448,3006.0,3.2852459016393443,37.73,-121.16,1.39
6.2037,32.0,5.345132743362832,0.9557522123893806,314.0,2.7787610619469025,34.27,-118.35,2.054
3.5073,42.0,4.251351351351351,1.0405405405405406,1859.0,2.5121621621621624,33.85,-118.32,2.348
3.141,21.0,5.481751824817518,1.0121654501216546,1050.0,2.554744525547445,38.73,-121.36,2.201
3.3603,14.0,6.552123552123552,1.1737451737451738,2866.0,2.7664092664092665,35.07,-120.56,2.802
7.6709,17.0,7.691379310344828,1.0086206896551724,2095.0,3.6120689655172415,33.72,-117.93,3.195
7.1221,34.0,6.930417495029821,1.0079522862823065,1311.0,2.606361829025845,33.8,-118.07,3.845
5.7072,21.0,6.284875183553598,0.9882525697503672,2216.0,3.254038179148312,37.53,-122.02,2.422
2.0216,32.0,5.685714285714286,1.126530612244898,999.0,4.077551020408163,36.55,-119.79,0.768
8.2436,44.0,6.465317919075145,1.0028901734104043,948.0,2.739884393063584,37.44,-122.18,5.00001
3.8984,40.0,6.43312101910828,0.9872611464968152,488.0,3.1082802547770703,37.64,-120.87,1.705
2.9143,27.0,5.334500875656743,1.0595446584938704,1407.0,2.4640980735551663,40.77,-124.14,0.996
3.0583,41.0,4.117460317460317,1.0380952380952382,733.0,2.326984126984127,34.26,-118.31,1.603
1.3348,21.0,4.176848874598071,1.0868167202572347,1494.0,4.803858520900322,39.12,-121.6,2.25
2.725,28.0,5.484732824427481,1.1259541984732824,724.0,2.763358778625954,34.09,-117.69,1.402
6.1074,26.0,6.304093567251462,1.0077972709551657,1597.0,3.113060428849902,34.21,-118.62,2.586
3.3214,25.0,6.093862815884476,1.0902527075812274,879.0,3.1732851985559565,36.38,-119.69,1.031
1.8824,46.0,3.0625,1.1597222222222223,621.0,4.3125,34.01,-118.28,1.625
5.777,23.0,6.552301255230126,0.9811715481171548,1646.0,3.4435146443514646,33.85,-118.04,3.159
3.125,38.0,6.020408163265306,1.0903790087463556,812.0,2.36734693877551,32.77,-117.09,2.165
3.7303,32.0,4.315789473684211,1.0526315789473684,1376.0,2.5864661654135337,33.78,-117.95,1.885
3.8427,36.0,4.3644793152639085,1.0791726105563482,2719.0,1.9393723252496435,34.12,-118.15,3.197
3.0469,25.0,6.386666666666667,1.149333333333333,983.0,2.6213333333333333,40.66,-123.74,1.36
5.5926,30.0,6.467236467236467,1.0227920227920229,974.0,2.774928774928775,37.92,-122.5,3.009
2.5625,23.0,5.498901098901099,1.0571428571428572,1443.0,3.171428571428572,39.72,-122.04,0.7
3.1025,28.0,4.854460093896714,1.1486697965571204,1623.0,2.539906103286385,38.12,-122.26,1.037
3.5568,52.0,6.090909090909091,1.2818181818181815,268.0,2.4363636363636365,34.15,-118.09,2.05
12.1387,23.0,8.261887344550109,1.0073152889539136,3840.0,2.809070958302853,37.36,-122.14,5.00001
3.3869,30.0,5.135384615384615,0.966153846153846,837.0,2.5753846153846154,36.55,-119.39,0.804
2.9154,35.0,4.244628099173553,1.1107438016528923,1696.0,2.803305785123967,34.12,-118.17,1.692
2.0156,47.0,3.6367924528301887,1.0566037735849056,637.0,3.004716981132076,32.68,-117.1,0.903
9.6885,20.0,8.16842105263158,1.0921052631578947,1061.0,2.792105263157895,34.4,-119.79,5.00001
1.6452,35.0,3.7738589211618256,1.0352697095435686,1666.0,3.4564315352697097,34.03,-118.36,1.259
0.9573,19.0,2.951219512195122,1.0,658.0,16.048780487804876,37.64,-121.0,1.625
3.4643,30.0,4.441441441441442,1.0375375375375375,1616.0,2.4264264264264264,36.6,-121.84,1.918
3.11,40.0,5.368085106382979,1.0382978723404257,976.0,2.076595744680851,32.76,-117.02,1.857
4.87,35.0,5.72488038277512,0.9976076555023924,1336.0,3.196172248803828,34.08,-117.94,1.877
13.5728,36.0,8.321022727272727,1.0397727272727273,1054.0,2.9943181818181817,34.07,-118.49,5.00001
7.5,15.0,8.579281183932347,1.080338266384778,1580.0,3.340380549682876,32.78,-116.91,3.164
8.3646,25.0,8.403940886699507,1.1206896551724137,1238.0,3.0492610837438425,38.04,-122.59,3.973
6.6455,16.0,7.1695652173913045,0.991304347826087,769.0,3.343478260869565,37.31,-121.77,3.026
5.0832,29.0,6.045918367346939,1.0051020408163265,588.0,3.0,34.1,-117.86,1.969
3.9519,39.0,7.23463687150838,1.340782122905028,534.0,2.983240223463687,39.23,-122.9,0.989
3.6667,40.0,5.989690721649485,1.127147766323024,981.0,3.3711340206185567,33.96,-118.1,1.731
5.5797,35.0,6.338461538461538,1.0205128205128204,1171.0,3.0025641025641026,37.67,-122.15,1.981
4.5417,50.0,5.038461538461538,0.9895104895104896,1159.0,4.0524475524475525,37.71,-122.45,2.337
5.6345,18.0,5.624610591900312,0.956386292834891,2381.0,3.708722741433022,37.33,-121.79,2.31
2.5234,35.0,6.239130434782608,1.072463768115942,381.0,2.760869565217391,34.13,-117.25,0.882
2.2566,42.0,5.272232304900181,1.0181488203266789,1457.0,2.644283121597096,37.32,-121.03,0.821
4.5526,10.0,5.518518518518518,1.0052910052910051,1073.0,2.8386243386243386,38.67,-121.8,1.544
6.6112,31.0,6.758474576271187,0.9194915254237288,542.0,2.296610169491525,38.51,-121.51,2.516
4.7235,33.0,4.890824622531939,1.0662020905923344,2389.0,2.7746806039488967,37.31,-122.0,2.422
3.7452,26.0,5.11395101171459,1.0117145899893505,2199.0,2.34185303514377,38.55,-121.75,2.277
3.0476,45.0,4.366245694603903,1.113662456946039,1690.0,1.9402985074626864,34.02,-118.46,4.562
3.7813,37.0,5.0227272727272725,0.9621212121212122,293.0,2.2196969696969697,37.34,-121.96,2.478
1.9189,28.0,3.097560975609756,1.0540069686411149,2184.0,3.804878048780488,34.06,-118.06,1.659
2.6208,52.0,3.820338983050848,1.088135593220339,1237.0,2.0966101694915253,35.27,-120.65,2.271
2.6906,14.0,5.409276944065485,1.096862210095498,1945.0,2.6534788540245566,36.56,-119.38,0.953
5.4218,16.0,6.071022727272728,1.015625,2240.0,3.1818181818181817,37.23,-121.76,2.339
1.2054,16.0,3.34375,0.9910714285714286,1277.0,5.700892857142857,37.29,-120.47,0.609
5.6409,3.0,7.837745516652434,1.0832621690862512,8437.0,3.602476515798463,33.97,-117.21,1.977
2.0833,20.0,4.311258278145695,1.0397350993377483,421.0,2.788079470198676,37.77,-120.85,0.773
3.5569,19.0,7.112558139534884,1.5051162790697674,2496.0,2.321860465116279,33.72,-116.39,1.28
4.0909,34.0,6.151869158878505,1.1004672897196262,1313.0,3.067757009345794,34.22,-118.62,2.329
2.3343,11.0,4.361046959199384,1.1601231716705158,3422.0,2.634334103156274,38.47,-121.42,0.978
1.9937,33.0,3.8792372881355934,1.0296610169491525,1625.0,3.442796610169492,34.06,-117.76,1.036
2.7234,44.0,5.810218978102189,1.0602189781021898,1399.0,2.552919708029197,38.01,-121.8,1.102
1.2679,30.0,4.607843137254902,1.0343137254901962,1071.0,5.25,33.94,-118.24,0.92
2.401,37.0,4.492581602373887,1.0,1121.0,3.3264094955489614,37.97,-121.22,0.584
3.3632,33.0,4.553003533568905,1.0424028268551238,1867.0,3.2985865724381624,37.6,-122.38,2.651
3.625,24.0,5.174657534246576,1.0890410958904109,1052.0,3.602739726027397,37.09,-121.6,3.5
2.0536,44.0,2.76605504587156,0.9495412844036696,588.0,2.697247706422018,34.03,-118.15,1.864
0.6831,37.0,3.904831625183016,0.9824304538799414,2865.0,4.194729136163982,33.95,-118.23,0.875
5.2589,17.0,4.6182266009852215,1.1625615763546795,900.0,2.2167487684729066,33.72,-118.05,2.261
6.0948,52.0,7.795454545454546,1.077922077922078,810.0,2.6298701298701297,34.14,-118.11,3.587
2.9821,36.0,5.571428571428571,1.054054054054054,680.0,2.6254826254826256,35.4,-118.98,0.731
3.6,22.0,4.851449275362318,0.9094202898550724,820.0,2.971014492753623,36.72,-120.08,0.832
2.825,39.0,4.530898876404494,1.0674157303370786,1113.0,3.1264044943820224,33.99,-118.4,2.767
2.75,33.0,3.331360946745562,1.1479289940828403,265.0,1.5680473372781063,37.97,-122.52,2.313
2.5875,28.0,4.236734693877551,1.0285714285714285,912.0,3.722448979591837,33.92,-118.15,1.612
4.0962,33.0,6.1308016877637135,1.0548523206751057,677.0,2.8565400843881856,38.25,-122.62,1.702
2.6944,19.0,5.439363817097416,1.091451292246521,1432.0,2.8469184890656063,36.08,-119.03,0.677
4.125,19.0,5.373737373737374,1.0303030303030305,1317.0,2.217171717171717,37.94,-122.02,2.671
2.2,28.0,3.719360568383659,1.0390763765541742,1556.0,2.763765541740675,33.11,-117.08,1.277
2.6818,39.0,4.032894736842105,1.0328947368421053,1528.0,3.3508771929824563,37.32,-121.87,1.849
3.6087,10.0,6.317073170731708,1.083623693379791,827.0,2.8815331010452963,39.05,-121.07,1.821
3.1875,23.0,5.275092936802974,0.9702602230483272,706.0,2.62453531598513,38.79,-121.24,1.102
5.0838,20.0,6.116037735849057,1.0075471698113208,3526.0,3.3264150943396227,37.54,-122.06,2.482
4.8693,44.0,6.181434599156118,1.042194092827004,817.0,3.4472573839662446,38.02,-122.02,1.569
4.5066,16.0,5.420618556701031,1.0123711340206183,1265.0,2.6082474226804124,38.56,-121.35,1.402
3.3681,31.0,4.826807228915663,1.0948795180722892,1647.0,2.480421686746988,33.93,-118.14,2.239
2.588,40.0,5.09375,1.09375,607.0,2.37109375,34.13,-117.86,2.095
3.6583,18.0,5.329201101928375,1.064738292011019,2500.0,3.443526170798898,33.92,-117.47,1.261
3.6964,47.0,4.117249154453213,1.0901916572717023,1438.0,1.62119503945885,34.06,-118.4,5.00001
5.2732,15.0,4.81145584725537,1.0572792362768495,1015.0,2.4224343675417663,33.65,-117.94,2.097
2.6023,14.0,3.7824,1.0096,1300.0,2.08,38.46,-122.66,2.211
1.3386,20.0,4.784386617100372,1.1524163568773234,954.0,3.546468401486989,36.87,-120.46,0.63
4.9464,12.0,6.135593220338983,0.9943502824858758,1013.0,2.861581920903955,36.3,-119.33,1.156
5.5133,37.0,4.593220338983051,0.8898305084745762,355.0,3.0084745762711864,33.9,-118.34,2.273
8.4352,14.0,8.106100795755967,0.9787798408488064,1209.0,3.206896551724138,37.87,-122.02,4.414
4.1528,35.0,4.997167138810198,0.9206798866855525,1094.0,3.09915014164306,33.94,-117.42,1.139
3.0161,52.0,4.673721340388007,0.9982363315696648,1468.0,2.5890652557319225,37.77,-122.25,2.157
2.3314,29.0,4.879049676025918,1.041036717062635,1099.0,2.373650107991361,38.74,-120.81,1.216
2.1875,13.0,5.511976047904192,1.0,1606.0,2.404191616766467,34.41,-117.25,1.197
4.0833,33.0,4.836065573770492,1.010928961748634,1346.0,3.677595628415301,33.93,-117.94,1.625
1.7642,39.0,3.4384133611691023,0.9979123173277662,2176.0,4.542797494780793,32.71,-117.14,0.829
4.2813,28.0,4.496428571428571,1.0785714285714283,668.0,2.3857142857142857,34.0,-118.47,3.844
4.0,52.0,5.269035532994923,1.077834179357022,1144.0,1.9357021996615904,37.75,-122.44,3.75
3.1136,36.0,5.713498622589532,0.9614325068870524,954.0,2.628099173553719,36.96,-120.08,0.738
6.8869,6.0,7.382384532760472,1.0300751879699248,2354.0,2.5284640171858217,38.51,-121.06,2.631
3.8698,19.0,4.386243386243386,1.1296296296296295,648.0,1.7142857142857142,33.97,-118.46,5.00001
3.6,35.0,5.289156626506024,0.9879518072289156,1026.0,3.0903614457831323,33.85,-117.9,1.935
5.0602,34.0,5.960912052117264,1.026058631921824,822.0,2.6775244299674266,33.88,-118.38,4.537
3.75,38.0,5.770731707317073,0.9560975609756096,628.0,3.063414634146341,37.86,-122.53,4.786
4.5918,36.0,5.292483660130719,1.1797385620915033,1383.0,2.2598039215686274,34.06,-118.32,3.37
2.9559,36.0,4.65242718446602,1.0407766990291265,1225.0,2.378640776699029,38.61,-121.39,1.366
1.9309,31.0,3.7628205128205128,1.1004273504273503,1810.0,3.867521367521368,33.75,-117.86,1.734
4.6923,44.0,5.322222222222222,1.0177777777777777,1287.0,2.86,33.96,-118.38,2.99
4.2926,32.0,5.407079646017699,1.1026548672566372,1902.0,3.366371681415929,34.05,-117.93,1.907
4.9537,52.0,6.504409171075838,1.128747795414462,1605.0,2.8306878306878307,37.74,-122.47,3.656
5.752,35.0,5.728571428571429,1.0,802.0,2.8642857142857143,33.95,-118.12,2.91
2.2888,46.0,5.317865429234339,1.0951276102088168,970.0,2.250580046403712,38.16,-121.69,0.949
2.9137,46.0,4.915730337078652,0.9747191011235956,754.0,2.117977528089888,37.66,-120.99,1.06
2.32,25.0,4.517676767676767,1.3535353535353536,1134.0,2.863636363636364,38.95,-119.94,0.913
3.3971,22.0,4.676348547717843,1.1908713692946058,697.0,2.892116182572614,33.9,-118.35,2.203
4.5791,12.0,5.8992673992674,1.021978021978022,2966.0,2.716117216117216,35.36,-119.08,1.234
7.611,5.0,6.855776306107432,1.0614422369389256,7427.0,2.73252391464312,37.72,-122.24,3.507
3.5714,4.0,5.9640287769784175,1.0827338129496402,676.0,2.431654676258993,37.98,-120.35,1.495
4.4196,18.0,5.451612903225806,0.96415770609319,706.0,2.5304659498207887,35.38,-119.12,1.21
3.0125,52.0,4.941780821917808,1.0650684931506849,660.0,2.26027397260274,37.83,-122.26,1.844
5.3081,12.0,3.686580882352941,1.3216911764705883,1673.0,1.5376838235294117,34.06,-118.25,2.875
2.93,23.0,3.881873727087577,1.0692464358452138,1029.0,2.095723014256619,32.8,-117.22,1.833
2.5587,37.0,4.738853503184713,1.070063694267516,1455.0,3.089171974522293,38.12,-121.27,0.878
1.9556,44.0,4.975077881619938,1.2087227414330215,902.0,2.809968847352025,33.98,-118.3,0.933
0.8928,52.0,4.442953020134228,1.0738255033557047,520.0,3.48993288590604,39.14,-121.58,0.55
1.4556,32.0,4.356449375866852,1.1262135922330097,2589.0,3.590846047156727,33.93,-116.87,0.546
1.7427,32.0,4.757575757575758,1.0171277997364954,2060.0,2.7140974967061924,40.69,-122.36,0.606
5.2321,46.0,5.664233576642336,1.0724312184166198,3728.0,2.093206064008984,37.22,-121.98,5.00001
2.2804,42.0,3.828009828009828,1.1253071253071254,1227.0,3.0147420147420148,32.72,-117.14,1.391
3.3936,15.0,5.532697547683924,1.1049046321525886,2884.0,3.929155313351498,34.07,-117.62,1.27
3.5735,16.0,5.080419580419581,1.0454545454545454,904.0,3.160839160839161,39.79,-121.97,0.896
5.375,16.0,4.76,1.02,93.0,1.86,33.76,-117.84,2.157
5.2815,30.0,6.392434988179669,1.0070921985815602,1289.0,3.0472813238770686,33.69,-117.91,2.295
7.0935,22.0,6.349367088607595,1.017721518987342,1254.0,3.174683544303797,33.82,-118.32,3.795
2.9118,38.0,4.376358695652174,1.0638586956521738,2792.0,3.793478260869565,34.18,-119.17,1.724
7.5699,19.0,8.127572016460906,1.0205761316872428,2302.0,3.157750342935528,33.66,-117.96,3.333
11.2979,24.0,8.321969696969697,1.0132575757575757,1443.0,2.7329545454545454,34.13,-118.49,5.00001
2.6082,29.0,3.494117647058824,1.0294117647058822,1968.0,2.8941176470588235,33.97,-118.04,1.625
3.5179,22.0,3.168085106382979,0.9276595744680852,662.0,1.4085106382978725,37.4,-122.09,1.972
2.2961,10.0,4.308219178082192,0.958904109589041,635.0,4.349315068493151,38.03,-121.33,1.267
2.625,32.0,5.320284697508897,1.1850533807829182,905.0,3.2206405693950177,38.25,-121.76,2.125
4.1218,35.0,4.943820224719101,1.0304975922953452,1362.0,2.186195826645265,34.16,-118.44,3.285
5.4544,26.0,6.550819672131148,0.9868852459016394,874.0,2.865573770491803,32.81,-117.02,1.809
2.375,22.0,5.4969450101833,1.105906313645621,1425.0,2.90224032586558,33.39,-117.25,1.373
8.1356,25.0,7.8704,1.0576,2183.0,3.4928,34.27,-118.55,3.528
5.0162,19.0,7.0534653465346535,1.0495049504950495,1607.0,3.1821782178217823,36.6,-121.7,2.831
2.8922,16.0,4.068610634648371,1.0085763293310464,1400.0,2.4013722126929675,38.6,-121.7,1.536
2.5938,40.0,3.8114754098360657,1.0573770491803278,1203.0,4.930327868852459,33.94,-118.22,1.154
5.8369,19.0,7.145374449339207,0.9889867841409692,1174.0,2.5859030837004404,38.48,-122.64,2.557
4.2562,45.0,5.747448979591836,1.0994897959183674,1382.0,3.5255102040816326,37.71,-122.45,2.216
3.9917,17.0,4.394136807817589,1.007817589576547,2688.0,1.7511400651465798,33.63,-117.95,2.716
5.0232,30.0,6.2685589519650655,1.0262008733624457,1335.0,2.9148471615720526,34.25,-118.49,2.539
2.5625,26.0,4.769230769230769,1.2307692307692308,102.0,2.6153846153846154,33.51,-116.42,1.031
6.3586,23.0,7.651761517615176,1.065040650406504,2050.0,2.7777777777777777,34.18,-118.83,3.483
1.2887,40.0,2.848987108655617,1.1510128913443831,1493.0,2.7495395948434624,37.34,-121.88,2.125
3.1563,42.0,6.1875,1.0,158.0,4.9375,37.36,-121.92,1.375
2.9293,22.0,3.6593932943054814,1.0431080361894625,5162.0,2.74720596061735,33.89,-118.12,1.708
5.3849,30.0,4.80718085106383,1.0106382978723405,2813.0,3.7406914893617023,33.82,-118.28,2.177
3.8667,37.0,5.894736842105263,1.051282051282051,2083.0,2.8110661268556005,38.09,-122.21,1.27
3.5667,17.0,15.02116402116402,2.7777777777777777,390.0,2.063492063492064,39.18,-120.12,1.792
5.5,18.0,6.743902439024391,1.2195121951219512,215.0,2.6219512195121952,34.0,-116.91,1.938
3.9808,35.0,5.3099630996309966,0.96309963099631,804.0,2.9667896678966788,34.07,-117.89,1.886
7.2821,27.0,7.760736196319018,1.4386503067484662,594.0,1.822085889570552,32.86,-117.25,5.00001
7.5755,20.0,6.350993377483444,1.0066225165562914,798.0,2.642384105960265,37.1,-121.87,4.023
2.1357,28.0,3.339563862928349,1.031152647975078,692.0,2.155763239875389,32.8,-117.24,1.875
4.8438,36.0,5.626923076923077,0.9884615384615384,722.0,2.776923076923077,33.84,-118.11,2.263
2.5096,33.0,4.559322033898305,0.940677966101695,656.0,2.7796610169491527,40.78,-124.18,0.722
2.0956,35.0,3.201550387596899,1.2222222222222223,1524.0,3.937984496124031,33.78,-118.26,1.547
3.3472,42.0,3.452513966480447,0.9106145251396648,680.0,3.798882681564246,33.94,-118.2,1.542
4.5075,39.0,5.2509855453350855,1.0420499342969776,1744.0,2.2917214191852824,37.51,-122.27,3.649
4.7639,36.0,5.261818181818182,1.0036363636363637,799.0,2.9054545454545453,37.66,-122.44,2.656
5.2732,15.0,4.81145584725537,1.0572792362768495,1015.0,2.4224343675417663,33.65,-117.94,2.097
3.3906,36.0,5.0785340314136125,1.044502617801047,1076.0,2.816753926701571,32.58,-117.16,1.478
1.1563,26.0,3.59245960502693,1.0448833034111311,2044.0,3.669658886894076,34.02,-118.29,1.188
3.1583,16.0,5.622377622377623,1.034965034965035,792.0,2.769230769230769,38.76,-121.21,2.392
4.0,37.0,6.363945578231292,1.0918367346938775,806.0,2.741496598639456,39.25,-121.71,1.014
7.9819,26.0,7.571428571428571,0.956043956043956,2381.0,2.907203907203907,37.28,-121.92,3.97
1.3047,41.0,5.6389891696750905,1.1624548736462097,927.0,3.3465703971119134,36.72,-119.79,0.441
3.1523,14.0,6.1835443037974684,1.1645569620253164,917.0,2.901898734177215,37.98,-120.23,0.933
4.711,27.0,6.535885167464115,1.0167464114832536,2400.0,2.8708133971291865,33.99,-117.32,1.335
4.425,30.0,5.858461538461539,1.0184615384615383,816.0,2.51076923076923,39.15,-123.17,1.619
3.0969,26.0,5.119318181818182,1.0426136363636365,2605.0,3.700284090909091,38.42,-122.72,1.438
3.2632,43.0,5.613744075829384,0.9786729857819904,944.0,2.2369668246445498,37.66,-121.0,1.381
1.4205,28.0,31.0625,8.5,98.0,2.0416666666666665,35.72,-118.59,0.9
3.425,28.0,4.841726618705036,1.0467625899280577,1575.0,5.66546762589928,33.75,-117.9,1.595
3.0882,40.0,4.394673123486683,1.036319612590799,1807.0,4.375302663438257,33.81,-118.21,1.607
2.9769,43.0,5.082926829268293,1.017073170731707,912.0,2.2243902439024392,38.54,-121.43,0.927
3.8003,23.0,4.190885640584694,1.0756663800515909,2699.0,2.3207222699914016,37.42,-122.09,2.298
9.042,52.0,7.962085308056872,1.127962085308057,493.0,2.3364928909952605,34.15,-118.35,5.00001
3.2847,17.0,3.381720430107527,1.1881720430107527,514.0,2.763440860215054,34.24,-119.18,1.125
5.5,35.0,5.981060606060606,0.9204545454545454,734.0,2.7803030303030303,37.96,-122.28,2.01
4.6477,15.0,7.434615384615385,1.0769230769230769,965.0,3.7115384615384617,38.04,-121.33,1.427
3.5272,36.0,5.09556313993174,1.0784982935153584,989.0,3.3754266211604094,34.03,-118.11,2.137
2.7336,14.0,4.8,0.98,931.0,2.66,36.3,-119.32,0.892
7.5057,18.0,6.669117647058823,1.0036764705882353,1922.0,3.5330882352941178,33.85,-118.04,3.285
13.499,42.0,8.928358208955224,1.0,1018.0,3.038805970149254,37.82,-122.22,5.00001
2.2961,10.0,4.308219178082192,0.958904109589041,635.0,4.349315068493151,38.03,-121.33,1.267
3.4051,45.0,5.945922746781116,1.0798283261802577,4715.0,4.047210300429184,37.81,-122.47,5.00001
8.4721,28.0,9.505154639175258,1.1030927835051547,314.0,3.237113402061856,33.01,-117.04,3.423
1.8661,24.0,4.984520123839009,1.0030959752321982,909.0,2.8142414860681115,39.52,-121.61,0.598
3.1133,27.0,4.201923076923077,0.96875,985.0,2.3677884615384617,34.11,-117.85,1.806
0.6991,26.0,2.669021190716448,1.014127144298688,1660.0,1.6750756811301717,36.72,-119.73,0.895
4.6186,32.0,5.031390134529148,1.0119581464872944,2857.0,4.270553064275037,34.18,-119.19,1.811
3.7083,33.0,5.797687861271676,1.1011560693641618,1410.0,4.07514450867052,34.01,-117.97,1.655
2.5326,24.0,5.532085561497326,1.1657754010695187,909.0,2.43048128342246,39.12,-120.96,1.391
2.6392,21.0,6.221631205673759,1.074468085106383,1576.0,2.794326241134752,38.76,-120.76,1.485
3.1635,34.0,5.767650834403081,1.0757381258023109,2335.0,2.9974326059050065,34.52,-117.3,0.743
4.1339,52.0,4.567058823529412,1.0258823529411765,955.0,2.247058823529412,37.78,-122.47,3.964
3.5556,35.0,4.8475,1.03,1036.0,2.59,33.88,-118.31,2.38
3.9018,35.0,5.651356993736952,1.0041753653444676,1595.0,3.329853862212944,34.16,-117.25,0.915
5.7143,40.0,6.102409638554217,0.9036144578313252,449.0,2.7048192771084336,34.18,-118.42,3.824
5.2405,36.0,6.335,0.955,640.0,3.2,34.09,-117.87,2.2
3.6563,31.0,5.172839506172839,1.054320987654321,829.0,2.0469135802469136,37.3,-121.91,3.447
2.6531,29.0,5.127429805615551,1.2138228941684666,1617.0,3.49244060475162,34.96,-120.44,1.083
3.2574,32.0,3.718503937007874,0.9586614173228346,1321.0,2.6003937007874014,37.38,-122.02,2.544
2.75,35.0,5.639308855291577,1.0259179265658749,1293.0,2.7926565874730023,38.39,-122.77,1.975
4.1902,42.0,4.818604651162791,0.9255813953488372,656.0,3.0511627906976746,34.07,-118.14,2.35
1.8355,34.0,5.103030303030304,1.1272727272727272,635.0,3.8484848484848486,39.36,-121.69,0.63
2.0147,41.0,3.605128205128205,1.0974358974358975,1174.0,3.01025641025641,33.98,-118.05,1.375
3.4519,15.0,6.157303370786517,1.130337078651685,1188.0,2.6696629213483147,41.28,-122.45,1.288
4.0776,13.0,6.1172638436482085,1.0553745928338762,1767.0,2.8778501628664497,33.23,-117.24,1.96
3.875,45.0,4.595155709342561,1.0034602076124568,720.0,2.491349480968858,34.18,-118.34,2.269
4.8424,23.0,5.381188118811881,1.0226308345120223,6034.0,4.267326732673268,37.34,-121.82,1.953
3.851,16.0,6.912408759124087,1.1897810218978102,477.0,3.4817518248175183,35.17,-120.43,3.15
2.7689,28.0,3.913555992141454,1.043222003929273,1622.0,3.1866404715127703,34.44,-119.82,2.282
3.9792,15.0,3.0072992700729926,0.9343065693430656,310.0,2.2627737226277373,33.96,-118.41,2.667
3.5781,37.0,4.8281750266808965,1.0725720384204909,2099.0,2.240128068303095,34.17,-118.23,3.667
1.947,24.0,3.88077336197637,1.045112781954887,2002.0,2.1503759398496243,32.64,-117.09,1.475
3.2061,20.0,5.005134788189987,0.9794608472400512,2198.0,2.821566110397946,38.26,-122.02,1.204
4.5556,34.0,5.710073710073711,0.9901719901719902,2282.0,2.803439803439804,37.57,-122.48,2.49
4.4539,28.0,4.889417360285375,1.0237812128418549,3211.0,3.8180737217598097,33.83,-118.26,1.922
10.1989,17.0,7.474874371859296,0.9321608040201004,1247.0,3.1331658291457285,33.62,-117.86,5.00001
5.552,7.0,8.329787234042554,1.1063829787234043,809.0,2.868794326241135,33.17,-117.31,2.839
1.6009,44.0,3.1158455392809588,1.0985352862849531,2813.0,3.745672436750999,37.78,-122.23,1.181
1.7321,44.0,4.919540229885057,1.0651340996168583,925.0,3.5440613026819925,34.16,-118.16,1.784
1.7716,29.0,4.131616595135909,1.0772532188841202,2949.0,4.218884120171674,35.24,-118.91,0.455
4.1477,38.0,5.530373831775701,1.1214953271028036,891.0,2.08177570093458,32.83,-117.31,5.00001
3.8259,52.0,6.3156146179402,1.1129568106312293,955.0,3.1727574750830563,36.97,-122.04,2.531
4.3125,34.0,4.996710526315789,0.9901315789473684,758.0,2.4934210526315788,33.94,-117.99,2.14
3.8796,32.0,5.76510067114094,1.0246085011185682,1172.0,2.621923937360179,38.31,-122.31,1.755
5.5681,15.0,6.359848484848484,1.0265151515151516,928.0,3.515151515151515,34.17,-118.94,2.356
3.5905,37.0,4.007352941176471,1.0465686274509804,1027.0,2.517156862745098,34.42,-119.72,2.647
2.3947,40.0,4.442190669371197,1.0060851926977687,1214.0,2.462474645030426,34.14,-117.28,0.819
2.5461,34.0,4.476489028213166,1.0501567398119125,1272.0,3.987460815047022,37.96,-122.35,0.939
2.6172,40.0,4.452054794520548,1.1621004566210045,1038.0,2.3698630136986303,34.15,-118.11,1.961
4.125,38.0,6.340425531914893,1.1702127659574468,161.0,3.425531914893617,35.9,-118.86,0.713
4.4583,25.0,7.830985915492958,1.1126760563380282,249.0,3.507042253521127,36.71,-119.69,1.083
3.1799,35.0,5.656565656565657,1.068181818181818,1394.0,3.5202020202020203,34.08,-117.33,0.867
2.4672,37.0,3.1538461538461537,1.0,645.0,1.7108753315649867,32.75,-117.25,2.167
4.6937,33.0,5.316666666666666,0.9733333333333334,991.0,3.303333333333333,37.97,-122.32,1.341
5.6346,36.0,6.154205607476635,1.0654205607476634,531.0,2.481308411214953,33.72,-117.6,2.725
3.375,25.0,4.194174757281553,0.9781553398058253,934.0,2.266990291262136,37.96,-122.32,1.337
3.5789,28.0,5.278438030560272,1.0084889643463495,1559.0,2.646859083191851,32.73,-117.09,1.203
7.3753,34.0,6.528795811518324,0.981675392670157,1399.0,3.662303664921466,37.35,-122.05,3.881
1.9032,15.0,4.3313953488372094,1.056201550387597,1376.0,2.6666666666666665,39.14,-123.21,1.0
3.016,6.0,4.883196721311475,1.2418032786885247,1301.0,2.665983606557377,34.14,-117.24,1.075
2.5819,44.0,4.58641975308642,0.9567901234567902,434.0,2.6790123456790123,38.34,-122.73,2.096
3.4886,35.0,5.332480818414322,1.0230179028132993,1112.0,2.843989769820972,33.95,-118.02,1.739
5.9277,38.0,6.356502242152466,1.0022421524663676,1148.0,2.5739910313901344,37.44,-122.13,4.466
2.3,37.0,4.2898550724637685,1.0507246376811594,1320.0,4.782608695652174,33.98,-118.15,1.656
5.1033,15.0,6.367713004484305,1.1150971599402093,1701.0,2.5426008968609866,34.17,-118.88,4.107
3.6607,23.0,6.296296296296297,1.128395061728395,1016.0,2.508641975308642,39.18,-120.99,1.53
5.6558,38.0,6.154471544715447,1.008130081300813,319.0,2.5934959349593494,37.89,-122.07,2.633
4.2851,34.0,5.767988252569751,1.0073421439060206,2315.0,3.3994126284875184,32.62,-117.05,1.445
3.1378,13.0,4.135957066189624,1.0590339892665477,2038.0,3.645796064400716,33.92,-117.95,1.37
2.8971,27.0,2.922779922779923,0.9845559845559846,1603.0,3.0945945945945947,34.08,-118.31,2.511
2.3382,19.0,4.05989110707804,1.0526315789473684,1438.0,2.6098003629764066,37.97,-122.34,1.207
4.4964,27.0,6.096551724137931,1.1137931034482758,1837.0,3.1672413793103447,34.28,-118.7,2.383
3.7949,13.0,5.832258064516129,1.0725806451612905,2189.0,3.5306451612903227,34.17,-117.33,1.063
2.2482,19.0,4.524978089395267,1.077125328659071,2680.0,2.3488168273444345,34.14,-117.25,1.145
3.8776,11.0,6.131555555555556,1.0542222222222222,6000.0,2.6666666666666665,38.69,-121.32,1.245
2.5089,52.0,4.989730423620026,1.030808729139923,1768.0,2.269576379974326,37.65,-121.0,1.19
4.0197,17.0,5.819338422391858,0.9923664122137404,1330.0,3.3842239185750635,36.59,-119.62,0.88
3.1062,29.0,4.618320610687023,1.0725190839694656,863.0,3.2938931297709924,36.92,-121.74,1.56
2.6523,36.0,5.689655172413793,1.0991379310344829,720.0,3.103448275862069,37.66,-120.91,0.763
1.9799,28.0,4.260233918128655,1.1608187134502923,672.0,1.9649122807017545,32.76,-117.11,1.227
2.5875,22.0,5.537735849056604,0.9867924528301888,1927.0,3.6358490566037736,36.23,-119.14,0.704
15.0001,47.0,8.592307692307692,1.0615384615384615,749.0,2.8807692307692307,34.13,-118.1,5.00001
5.6396,19.0,5.961136023916293,1.0508221225710015,3437.0,2.5687593423019432,37.56,-122.25,4.303
2.3062,15.0,4.9308755760368665,0.9585253456221198,470.0,2.165898617511521,33.14,-117.15,1.589
3.9798,31.0,5.017761989342806,0.9698046181172292,1908.0,3.3889875666074603,33.78,-117.98,1.875
4.3428,20.0,5.797362110311751,1.023980815347722,2983.0,3.57673860911271,33.2,-117.28,1.521
3.5461,10.0,5.029411764705882,1.0147058823529411,2499.0,2.826923076923077,38.46,-121.44,1.036
5.3787,42.0,6.905882352941177,1.2901960784313726,480.0,1.8823529411764703,32.85,-117.26,5.00001
3.9286,30.0,5.732876712328767,1.0171232876712328,756.0,2.589041095890411,38.43,-121.81,1.331
6.2895,45.0,6.5,1.1016949152542372,254.0,2.152542372881356,34.04,-118.38,3.404
2.2813,15.0,4.998011928429423,0.9582504970178928,1166.0,2.3180914512922466,38.72,-121.3,1.319
2.5391,12.0,7.911764705882353,1.9509803921568627,246.0,2.411764705882353,34.91,-115.53,0.4
2.8247,15.0,4.953029759770527,1.0354965937612048,6583.0,2.360344209394048,33.15,-117.04,1.5
2.1935,52.0,4.040697674418604,1.1395348837209305,1767.0,3.4244186046511627,33.73,-118.28,2.432
3.4265,43.0,6.242666666666667,1.0533333333333332,890.0,2.373333333333333,36.77,-119.81,0.85
4.5147,34.0,6.322222222222222,1.1388888888888888,541.0,3.0055555555555555,38.39,-122.87,2.714
3.8837,32.0,5.559718969555036,1.053864168618267,1580.0,3.700234192037471,34.07,-117.89,2.003
0.9288,26.0,4.28921568627451,0.9754901960784312,567.0,2.7794117647058822,35.32,-118.99,0.366
6.3624,30.0,5.615384615384615,0.7307692307692307,126.0,2.423076923076923,37.81,-122.18,4.833
5.0621,25.0,7.461016949152542,1.1966101694915254,622.0,2.1084745762711865,36.59,-121.93,3.865
6.8591,52.0,7.599388379204893,0.9571865443425076,953.0,2.914373088685015,37.81,-122.24,3.524
5.6738,34.0,6.589812332439679,1.160857908847185,1034.0,2.772117962466488,34.17,-118.54,4.436
3.4051,45.0,5.945922746781116,1.0798283261802577,4715.0,4.047210300429184,37.81,-122.47,5.00001
3.5573,21.0,4.104494382022472,1.0741573033707863,1510.0,1.696629213483146,34.07,-118.38,5.00001
2.9514,47.0,4.80078125,0.94921875,582.0,2.2734375,37.79,-122.19,1.981
3.5294,33.0,4.31096196868009,1.0984340044742729,1835.0,2.052572706935123,34.29,-119.29,3.239
1.4861,38.0,4.809145129224652,1.202783300198807,1696.0,3.371769383697813,38.62,-121.45,0.631
3.2813,36.0,3.943127962085308,1.0,545.0,2.582938388625593,37.35,-121.95,2.444
2.5694,44.0,5.10934393638171,1.0119284294234592,1145.0,2.27634194831014,38.54,-121.44,0.924
4.1711,38.0,5.440116845180136,0.9698149951314508,2466.0,2.401168451801363,37.99,-122.57,3.369
2.8015,40.0,3.659259259259259,0.8444444444444444,547.0,4.051851851851852,37.77,-122.22,1.148
3.9864,12.0,5.2558575445173386,0.9831302717900656,2595.0,2.432052483598876,37.71,-121.73,2.002
2.3654,34.0,5.590631364562118,1.1384928716904277,1150.0,2.3421588594704685,38.09,-120.56,0.949
5.6163,33.0,6.419148936170213,1.051063829787234,1423.0,3.027659574468085,34.19,-118.64,2.484
3.0368,25.0,4.948453608247423,0.979381443298969,1434.0,3.695876288659794,34.97,-120.45,1.293
3.0132,30.0,4.598006644518272,1.0232558139534884,2054.0,6.823920265780731,34.28,-118.43,1.426
4.69,36.0,6.405882352941177,1.0705882352941176,535.0,3.147058823529412,37.25,-121.93,2.526
4.7411,35.0,4.759643916913946,0.9910979228486648,904.0,2.6824925816023737,34.36,-119.7,3.364
1.6435,25.0,5.070726915520629,1.037328094302554,1642.0,3.225933202357564,36.72,-119.82,0.526
9.6047,20.0,8.46788990825688,0.9690366972477064,2795.0,3.205275229357798,34.27,-118.57,5.00001
3.7222,35.0,5.53932584269663,1.0308988764044944,1152.0,3.235955056179775,33.87,-117.96,1.875
3.7188,46.0,4.434878587196468,1.0242825607064017,761.0,1.6799116997792494,37.79,-122.45,5.00001
8.2335,37.0,5.098468271334792,0.949671772428884,846.0,1.851203501094092,34.11,-118.33,4.302
3.9,7.0,6.554716981132075,1.0943396226415094,747.0,2.818867924528302,39.74,-121.87,1.47
4.6667,43.0,4.741176470588235,0.9058823529411764,156.0,1.8352941176470587,34.27,-119.28,3.846
2.73,33.0,5.581218274111675,1.0228426395939083,1245.0,3.1598984771573604,36.34,-119.19,0.969
4.2344,34.0,5.137323943661972,0.977112676056338,1435.0,2.526408450704225,34.1,-118.12,3.063
3.6667,40.0,5.989690721649485,1.127147766323024,981.0,3.3711340206185567,33.96,-118.1,1.731
3.4125,30.0,4.489010989010989,1.0247252747252746,771.0,2.118131868131868,33.65,-117.9,2.841
2.6012,16.0,5.280737704918033,1.014344262295082,1232.0,2.5245901639344264,39.15,-123.19,1.256
4.0911,19.0,4.802098950524738,1.0614692653673163,1761.0,2.640179910044977,33.88,-118.11,2.397
6.0286,44.0,6.390070921985815,1.0851063829787233,753.0,2.6702127659574466,33.96,-118.41,3.56
4.125,38.0,4.7734375,1.1015625,756.0,2.953125,33.9,-118.12,1.739
3.8571,36.0,5.446043165467626,0.9280575539568344,665.0,2.392086330935252,32.79,-117.19,2.351
3.9514,27.0,5.017804154302671,0.8367952522255193,869.0,2.578635014836795,36.75,-119.72,0.869
3.5852,36.0,5.441176470588236,0.9575163398692812,846.0,2.764705882352941,38.65,-121.3,1.216
5.9359,16.0,5.756024096385542,0.9849397590361446,1158.0,3.4879518072289155,37.26,-121.81,2.495
2.3375,30.0,3.371681415929204,1.008849557522124,840.0,3.7168141592920354,34.29,-118.45,1.542
3.2727,52.0,4.442982456140351,1.0570175438596492,709.0,1.5548245614035088,37.81,-122.24,2.685
3.7292,35.0,5.729970326409496,1.1157270029673592,1175.0,3.486646884272997,37.63,-122.07,1.681
0.716,39.0,4.730769230769231,1.0961538461538465,316.0,6.076923076923077,37.96,-122.36,1.042
3.1312,49.0,5.831858407079646,1.15929203539823,741.0,2.185840707964602,38.51,-122.48,2.476
3.7807,9.0,4.997677119628339,1.0452961672473868,2240.0,2.6016260162601625,34.68,-118.16,1.109
3.925,14.0,4.874493927125506,0.9190283400809716,633.0,2.562753036437247,36.32,-119.34,0.838
4.7097,12.0,6.505263157894737,1.0736842105263158,1048.0,2.7578947368421054,34.56,-118.21,2.621
6.7718,19.0,5.251173708920188,1.016431924882629,1158.0,2.718309859154929,37.36,-122.0,3.683
4.0909,34.0,6.151869158878505,1.1004672897196262,1313.0,3.067757009345794,34.22,-118.62,2.329
2.681,28.0,3.988294314381271,1.1103678929765886,3201.0,2.6764214046822743,33.95,-118.35,1.477
2.0625,35.0,4.626865671641791,0.9253731343283582,525.0,2.611940298507463,38.09,-121.26,1.55
3.5521,35.0,6.277777777777778,1.1157407407407407,620.0,2.8703703703703702,38.44,-122.69,1.683
2.7989,27.0,5.9221789883268485,1.0992217898832686,1583.0,3.0797665369649807,38.52,-121.98,1.267
1.7857,41.0,4.847184986595174,1.1662198391420913,1005.0,2.6943699731903483,35.41,-119.03,0.543
4.25,33.0,4.6375838926174495,0.8523489932885906,431.0,2.8926174496644297,37.63,-122.08,1.926
4.1375,43.0,5.181208053691275,0.959731543624161,701.0,2.3523489932885906,33.82,-118.12,2.26
7.9013,5.0,8.31929347826087,1.1209239130434785,2440.0,3.315217391304348,34.3,-118.67,3.93
4.511,22.0,5.631067961165049,1.0446601941747573,1445.0,2.8058252427184467,38.4,-122.89,2.968
2.4623,17.0,5.680701754385965,1.024561403508772,705.0,2.473684210526316,39.74,-121.57,1.261
3.9336,15.0,5.553191489361702,1.0687397708674304,2039.0,3.337152209492635,34.04,-117.65,1.51
2.6429,33.0,4.494565217391305,1.0434782608695652,981.0,5.331521739130435,34.25,-118.41,1.431
2.6352,12.0,5.633967789165447,1.0087847730600292,2008.0,2.939970717423133,40.32,-122.34,0.922
5.0365,52.0,4.884057971014493,1.036231884057971,925.0,1.6757246376811594,37.8,-122.43,5.0
10.3224,32.0,7.83879781420765,1.0191256830601092,2099.0,2.8674863387978142,37.9,-122.14,5.00001
1.8636,21.0,4.856777493606138,1.143222506393862,1133.0,2.89769820971867,35.13,-118.44,0.679
4.2059,28.0,6.149321266968326,1.2262443438914028,1066.0,2.411764705882353,34.43,-119.59,5.00001
4.3897,36.0,6.022950819672131,1.0459016393442624,810.0,2.6557377049180326,33.8,-118.11,2.35
6.46,36.0,5.59581881533101,0.9634146341463414,1455.0,2.534843205574913,37.43,-122.12,4.255
2.4559,39.0,4.875502008032129,1.0040160642570282,660.0,2.6506024096385543,39.21,-122.01,0.75
4.2885,31.0,5.506238859180035,1.0427807486631016,1366.0,2.4349376114082,38.53,-121.52,1.603
3.875,46.0,4.0,1.0,59.0,4.538461538461538,33.12,-117.11,2.0
3.045,16.0,2.708803611738149,1.0564334085778782,648.0,1.4627539503386005,32.86,-117.23,1.0
5.0222,37.0,6.2,0.952,805.0,3.22,37.36,-122.09,5.00001
8.7716,12.0,9.286821705426355,1.124031007751938,863.0,3.3449612403100777,36.84,-119.84,2.292
3.5769,12.0,5.9375866851595,1.0901525658807212,1891.0,2.622746185852982,32.84,-116.79,2.318
5.5649,36.0,6.420841683366733,1.0781563126252505,1499.0,3.004008016032064,34.27,-118.52,2.712
5.3288,10.0,6.196762141967621,1.0572851805728518,2089.0,2.601494396014944,38.07,-122.18,2.018
3.8828,34.0,6.701492537313433,1.054726368159204,676.0,3.36318407960199,33.82,-117.94,2.154
2.8833,45.0,4.715384615384616,1.073076923076923,590.0,2.269230769230769,37.94,-122.33,1.404
4.6477,27.0,6.098214285714286,1.2410714285714286,1230.0,3.6607142857142856,36.92,-121.47,2.659
2.5437,43.0,4.6626139817629175,1.1671732522796352,1231.0,3.741641337386018,33.99,-118.3,0.945
3.0962,38.0,4.4475,1.0325,1061.0,2.6525,37.68,-122.1,1.809
3.4519,15.0,6.157303370786517,1.130337078651685,1188.0,2.6696629213483147,41.28,-122.45,1.288
3.4688,44.0,5.570833333333334,1.0208333333333333,968.0,4.033333333333333,33.94,-118.18,1.836
5.3558,14.0,6.4555403556771545,1.0041039671682626,1880.0,2.5718194254445965,34.17,-118.9,3.138
6.3624,30.0,5.615384615384615,0.7307692307692307,126.0,2.423076923076923,37.81,-122.18,4.833
2.151,16.0,4.031963470319635,1.0776255707762556,601.0,2.7442922374429224,37.78,-122.44,1.469
2.5893,29.0,5.672077922077922,1.074675324675325,1781.0,2.8912337662337664,36.8,-119.76,0.709
3.2708,43.0,5.330409356725146,1.046783625730994,1065.0,3.1140350877192984,33.95,-118.31,1.31
3.81,29.0,4.4734411085450345,1.0346420323325636,1352.0,3.1224018475750577,34.1,-118.1,2.346
2.3266,43.0,4.478823529411764,1.12,1484.0,1.7458823529411764,38.58,-121.47,1.375
3.1641,21.0,4.833333333333333,1.106714628297362,2558.0,3.067146282973621,34.05,-117.82,1.173
5.1165,40.0,5.747368421052632,1.1210526315789473,457.0,2.405263157894737,33.94,-117.76,1.842
2.8648,29.0,4.7405857740585775,0.9246861924686192,918.0,3.8410041841004174,33.73,-116.23,0.721
1.7642,39.0,3.4384133611691023,0.9979123173277662,2176.0,4.542797494780793,32.71,-117.14,0.829
2.3882,47.0,4.364085667215815,1.126853377265239,2374.0,3.911037891268534,33.98,-118.34,1.377
3.0197,26.0,4.4637002341920375,0.955503512880562,1325.0,3.10304449648712,33.21,-117.26,1.36
4.0972,52.0,2.1481481481481484,1.9259259259259256,41.0,1.5185185185185186,34.05,-118.26,5.00001
3.2875,26.0,3.3381742738589213,1.0591286307053942,2087.0,2.1649377593360994,37.4,-122.09,1.827
4.2458,52.0,3.9129989764585456,1.0644831115660185,1830.0,1.873080859774821,37.8,-122.42,4.5
3.4058,13.0,3.334417344173442,1.072086720867209,3397.0,1.8411924119241192,34.03,-118.4,2.75
4.25,52.0,5.736979166666667,1.1380208333333333,899.0,2.341145833333333,34.07,-118.37,4.869
3.7431,19.0,6.240208877284595,1.1240208877284594,3043.0,3.972584856396866,33.93,-117.46,1.328
8.248,29.0,7.072727272727272,0.9781818181818182,826.0,3.0036363636363634,37.33,-122.06,4.988
2.2614,29.0,2.8473029045643155,1.0141078838174271,4094.0,3.397510373443984,34.14,-118.26,2.481
3.8897,38.0,5.572916666666667,1.1270833333333334,1378.0,2.870833333333333,37.99,-122.04,1.399
3.6398,27.0,5.952702702702703,1.0518018018018018,1455.0,3.277027027027027,38.21,-121.32,1.467
3.7361,19.0,5.03416149068323,1.0186335403726707,871.0,2.7049689440993787,33.88,-117.86,2.014
5.1002,30.0,5.50199203187251,1.1812749003984064,1581.0,3.149402390438247,37.24,-122.27,3.194
2.639,39.0,4.034416826003824,1.008604206500956,2720.0,2.6003824091778203,37.63,-122.41,2.425
1.8828,38.0,4.7525,1.1325,1613.0,4.0325,36.21,-119.09,0.446
5.3777,41.0,5.479400749063671,1.0,601.0,2.250936329588015,34.06,-118.43,5.00001
2.3125,44.0,4.399491094147582,1.0534351145038168,1240.0,3.1552162849872776,37.78,-122.21,1.028
2.2067,24.0,5.945255474452555,1.1423357664233578,641.0,2.339416058394161,40.08,-120.91,0.696
3.1588,30.0,4.069825436408977,1.0,1357.0,3.3840399002493764,34.29,-118.44,1.601
3.4917,35.0,5.065068493150685,0.9315068493150684,963.0,3.297945205479452,33.91,-118.25,1.095
5.193,42.0,5.662100456621005,0.9155251141552512,1085.0,2.4771689497716896,33.99,-118.05,2.634
1.7158,37.0,4.285333333333333,1.0053333333333334,1526.0,4.069333333333334,33.91,-118.24,0.943
3.8819,39.0,5.5559701492537314,1.1343283582089552,700.0,2.611940298507463,34.44,-119.72,2.899
1.4617,25.0,3.341708542713568,1.067001675041876,743.0,1.2445561139028476,33.76,-118.08,0.469
1.7,30.0,3.758695652173913,0.9934782608695653,1673.0,3.63695652173913,32.71,-117.11,0.859
3.2619,52.0,4.792052980132451,1.0172185430463576,1508.0,1.997350993377484,37.85,-122.26,3.096
3.5547,34.0,5.051971326164875,1.0913978494623655,1718.0,3.078853046594982,34.06,-117.92,1.976
5.4091,22.0,6.819182389937107,1.0581761006289307,2347.0,3.690251572327044,34.26,-118.74,2.224
9.1373,52.0,7.443478260869565,1.0,1102.0,3.1942028985507247,34.11,-118.13,5.00001
4.0,52.0,5.269035532994923,1.077834179357022,1144.0,1.9357021996615904,37.75,-122.44,3.75
2.2083,44.0,8.280701754385966,1.4210526315789471,206.0,3.6140350877192975,32.8,-115.73,0.938
2.875,39.0,3.8655256723716382,1.0953545232273838,1934.0,2.3643031784841075,34.08,-118.28,2.135
5.0622,7.0,16.42138364779874,2.4842767295597485,482.0,3.031446540880504,39.35,-120.19,1.741
3.1439,24.0,4.599290780141844,1.053191489361702,441.0,1.5638297872340423,37.4,-122.01,0.475
4.7466,19.0,5.765661252900232,1.013921113689095,1286.0,2.983758700696056,33.82,-118.02,2.583
4.7667,30.0,5.244604316546763,0.9424460431654677,488.0,3.5107913669064748,33.8,-117.96,1.952
8.5407,22.0,7.366847826086956,0.9565217391304348,1305.0,3.546195652173913,33.81,-118.07,3.988
0.9337,45.0,4.712328767123288,1.1397260273972605,1382.0,3.786301369863014,33.98,-118.28,0.923
6.6125,42.0,6.256484149855908,1.043227665706052,887.0,2.556195965417868,37.93,-122.53,3.932
4.8355,17.0,5.346153846153846,1.0701357466063348,1369.0,3.097285067873304,37.25,-121.84,1.416
7.3343,37.0,7.0975,0.975,1006.0,2.515,38.58,-121.37,2.804
2.7019,16.0,4.957095709570957,1.0825082508250825,1948.0,3.2145214521452146,33.19,-117.22,2.169
4.0341,26.0,5.162186379928316,1.1881720430107527,2681.0,2.402329749103943,33.66,-117.91,2.433
3.4375,17.0,4.155555555555556,1.022222222222222,412.0,2.2888888888888888,37.4,-122.09,2.906
5.5427,4.0,6.570291777188329,0.9522546419098143,1234.0,3.273209549071618,38.04,-121.36,1.621
3.0625,37.0,5.275,0.9875,211.0,2.6375,32.8,-117.16,1.597
2.6894,20.0,3.924418604651162,1.008139534883721,4610.0,5.3604651162790695,37.35,-121.84,1.822
2.7159,25.0,5.694852941176471,0.9889705882352942,819.0,3.011029411764706,36.37,-119.83,1.014
2.65,38.0,4.6887966804979255,0.946058091286307,699.0,2.900414937759336,32.77,-117.07,1.676
3.2841,15.0,5.4788461538461535,1.0326923076923078,878.0,1.6884615384615385,33.71,-117.75,1.583
4.0125,37.0,5.738589211618257,1.074688796680498,808.0,3.3526970954356847,37.61,-122.03,1.614
3.3056,39.0,3.746630727762803,1.105121293800539,1666.0,4.490566037735849,33.94,-118.36,1.568
2.3111,19.0,3.872785829307568,1.064412238325282,1855.0,2.987117552334944,34.24,-118.47,2.554
2.325,24.0,5.186131386861314,1.062043795620438,588.0,2.145985401459854,39.5,-123.79,1.573
6.0224,15.0,6.635802469135802,1.0092592592592593,1094.0,3.376543209876543,38.02,-122.21,1.985
2.4219,46.0,3.5641025641025643,0.9333333333333332,601.0,3.082051282051282,32.75,-117.11,0.906
3.3988,38.0,4.558282208588957,1.1012269938650308,1345.0,4.125766871165644,33.81,-118.22,1.478
2.9583,47.0,5.284246575342466,1.0513698630136987,859.0,2.941780821917808,37.79,-122.21,1.388
5.5073,6.0,4.749585406301824,1.064676616915423,1404.0,2.328358208955224,34.45,-119.75,2.638
2.9832,22.0,4.718978102189781,1.0197080291970804,2694.0,1.9664233576642336,34.18,-119.2,1.656
2.683,15.0,6.365714285714286,1.3485714285714283,653.0,1.8657142857142857,33.83,-116.98,1.393
6.827,36.0,7.021428571428571,1.0357142857142858,1897.0,2.71,34.2,-118.11,3.594
1.2634,28.0,3.272727272727273,0.9795454545454544,2178.0,4.95,36.34,-119.29,0.506
3.2768,44.0,5.338289962825279,1.0074349442379182,850.0,3.159851301115242,33.95,-118.19,1.791
3.3409,32.0,3.2549019607843137,1.0098039215686274,177.0,1.7352941176470589,33.9,-118.37,2.563
6.0145,14.0,6.156748911465892,1.0827285921625545,1858.0,2.6966618287373003,34.23,-118.87,2.871
3.4609,35.0,5.234567901234568,1.017283950617284,1375.0,3.3950617283950617,34.1,-118.01,1.663
2.7159,32.0,5.33130081300813,1.0731707317073171,1570.0,3.1910569105691056,36.81,-119.7,0.68
2.7006,17.0,4.499388004895961,1.039779681762546,3331.0,2.038555691554468,32.79,-117.03,1.663
2.7813,10.0,5.30478589420655,1.0327455919395463,1003.0,2.526448362720403,37.39,-119.66,1.241
5.196,4.0,6.281354515050167,1.0936454849498327,7560.0,3.160535117056856,32.92,-117.18,2.107
1.5054,13.0,2.4764795144157814,0.9074355083459787,3356.0,5.092564491654021,33.75,-117.86,1.375
4.7685,5.0,4.331352154531946,1.0950965824665675,3959.0,1.96087171867261,37.39,-122.04,2.801
1.3844,29.0,3.4564643799472297,0.9604221635883904,1009.0,2.662269129287599,37.78,-122.43,1.775
3.4698,17.0,7.347014925373134,1.1082089552238803,717.0,2.675373134328358,39.13,-121.68,1.797
2.1607,17.0,5.746951219512195,1.0670731707317074,953.0,2.9054878048780486,41.66,-122.26,0.614
3.8531,21.0,5.030555555555556,0.9263888888888888,2503.0,3.4763888888888888,34.08,-117.4,1.054
2.925,46.0,6.194805194805195,1.0454545454545454,429.0,2.7857142857142856,37.75,-122.16,1.429
3.1818,18.0,4.212477928193055,1.100058858151854,4642.0,2.732195409064156,34.2,-118.57,2.08
4.4948,36.0,6.428104575163399,1.0326797385620916,910.0,2.973856209150327,33.91,-118.13,1.906
2.7473,32.0,4.739413680781759,1.0439739413680782,2011.0,3.275244299674267,34.11,-117.25,0.708
4.2472,36.0,5.632768361581921,1.0338983050847457,1793.0,2.5324858757062145,37.7,-122.54,2.925
4.3472,30.0,5.136448598130841,0.9383177570093458,1491.0,2.7869158878504674,36.6,-121.83,1.85
6.5778,46.0,6.561194029850746,1.0507462686567164,839.0,2.5044776119402985,33.97,-118.39,3.508
3.625,6.0,5.40463645943098,1.17913593256059,2533.0,2.6691253951527925,34.05,-117.66,1.136
3.4028,17.0,5.938704028021016,1.0910683012259197,1529.0,2.677758318739054,40.29,-120.54,0.91
3.7738,48.0,4.378006872852234,1.075601374570447,971.0,3.336769759450172,37.32,-121.9,2.206
2.1125,26.0,4.690821256038648,1.183574879227053,592.0,2.859903381642512,34.07,-117.32,0.84
2.6442,31.0,4.391812865497076,1.0730994152046784,1514.0,4.426900584795321,33.21,-117.38,1.033
2.2422,33.0,4.064080944350759,1.0809443507588532,2106.0,3.551433389544688,33.97,-118.17,1.682
3.2614,19.0,5.767213114754099,1.0786885245901638,2091.0,3.4278688524590164,33.36,-117.1,1.688
2.3333,31.0,3.983416252072968,1.0480928689883913,2830.0,4.693200663349917,34.08,-118.02,1.642
4.6771,16.0,6.919732441471572,1.0434782608695652,889.0,2.9732441471571907,38.92,-121.14,2.12
3.3824,6.0,6.778061224489796,1.239795918367347,1409.0,3.5943877551020407,37.3,-121.04,1.155
3.2083,26.0,6.667953667953668,1.1158301158301158,802.0,3.096525096525097,36.44,-119.77,0.75
3.0718,52.0,5.068965517241379,1.1130268199233715,1128.0,2.160919540229885,37.76,-122.24,2.667
4.1058,37.0,4.976588628762542,1.0635451505016722,2117.0,3.540133779264214,34.0,-118.07,1.673
3.8413,50.0,3.988538681948424,1.0644699140401146,1622.0,2.32378223495702,37.58,-122.34,3.722
3.4643,16.0,5.072423398328691,1.0027855153203342,969.0,2.6991643454039,40.31,-120.49,0.851
3.5893,26.0,5.411552346570397,1.0469314079422385,755.0,2.7256317689530687,33.84,-117.88,2.385
3.1944,29.0,5.979591836734694,1.0233236151603498,915.0,2.6676384839650145,36.22,-119.35,1.068
4.224,43.0,5.655097613882863,1.03470715835141,1225.0,2.6572668112798263,37.49,-122.25,3.496
3.87,26.0,4.151923076923077,1.0057692307692307,1331.0,2.5596153846153844,33.91,-118.35,2.645
3.4032,31.0,4.147761194029851,0.953731343283582,2259.0,3.371641791044776,34.09,-117.97,1.434
4.25,33.0,4.6375838926174495,0.8523489932885906,431.0,2.8926174496644297,37.63,-122.08,1.926
4.4211,41.0,5.656903765690377,1.165271966527197,1047.0,2.190376569037657,34.01,-118.47,4.629
3.2708,35.0,3.542391304347826,1.0510869565217391,2003.0,2.1771739130434784,33.95,-118.38,4.0
3.1895,45.0,5.533333333333333,1.1666666666666667,302.0,5.033333333333333,34.04,-118.16,1.563
1.1326,42.0,4.890784982935154,1.006825938566553,775.0,2.645051194539249,33.93,-118.26,1.048
4.6161,30.0,5.950920245398773,1.0940695296523515,1270.0,2.5971370143149284,33.75,-117.82,2.365
6.2299,39.0,5.2368421052631575,0.9473684210526316,101.0,2.6578947368421053,38.25,-122.05,1.054
5.5771,27.0,5.388297872340425,1.074468085106383,1421.0,2.519503546099291,33.88,-118.38,3.455
1.975,35.0,4.699346405228758,1.088235294117647,794.0,2.594771241830065,34.03,-118.35,1.381
1.2864,40.0,2.5520702634880803,1.1279799247176914,1257.0,1.577164366373902,33.77,-118.2,1.313
3.0919,28.0,3.5095541401273884,1.0881104033970277,2670.0,2.8343949044585988,34.12,-118.22,1.854
7.0565,32.0,7.2125,0.940625,967.0,3.021875,33.77,-117.82,3.246
4.875,42.0,4.728280961182994,1.0314232902033271,1328.0,2.454713493530499,33.99,-118.43,3.013
5.6936,5.0,4.586206896551724,1.0987884436160298,1810.0,1.6868592730661696,37.56,-122.27,3.222
2.1759,16.0,4.904958677685951,1.078512396694215,1115.0,4.607438016528926,33.62,-114.61,0.615
1.1111,19.0,5.830917874396135,1.173913043478261,721.0,3.483091787439613,37.81,-122.28,1.083
5.9399,10.0,6.0364238410596025,1.0485651214128036,3083.0,3.402869757174393,37.3,-121.79,2.419
2.4444,46.0,5.109014675052411,1.0524109014675052,1151.0,2.4129979035639413,34.03,-118.34,1.341
4.1304,27.0,4.683727034120735,0.9986876640419948,3339.0,4.381889763779528,34.09,-117.97,1.605
6.0994,25.0,6.128767123287672,0.9068493150684932,1121.0,3.0712328767123287,34.18,-118.95,2.549
2.5284,44.0,3.896039603960396,0.9653465346534652,1323.0,3.2747524752475248,34.05,-118.33,2.263
2.0156,44.0,4.076923076923077,1.1538461538461535,502.0,4.2905982905982905,34.06,-117.75,1.125
3.7361,35.0,5.734848484848484,1.143939393939394,474.0,3.590909090909091,33.93,-118.16,1.798
11.8442,31.0,8.385678391959798,1.0577889447236182,2092.0,2.628140703517588,34.1,-118.45,5.00001
7.0712,24.0,7.589506172839506,0.9783950617283952,916.0,2.8271604938271606,37.77,-122.13,2.93
6.9903,14.0,6.476584022038567,0.9393939393939394,1128.0,3.107438016528925,36.83,-119.83,1.412
6.8039,17.0,6.81413612565445,0.9764397905759162,1265.0,3.31151832460733,33.68,-117.98,3.329
5.1023,25.0,5.833667334669339,1.0681362725450902,1137.0,2.278557114228457,32.86,-117.25,5.00001
6.3433,15.0,7.36848792884371,1.0698856416772553,2314.0,2.940279542566709,33.94,-117.91,3.505
1.4191,12.0,3.594392523364486,1.0448598130841122,2809.0,5.2504672897196265,36.19,-120.09,0.551
3.0313,17.0,5.870614035087719,1.1644736842105263,1244.0,2.7280701754385963,41.84,-124.3,1.036
4.2061,16.0,3.4104938271604937,1.0925925925925926,499.0,1.5401234567901234,37.36,-122.01,2.536
5.575,10.0,6.247572815533981,1.0097087378640777,3242.0,3.1475728155339806,35.39,-119.08,1.322
3.4837,35.0,4.672316384180791,0.9124293785310734,1065.0,3.0084745762711864,33.78,-117.92,1.865
1.6277,48.0,3.676737160120846,1.1238670694864048,1281.0,1.935045317220544,38.58,-121.48,1.406
5.7051,35.0,5.727272727272728,0.997326203208556,986.0,2.636363636363636,34.17,-118.07,3.26
4.5341,44.0,5.453083109919571,1.1340482573726542,1491.0,3.997319034852547,37.7,-122.47,2.365
5.0863,30.0,5.4784053156146175,1.053156146179402,1532.0,2.5448504983388704,37.25,-121.95,3.32
3.1222,13.0,4.231958762886598,1.077319587628866,1534.0,3.953608247422681,36.33,-121.24,1.255
1.3668,52.0,2.673635307781649,1.089430894308943,1515.0,1.759581881533101,37.79,-122.41,0.55
2.875,52.0,3.874213836477987,1.0041928721174005,921.0,1.930817610062893,37.77,-122.26,2.34
2.6696,19.0,5.153846153846154,1.1102564102564103,910.0,2.333333333333333,37.98,-120.4,1.212
4.6048,34.0,3.679442508710802,1.069686411149826,946.0,1.6480836236933798,33.82,-118.43,5.00001
2.9583,37.0,5.2,0.9278688524590164,675.0,2.2131147540983607,33.95,-117.41,1.321
2.0888,45.0,3.130932896890344,1.1391162029459905,1552.0,2.540098199672668,34.1,-118.33,2.375
4.1379,3.0,4.458029197080292,1.1624087591240877,1033.0,1.885036496350365,33.56,-117.7,1.833
3.6,19.0,5.24223602484472,1.1335403726708075,622.0,1.9316770186335404,34.1,-117.65,1.364
2.5052,23.0,4.582697201017812,1.0559796437659033,548.0,1.3944020356234097,37.3,-121.75,1.337
6.0859,21.0,6.081890812250333,1.0213049267643142,3748.0,2.4953395472703064,37.96,-122.08,2.66
3.4875,31.0,5.199186991869919,0.9898373983739838,1938.0,3.9390243902439024,32.69,-117.08,1.17
2.2377,27.0,3.3765822784810124,1.0232067510548524,3403.0,3.589662447257384,34.2,-118.42,2.317
2.8357,17.0,5.308255659121172,1.059254327563249,2899.0,1.930093209054594,38.37,-121.94,1.201
4.5701,5.0,5.965317919075145,1.0500963391136802,1760.0,3.3911368015414256,37.65,-121.05,1.464
2.7,5.0,8.857142857142858,2.0476190476190474,41.0,1.9523809523809523,33.38,-115.94,0.588
4.5086,16.0,5.7156398104265405,0.9928909952606636,1612.0,3.8199052132701423,32.93,-117.14,1.711
5.3243,29.0,6.237864077669903,0.9368932038834952,460.0,2.233009708737864,38.59,-121.35,2.657
3.0383,20.0,3.568093385214008,1.0778210116731517,971.0,1.8891050583657587,36.63,-121.89,2.173
4.7679,28.0,6.899598393574297,1.0783132530120485,1503.0,3.0180722891566263,32.81,-117.18,2.04
3.5046,18.0,5.63481228668942,1.0546075085324231,856.0,2.9215017064846416,39.75,-121.86,1.183
1.2206,20.0,3.9465408805031448,1.1320754716981132,1201.0,3.776729559748428,33.79,-118.18,1.625
2.125,47.0,4.528052805280528,1.3036303630363035,1237.0,4.082508250825082,37.79,-122.24,0.955
6.3054,14.0,7.03921568627451,0.9831932773109244,1151.0,3.224089635854342,33.3,-117.25,3.59
5.6916,30.0,7.022653721682848,1.029126213592233,984.0,3.184466019417476,34.12,-118.04,5.00001
3.5845,17.0,4.63894523326572,1.0081135902636915,1240.0,2.5152129817444218,38.44,-122.74,1.643
3.1389,31.0,5.374631268436578,1.1002949852507375,2229.0,3.2876106194690267,38.02,-121.87,1.178
2.6618,19.0,4.666666666666667,1.1421319796954317,2047.0,3.463620981387479,33.88,-118.28,1.797
0.9708,21.0,4.064516129032258,1.103225806451613,1167.0,3.764516129032258,33.95,-118.24,1.076
2.1944,33.0,4.131313131313132,0.9848484848484848,664.0,3.3535353535353534,34.04,-118.15,2.033
1.432,44.0,4.04915514592934,1.1136712749615976,2182.0,3.351766513056836,34.0,-118.28,1.24
4.9766,24.0,5.841558441558441,0.9844155844155844,1015.0,2.636363636363636,33.91,-117.91,2.671
7.3031,24.0,7.175384615384616,1.073846153846154,761.0,2.3415384615384616,34.06,-118.56,5.00001
2.3846,32.0,2.801556420233463,1.034046692607004,3646.0,3.546692607003891,34.08,-118.3,2.583
2.8482,39.0,4.148648648648648,0.918918918918919,1204.0,3.254054054054054,37.48,-122.21,2.472
4.1483,25.0,5.678420310296191,1.1156558533145275,1850.0,2.609308885754584,37.95,-121.96,1.812
3.8062,25.0,4.557692307692308,0.8846153846153846,300.0,2.8846153846153846,37.06,-121.37,3.409
5.817,18.0,6.982692307692307,1.051923076923077,1700.0,3.269230769230769,37.68,-121.91,2.573
2.3203,21.0,4.439446366782007,0.9619377162629758,684.0,2.366782006920415,32.83,-116.93,1.635
5.1669,44.0,5.220883534136546,1.0120481927710845,695.0,2.791164658634538,33.89,-118.32,2.206
2.6384,16.0,4.527303754266212,1.0341296928327646,1693.0,2.889078498293516,38.46,-122.75,1.469
7.0546,16.0,7.425925925925926,0.9851851851851852,827.0,3.062962962962963,32.91,-117.09,2.822
1.5078,36.0,4.544529262086514,1.063613231552163,1367.0,3.4783715012722647,33.95,-118.3,0.996
2.655,36.0,4.854477611940299,1.1007462686567164,2313.0,2.876865671641791,38.75,-121.3,0.863
4.4611,21.0,6.275913497390008,1.0335570469798658,4308.0,3.2125279642058167,34.13,-117.61,1.646
1.9402,46.0,4.9900249376558605,1.0673316708229426,1384.0,3.451371571072319,37.95,-121.25,0.622
2.875,42.0,4.284263959390863,1.0609137055837563,2038.0,3.44839255499154,33.95,-118.36,1.775
5.0156,52.0,5.752532561505065,1.036179450072359,1515.0,2.192474674384949,37.78,-122.45,5.00001
3.0278,15.0,5.333333333333333,0.9347319347319348,1238.0,2.885780885780886,36.09,-119.04,0.774
3.2158,11.0,4.781059063136456,0.9725050916496945,2065.0,2.1028513238289204,34.27,-119.22,2.236
1.78,41.0,4.206106870229007,1.083969465648855,1868.0,4.753180661577608,34.03,-118.3,1.625
2.6786,21.0,5.008264462809917,1.0888429752066116,1379.0,2.8491735537190084,34.31,-119.1,1.84
2.7863,19.0,5.668817204301075,1.124731182795699,1184.0,2.546236559139785,39.79,-121.58,1.086
8.1484,36.0,6.806691449814126,1.100371747211896,871.0,3.2379182156133828,34.03,-118.4,5.00001
3.8194,34.0,5.034129692832765,1.0887372013651877,698.0,2.3822525597269624,33.93,-117.94,1.86
2.0096,22.0,4.027027027027027,1.045045045045045,754.0,3.3963963963963963,33.9,-118.26,1.107
2.2727,40.0,4.995412844036697,1.036697247706422,520.0,2.385321100917431,35.42,-119.02,0.672
5.3678,7.0,7.38625,1.090625,5499.0,3.436875,34.14,-117.58,2.317
3.725,22.0,5.439903846153846,1.0600961538461535,1395.0,3.3533653846153846,32.71,-117.0,1.235
3.9196,25.0,7.214477211796247,1.6032171581769437,964.0,2.584450402144772,39.18,-120.87,1.427
1.9688,29.0,4.036734693877551,1.0979591836734697,823.0,1.6795918367346938,38.6,-121.46,1.356
3.2566,36.0,4.926421404682274,1.096989966555184,785.0,2.6254180602006687,34.09,-117.72,1.518
5.3961,52.0,6.6871165644171775,1.0,856.0,2.625766871165644,37.74,-122.46,4.169
2.1979,8.0,5.642380708055413,1.1313494099538224,5060.0,2.5962031811185224,33.79,-116.95,0.953
1.9028,36.0,3.2948717948717947,0.9786324786324786,1711.0,3.655982905982906,33.96,-118.22,1.642
4.2917,52.0,6.329545454545454,0.9602272727272728,486.0,2.761363636363636,34.0,-118.33,2.476
4.0313,35.0,4.746268656716418,1.044776119402985,1299.0,3.8776119402985074,33.91,-118.15,1.632
5.5277,30.0,5.781902552204176,0.9419953596287703,1250.0,2.9002320185614847,32.84,-117.19,1.971
3.0132,44.0,4.094545454545455,1.0763636363636364,989.0,1.798181818181818,37.88,-122.27,2.729
3.0083,25.0,3.3438661710037176,1.0353159851301117,3416.0,6.349442379182156,33.74,-117.88,1.635
3.2024,40.0,5.373068432671082,1.0529801324503312,1646.0,3.6335540838852096,33.93,-118.3,1.28
3.0288,19.0,3.373529411764706,1.0529411764705885,1686.0,2.4794117647058824,34.15,-118.23,2.583
3.1892,25.0,4.037037037037037,1.0264550264550265,1304.0,3.4497354497354498,34.06,-118.12,2.147
3.4107,45.0,6.090047393364929,1.127962085308057,840.0,3.981042654028436,33.9,-118.23,1.125
3.2229,15.0,2.953216374269006,1.023391812865497,470.0,1.3742690058479532,33.71,-117.76,1.083
2.0,37.0,4.874239350912779,1.1156186612576064,1234.0,2.5030425963488843,34.13,-117.26,0.721
2.5933,52.0,3.758765778401122,1.0378681626928472,1587.0,2.225806451612903,37.76,-122.47,3.596
5.4225,17.0,5.401215805471125,0.9969604863221884,1235.0,3.753799392097264,37.39,-121.86,2.581
5.0951,33.0,5.526448362720403,1.181360201511335,987.0,2.486146095717884,33.8,-118.34,3.189
5.4836,18.0,5.271604938271605,0.9209876543209876,1464.0,3.614814814814815,33.7,-117.88,2.258
2.0064,52.0,4.618037135278515,1.063660477453581,753.0,1.9973474801061009,39.73,-121.83,0.779
4.2719,20.0,3.5479338842975205,1.0512396694214876,2389.0,1.9743801652892563,37.38,-122.06,2.708
3.5795,35.0,5.50763358778626,1.015267175572519,861.0,3.286259541984733,34.08,-117.91,1.869
1.975,26.0,5.282786885245901,1.0737704918032789,1100.0,4.508196721311475,36.06,-118.97,0.514
6.1995,36.0,6.309756097560975,1.0146341463414634,1055.0,2.573170731707317,37.38,-122.09,4.072
8.1782,25.0,6.954545454545454,1.0265151515151516,4168.0,2.6313131313131315,33.78,-118.34,5.00001
9.5271,16.0,8.459251101321586,1.0418502202643172,2777.0,3.058370044052864,37.84,-122.0,5.00001
3.3622,19.0,5.479713603818616,1.068019093078759,2769.0,3.304295942720764,34.0,-117.36,1.051
3.8456,27.0,5.627170582226762,1.0817160367722165,2591.0,2.6465781409601634,34.43,-119.66,5.00001
4.1325,32.0,5.439618644067797,1.0858050847457628,2152.0,2.2796610169491527,32.64,-117.07,1.728
1.8914,25.0,4.944320712694878,1.1380846325167038,912.0,2.0311804008908685,39.93,-120.98,0.878
5.4224,37.0,6.620947630922693,1.0349127182044888,1056.0,2.633416458852868,34.15,-117.87,2.695
3.6602,18.0,5.455840455840455,1.0683760683760684,2767.0,3.9415954415954415,34.08,-117.46,1.207
6.918,32.0,6.87719298245614,0.9824561403508772,262.0,2.298245614035088,36.59,-121.89,5.00001
4.0429,32.0,4.863340563991323,1.0629067245119306,921.0,1.997830802603037,34.02,-118.44,5.00001
1.6607,6.0,4.664251207729468,1.0193236714975846,1344.0,3.246376811594203,36.62,-119.65,0.58
6.3489,13.0,5.795527156549521,1.022364217252396,1010.0,3.226837060702876,33.9,-117.92,3.379
4.3542,34.0,5.578313253012048,0.9698795180722892,978.0,2.9457831325301207,33.2,-117.27,1.569
3.8125,15.0,4.590570719602978,1.094292803970223,1348.0,3.3449131513647643,37.95,-121.69,1.254
3.6348,17.0,5.666666666666667,1.0582706766917294,5030.0,3.1516290726817044,33.05,-116.86,1.645
4.8542,31.0,4.868804664723032,1.0714285714285714,1891.0,2.7565597667638486,37.3,-121.97,2.75
8.0015,35.0,5.408163265306122,0.9744897959183674,444.0,2.26530612244898,33.88,-118.4,5.00001
2.2667,12.0,3.436241610738255,0.9664429530201344,767.0,5.147651006711409,36.69,-121.62,0.729
4.3594,23.0,5.225572979493365,1.0337756332931245,2461.0,2.9686369119420988,37.56,-122.02,2.234
8.1078,26.0,6.599526066350711,0.990521327014218,1221.0,2.893364928909953,37.35,-122.02,3.657
3.6895,14.0,5.316441441441442,1.125,2648.0,2.981981981981982,37.12,-121.65,2.393
3.3182,46.0,5.3875,1.075,239.0,2.9875,37.77,-120.69,2.821
3.7333,36.0,6.300254452926208,1.201017811704835,1213.0,3.0865139949109417,38.0,-122.05,1.364
4.337,37.0,4.035320088300221,1.0154525386313469,1075.0,2.3730684326710816,33.99,-118.46,3.606
4.0714,19.0,61.8125,11.0,112.0,2.333333333333333,39.01,-120.06,4.375
3.7174,4.0,3.56793893129771,1.1725190839694657,983.0,1.500763358778626,33.69,-117.87,2.75
7.2354,52.0,7.11716621253406,0.994550408719346,901.0,2.455040871934605,37.85,-122.24,3.911
2.425,17.0,3.4791271347248576,1.1470588235294117,2636.0,2.500948766603416,34.21,-118.43,1.755
4.825,29.0,6.577464788732394,1.0246478873239435,764.0,2.6901408450704225,38.33,-122.37,1.951
2.7468,14.0,6.500729927007299,1.1635036496350364,1817.0,2.652554744525548,41.54,-122.38,0.811
2.3381,12.0,3.7879858657243815,1.0035335689045937,1320.0,2.3321554770318023,36.82,-119.71,1.125
10.1275,27.0,7.493421052631579,1.0394736842105263,772.0,2.539473684210526,33.55,-117.88,5.00001
6.5881,34.0,6.173469387755102,0.9974489795918368,917.0,2.3392857142857144,32.81,-117.24,3.944
1.8977,28.0,2.7169811320754715,1.0075471698113208,891.0,3.362264150943396,34.09,-118.31,1.0
3.5179,36.0,6.339195979899498,1.0075376884422111,927.0,2.329145728643216,38.59,-121.37,2.078
2.1477,27.0,4.968454258675079,1.0126182965299684,1063.0,3.3533123028391167,36.05,-119.12,0.539
6.9261,24.0,7.150753768844221,1.035175879396985,1954.0,3.273031825795645,33.69,-117.95,2.846
4.5333,21.0,4.95970695970696,1.0586080586080586,639.0,2.340659340659341,37.25,-121.93,2.342
2.7813,35.0,5.49375,1.0645833333333334,1181.0,2.4604166666666667,39.23,-121.09,1.092
6.0794,32.0,6.337559429477021,1.057052297939778,1628.0,2.5800316957210776,34.16,-118.6,3.385
2.8239,43.0,3.6381909547738696,1.0134003350083751,2386.0,3.996649916247906,34.02,-118.15,1.506
4.6187,6.0,5.98639455782313,0.9650145772594751,2997.0,2.912536443148688,33.25,-117.25,2.05
2.0135,21.0,4.53030303030303,1.0469696969696969,2108.0,3.193939393939394,33.79,-116.96,0.83
6.0192,33.0,7.046228710462287,1.1070559610705597,1116.0,2.7153284671532845,34.16,-118.63,3.477
3.125,36.0,6.444444444444445,1.1111111111111112,39.0,2.1666666666666665,35.17,-119.48,0.375
5.5023,5.0,5.167657550535077,1.0618311533888227,5272.0,2.08957590170432,33.83,-118.33,2.864
5.529,36.0,5.334042553191489,1.1,1232.0,2.6212765957446806,34.22,-118.24,2.413
6.3054,14.0,7.03921568627451,0.9831932773109244,1151.0,3.224089635854342,33.3,-117.25,3.59
2.2981,35.0,4.654589371980676,0.932367149758454,1371.0,3.3115942028985508,35.78,-119.25,0.699
7.6107,14.0,6.775132275132275,1.0687830687830688,1172.0,3.1005291005291005,37.26,-122.01,5.00001
2.1311,36.0,3.1661849710982657,1.067919075144509,2931.0,4.235549132947977,33.78,-118.26,1.631
6.4664,25.0,6.1923076923076925,0.878698224852071,983.0,2.908284023668639,37.31,-121.78,2.715
3.4861,26.0,5.588461538461538,0.9653846153846154,896.0,3.4461538461538463,36.74,-119.98,1.125
6.0604,20.0,6.219409282700422,0.9936708860759492,1181.0,2.4915611814346,37.67,-121.89,2.479
2.694,28.0,4.35251798561151,1.087769784172662,1328.0,1.9107913669064749,32.76,-117.14,1.641
7.9168,17.0,8.606299212598426,1.0971128608923884,1222.0,3.2073490813648293,37.8,-121.97,3.56
4.9167,23.0,6.609195402298851,1.0,572.0,3.2873563218390807,37.99,-121.83,1.524
3.575,18.0,3.5566265060240965,1.1397590361445784,838.0,2.019277108433735,37.41,-122.09,2.74
2.902,15.0,5.609261939218524,1.125904486251809,1960.0,2.8364688856729376,38.91,-120.88,1.273
6.6004,17.0,6.087649402390438,1.051792828685259,606.0,2.414342629482072,38.48,-122.6,3.415
5.0875,26.0,6.07168458781362,0.931899641577061,885.0,3.172043010752688,33.73,-117.97,2.242
2.6998,25.0,3.7767052767052767,1.0842985842985844,2669.0,1.7175032175032174,37.9,-122.06,2.161
1.5319,20.0,4.521929824561403,1.0219298245614037,1285.0,2.817982456140351,37.11,-120.25,0.505
3.5156,31.0,4.945848375451264,1.0252707581227436,1062.0,3.833935018050541,34.07,-118.07,1.993
4.1488,37.0,5.616901408450704,0.9774647887323944,782.0,2.202816901408451,38.61,-121.4,1.364
3.3598,34.0,5.087947882736156,0.9413680781758956,898.0,2.925081433224756,38.25,-122.06,1.072
3.1875,30.0,4.171487603305785,1.1384297520661155,2481.0,5.12603305785124,34.06,-118.04,1.542
2.9628,36.0,5.66553480475382,1.166383701188455,2388.0,4.054329371816638,34.13,-117.27,0.878
2.2,14.0,3.605231866825208,1.187871581450654,1691.0,2.010701545778834,34.09,-118.34,2.1
2.8657,14.0,5.850574712643678,1.0306513409961686,665.0,2.5478927203065136,39.86,-121.59,1.196
2.0591,15.0,4.840046029919447,1.0609896432681245,1863.0,2.143843498273878,41.74,-122.61,0.557
2.4607,32.0,4.287515762925599,1.0416141235813368,3017.0,3.8045397225725095,33.97,-118.07,1.556
4.1154,28.0,5.45506419400856,1.0684736091298146,1790.0,2.553495007132668,34.19,-118.61,2.464
4.1307,36.0,5.486725663716814,1.0737463126843658,777.0,2.2920353982300883,38.4,-122.5,2.957
5.2596,16.0,6.056710775047259,1.0226843100189036,1818.0,3.436672967863894,33.02,-116.88,1.715
4.4464,34.0,5.081585081585081,0.9883449883449884,906.0,2.111888111888112,34.17,-118.43,3.531
2.0286,32.0,3.684210526315789,1.1169590643274854,1434.0,4.192982456140351,34.29,-118.44,1.229
5.3951,37.0,5.142011834319527,1.0532544378698223,1346.0,2.6548323471400392,37.32,-122.27,2.777
1.5556,42.0,4.290322580645161,1.0891840607210626,2496.0,4.7362428842504745,33.99,-118.25,0.985
2.975,43.0,4.111111111111111,1.0541310541310542,2086.0,1.9810066476733144,37.77,-122.25,2.434
1.7802,47.0,3.7285714285714286,0.9785714285714284,1003.0,3.5821428571428573,32.68,-117.1,0.978
4.8929,21.0,6.415730337078652,1.0112359550561798,999.0,2.806179775280899,33.2,-117.23,2.125
2.6205,35.0,3.6415584415584417,0.9584415584415584,654.0,1.6987012987012986,34.43,-119.7,3.188
5.8993,49.0,7.051724137931035,1.0123152709359606,1108.0,2.729064039408867,34.0,-118.34,3.133
5.4372,30.0,6.227848101265823,1.020253164556962,1277.0,3.232911392405063,33.79,-118.01,2.232
2.0272,29.0,4.2973856209150325,1.0163398692810457,1425.0,4.65686274509804,33.2,-117.37,0.996
3.3125,22.0,6.175548589341693,1.0407523510971788,1066.0,3.341692789968652,36.79,-119.9,1.061
6.6916,2.0,9.769983686786295,1.4404567699836868,1787.0,2.9151712887438825,34.38,-118.61,3.295
3.3438,8.0,5.455172413793103,1.1241379310344828,2184.0,3.0124137931034483,34.09,-117.38,1.276
2.5964,29.0,3.8279220779220777,1.0162337662337662,1255.0,4.074675324675325,34.07,-118.1,1.768
3.0396,16.0,4.83756345177665,1.1302876480541455,1946.0,3.292724196277496,34.03,-117.68,1.243
4.4375,13.0,4.548387096774194,0.9612903225806452,718.0,4.632258064516129,32.69,-117.06,1.549
2.0917,35.0,4.284403669724771,1.107033639143731,1357.0,4.149847094801223,33.95,-118.29,0.993
2.9327,42.0,4.7270531400966185,0.9396135265700484,985.0,2.3792270531400965,34.18,-118.39,2.402
4.6364,11.0,3.945701357466064,0.918552036199095,422.0,1.909502262443439,33.82,-118.19,1.563
4.4766,16.0,5.8039772727272725,1.1022727272727273,705.0,2.002840909090909,32.9,-117.11,1.615
4.3194,40.0,4.73404255319149,0.99645390070922,804.0,2.851063829787234,33.92,-118.15,1.984
2.4432,21.0,4.464337700145561,1.027656477438137,2140.0,3.1149927219796214,34.07,-117.25,0.788
3.0972,40.0,5.463157894736842,1.0736842105263158,330.0,3.473684210526316,33.88,-118.26,1.085
1.3269,19.0,3.987577639751553,1.1532091097308488,1190.0,2.463768115942029,33.2,-117.36,1.661
5.0323,30.0,6.295264623955432,1.041782729805014,958.0,2.668523676880223,38.35,-122.76,2.224
2.3284,30.0,4.048780487804878,1.054878048780488,577.0,1.7591463414634143,32.81,-117.26,2.906
3.875,36.0,5.408759124087592,0.9708029197080292,640.0,2.335766423357664,35.41,-118.98,0.945
3.4896,9.0,5.9620596205962055,1.1436314363143631,938.0,2.5420054200542004,38.68,-121.2,1.438
3.1583,16.0,5.622377622377623,1.034965034965035,792.0,2.769230769230769,38.76,-121.21,2.392
2.3566,15.0,5.665775401069519,1.0401069518716577,1079.0,2.885026737967914,39.43,-121.52,0.804
3.8275,32.0,5.152400835073069,1.1524008350730688,1190.0,2.4843423799582465,33.97,-118.03,2.385
1.6554,44.0,4.260504201680672,0.9453781512605042,704.0,2.957983193277311,37.93,-121.68,1.194
3.9722,29.0,4.789795918367347,0.946938775510204,1135.0,2.316326530612245,37.97,-122.32,1.61
3.942,47.0,5.379069767441861,1.0069767441860464,947.0,2.202325581395349,37.94,-122.34,1.433
5.4609,28.0,6.80359820089955,1.0269865067466266,1996.0,2.992503748125937,37.27,-121.9,2.636
3.4875,31.0,5.199186991869919,0.9898373983739838,1938.0,3.9390243902439024,32.69,-117.08,1.17
1.6875,41.0,5.570063694267516,1.089171974522293,1171.0,3.729299363057325,36.59,-119.45,0.661
3.9028,52.0,7.4728260869565215,1.75,287.0,1.559782608695652,37.81,-122.45,5.00001
3.5083,43.0,5.084558823529412,1.0110294117647058,853.0,3.136029411764706,37.74,-122.15,1.22
7.6129,50.0,4.666666666666667,0.9761904761904762,76.0,1.809523809523809,37.45,-122.16,4.125
2.2604,17.0,6.016,1.432,661.0,2.644,38.35,-120.57,0.848
3.1713,42.0,4.642714570858283,1.003992015968064,1832.0,3.656686626746507,33.88,-118.18,1.61
3.5917,22.0,5.410526315789474,1.0210526315789474,821.0,2.880701754385965,39.21,-123.19,1.188
3.8839,44.0,5.299813780260708,1.0260707635009312,1232.0,2.2942271880819365,37.9,-122.53,3.272
3.2153,42.0,4.783382789317508,1.0504451038575668,1940.0,2.878338278931751,37.36,-121.91,1.997
2.6934,17.0,3.614849187935034,1.111368909512761,803.0,1.863109048723898,32.8,-117.01,1.602
2.5787,35.0,4.14662273476112,1.0906095551894563,1883.0,3.102141680395387,34.08,-118.13,2.23
3.2793,37.0,4.526011560693641,1.083815028901734,1223.0,3.534682080924856,37.35,-121.87,1.745
3.2813,47.0,5.485714285714286,1.2634920634920634,1178.0,3.73968253968254,37.74,-122.41,2.296
4.35,28.0,5.016317016317016,0.9673659673659674,1623.0,3.7832167832167833,33.83,-118.27,2.005
5.7306,15.0,6.803174603174603,0.907936507936508,929.0,2.9492063492063494,34.88,-120.45,2.697
2.3917,15.0,5.010060362173038,1.060362173038229,1229.0,2.4728370221327967,39.52,-121.36,0.857
1.7121,46.0,4.0092879256965945,1.086687306501548,1120.0,3.46749226006192,33.97,-118.26,0.982
5.2533,40.0,4.07488986784141,1.118942731277533,371.0,1.6343612334801765,33.88,-118.41,5.00001
8.4888,30.0,5.954113924050633,1.134493670886076,1292.0,2.0443037974683542,37.9,-122.45,5.00001
6.3433,15.0,7.36848792884371,1.0698856416772553,2314.0,2.940279542566709,33.94,-117.91,3.505
1.8088,35.0,5.609467455621302,1.0887573964497042,467.0,2.763313609467456,37.81,-122.28,1.188
3.1326,17.0,3.833457804331591,1.0268857356235996,3386.0,2.5287528005974607,37.54,-121.98,2.208
5.1067,40.0,6.353430353430354,1.0166320166320166,1103.0,2.2931392931392933,37.93,-122.32,2.473
4.45,37.0,5.659949622166247,1.0478589420654911,1237.0,3.115869017632242,37.99,-122.02,1.619
2.25,50.0,4.20722891566265,1.1566265060240963,1149.0,2.7686746987951807,37.8,-122.23,1.235
4.5562,17.0,6.237218813905931,0.983640081799591,1490.0,3.047034764826176,38.69,-121.25,1.345
1.9439,17.0,3.6409155937052935,1.0543633762517883,1468.0,2.100143061516452,33.76,-117.99,1.777
6.6122,4.0,7.568645219755324,1.2251925690983234,6187.0,2.803352967829633,34.18,-118.75,3.576
3.733,23.0,5.784552845528455,1.048780487804878,1526.0,3.1016260162601625,38.34,-122.69,1.635
1.933,52.0,4.024691358024692,0.9358024691358025,1413.0,3.488888888888889,34.0,-118.31,1.2
2.5162,21.0,4.429347826086956,1.0366847826086956,1735.0,2.3573369565217392,38.62,-121.41,0.975
6.6772,13.0,7.37707182320442,1.0676795580110496,2288.0,3.160220994475138,34.68,-118.17,1.856
4.9234,25.0,5.824561403508772,0.9166666666666666,691.0,3.030701754385965,34.21,-118.85,2.414
4.0,47.0,6.18724279835391,1.0781893004115226,1152.0,2.3703703703703702,38.11,-122.23,1.415
7.1298,16.0,7.837719298245614,1.0350877192982455,770.0,3.3771929824561404,32.82,-117.08,2.786
4.108,36.0,5.405144694533762,1.0578778135048232,964.0,3.09967845659164,33.95,-118.02,1.812
2.4526,23.0,4.332453825857519,1.0488126649076517,3257.0,4.296833773087071,33.81,-117.99,1.829
5.5145,15.0,5.168384879725086,1.0103092783505154,1267.0,4.353951890034364,37.31,-121.82,2.194
1.7743,20.0,3.961119751166408,1.2208398133748055,1199.0,1.864696734059098,32.76,-117.08,1.403
3.1679,21.0,5.080962800875273,1.1334792122538293,662.0,1.4485776805251642,33.62,-117.72,1.1
1.9318,30.0,2.443840579710145,0.9402173913043478,2646.0,4.793478260869565,33.79,-118.17,1.159
1.4615,28.0,2.1839464882943145,1.065217391304348,2079.0,3.4765886287625416,34.05,-118.28,2.75
4.3846,46.0,5.13855421686747,1.0160642570281124,1562.0,3.136546184738956,37.71,-122.45,2.706
3.2197,17.0,6.53781512605042,0.984873949579832,2791.0,4.690756302521009,32.8,-117.11,0.675
7.0422,52.0,7.045454545454546,1.0909090909090908,967.0,2.585561497326203,37.57,-122.34,5.00001
3.4732,52.0,5.962864721485412,1.1193633952254642,870.0,2.3076923076923075,37.89,-122.29,2.462
3.9871,26.0,6.387218045112782,1.0225563909774436,799.0,3.0037593984962405,34.87,-120.43,1.577
4.5221,36.0,5.26797385620915,0.9607843137254902,446.0,2.915032679738562,34.11,-117.89,1.513
2.5833,37.0,4.158536585365853,0.9829268292682928,1839.0,4.485365853658537,33.92,-118.21,1.327
3.8365,29.0,5.503685503685504,1.1228501228501229,1187.0,2.9164619164619165,34.14,-117.9,1.842
5.3264,46.0,4.941176470588236,1.0955882352941178,351.0,2.5808823529411766,37.51,-122.26,2.581
2.2429,52.0,4.638349514563107,1.0072815533980584,777.0,1.8859223300970875,32.73,-117.13,2.211
3.285,35.0,5.685633001422475,1.0839260312944523,2074.0,2.950213371266003,38.32,-122.31,1.381
3.37,36.0,4.96013018714402,1.045565500406835,3093.0,2.5166802278275022,32.72,-117.12,1.591
2.6198,18.0,4.052901023890785,1.1126279863481228,1252.0,2.136518771331058,37.53,-121.96,2.359
2.5587,37.0,4.738853503184713,1.070063694267516,1455.0,3.089171974522293,38.12,-121.27,0.878
5.8325,18.0,6.351875808538163,1.0569210866752912,1971.0,2.54980595084088,36.96,-121.88,3.088
4.6771,16.0,6.919732441471572,1.0434782608695652,889.0,2.9732441471571907,38.92,-121.14,2.12
1.9946,16.0,4.853131749460043,1.0842332613390928,1206.0,2.6047516198704104,40.51,-122.34,1.192
1.8819,16.0,6.686493184634449,1.4646840148698883,1802.0,2.2329615861214376,35.58,-118.45,0.697
2.8021,33.0,4.794561933534744,1.1299093655589123,1159.0,3.501510574018127,33.84,-117.89,1.951
4.4792,11.0,8.047619047619047,1.2108843537414966,543.0,3.693877551020408,33.68,-116.95,1.739
3.1406,48.0,4.625,0.9375,490.0,2.784090909090909,34.19,-118.34,2.231
2.1094,27.0,6.958860759493671,1.6677215189873418,744.0,2.354430379746836,39.02,-122.69,0.724
2.5,22.0,3.7587354409317806,1.054908485856905,1213.0,2.0183028286189684,32.8,-117.16,1.778
4.8036,37.0,5.842592592592593,1.126543209876543,911.0,2.811728395061728,34.18,-118.51,2.953
4.7933,37.0,6.0,1.021543985637343,1635.0,2.9353680430879714,37.67,-122.14,1.869
4.4882,15.0,6.573264781491003,1.070694087403599,2418.0,3.107969151670951,38.28,-122.03,1.44
2.5663,19.0,3.9004267425320056,1.0753911806543386,1396.0,1.985775248933144,34.1,-118.13,1.975
3.1875,46.0,5.360655737704918,1.1311475409836065,576.0,2.360655737704918,34.08,-117.32,0.84
1.65,41.0,3.8817480719794335,1.0539845758354756,1408.0,3.619537275064267,33.94,-118.26,0.942
2.6949,15.0,5.496394230769231,1.1153846153846154,2513.0,3.0204326923076925,33.66,-117.28,1.636
3.375,36.0,4.941176470588236,0.7058823529411765,29.0,1.7058823529411764,34.47,-118.48,1.875
4.5982,44.0,5.506849315068493,1.0794520547945206,961.0,2.632876712328767,34.01,-118.41,3.335
4.2066,7.0,5.732931726907631,1.0401606425702812,1748.0,3.5100401606425704,36.8,-119.68,0.884
5.0779,34.0,5.487179487179487,0.990138067061144,1219.0,2.4043392504930967,37.93,-122.52,3.339
5.7361,39.0,6.451612903225806,1.0026881720430108,877.0,2.35752688172043,33.81,-118.38,5.00001
3.4028,17.0,5.938704028021016,1.0910683012259197,1529.0,2.677758318739054,40.29,-120.54,0.91
3.3036,36.0,5.689655172413793,0.9042145593869731,623.0,2.3869731800766285,34.08,-117.66,1.41
2.7788,18.0,7.04054054054054,1.5945945945945943,174.0,2.351351351351352,33.84,-116.86,0.911
4.2667,46.0,5.256055363321799,1.0069204152249136,573.0,1.982698961937716,37.75,-122.44,3.388
6.2516,9.0,6.972375690607735,0.9723756906077348,1139.0,3.146408839779005,34.15,-117.22,1.593
3.3897,18.0,8.644951140065146,1.793702497285559,2009.0,2.181324647122693,33.84,-116.57,2.302
3.2857,37.0,4.712962962962963,1.021604938271605,1504.0,4.641975308641976,34.12,-117.99,1.301
3.3333,52.0,5.286415711947627,1.0703764320785598,1765.0,2.888707037643208,37.73,-122.42,2.923
4.6547,52.0,4.567340067340068,1.0505050505050506,1370.0,2.3063973063973062,37.74,-122.42,3.257
2.9896,33.0,4.406741573033708,1.0382022471910113,1693.0,3.804494382022472,34.43,-119.68,2.36
3.2325,28.0,5.549346016646849,1.0404280618311534,2404.0,2.858501783590963,35.4,-118.96,0.89
3.3882,52.0,3.77125,1.06375,1588.0,1.985,37.78,-122.44,4.714
3.7361,19.0,5.03416149068323,1.0186335403726707,871.0,2.7049689440993787,33.88,-117.86,2.014
7.4597,31.0,8.275862068965518,1.0758620689655172,1382.0,3.177011494252873,33.95,-117.93,5.00001
3.6681,34.0,5.326760563380281,0.9098591549295776,966.0,2.72112676056338,36.79,-119.71,0.82
2.7054,52.0,5.001226993865031,1.1288343558282208,1800.0,2.208588957055215,37.85,-122.27,1.823
3.9063,25.0,5.079069767441861,0.8837209302325582,702.0,3.265116279069768,34.31,-119.29,1.927
2.1727,32.0,3.98,1.0476923076923077,1246.0,1.916923076923077,32.76,-117.14,1.455
5.5919,17.0,5.994227994227995,1.0663780663780664,2149.0,3.101010101010101,37.08,-122.0,3.734
4.2143,34.0,5.402810304449648,0.9086651053864168,1168.0,2.73536299765808,34.18,-118.52,2.454
2.4792,21.0,3.752941176470588,1.411764705882353,276.0,3.247058823529412,37.63,-120.99,0.6
5.25,25.0,5.552816901408451,0.9366197183098592,611.0,2.151408450704225,32.78,-117.15,2.051
3.7833,17.0,6.057692307692308,1.0961538461538465,877.0,2.810897435897436,39.07,-123.21,1.598
2.5686,25.0,3.5396634615384617,1.0985576923076923,2313.0,2.780048076923077,33.97,-118.04,1.775
4.2679,36.0,5.373134328358209,1.0,719.0,3.577114427860697,33.91,-118.1,1.758
4.21,45.0,5.089171974522293,1.0360934182590231,1569.0,3.3312101910828025,34.12,-118.18,1.679
5.1806,9.0,4.41635687732342,1.0346964064436184,1530.0,1.895910780669145,33.8,-118.16,1.75
3.6354,22.0,4.235294117647059,1.0349761526232115,1553.0,2.4689984101748808,34.17,-118.28,2.563
2.8202,52.0,4.330097087378641,1.1531823085221145,2070.0,2.233009708737864,37.78,-122.43,4.429
1.8375,36.0,4.7206266318537855,1.0026109660574412,807.0,2.107049608355092,40.58,-122.38,0.748
2.3077,41.0,3.396984924623116,1.085427135678392,851.0,4.276381909547739,34.02,-118.17,1.406
2.8229,52.0,3.6897590361445785,1.1159638554216869,1415.0,2.1310240963855422,37.8,-122.41,3.75
1.901,32.0,3.667779632721202,1.0400667779632722,1784.0,2.978297161936561,32.72,-117.13,1.203
3.0526,37.0,4.068459657701712,0.980440097799511,1316.0,3.21760391198044,33.9,-118.32,2.164
2.4516,36.0,3.606232294617564,1.0736543909348442,1398.0,3.960339943342776,33.99,-118.19,1.478
1.5026,10.0,3.326642335766423,1.0766423357664234,2176.0,3.970802919708029,33.75,-117.88,1.518
5.17,39.0,6.190804597701149,1.0988505747126436,1219.0,2.802298850574713,34.16,-118.52,3.354
3.2377,32.0,4.521590130226183,1.0822481151473613,3689.0,2.528444139821796,34.15,-118.01,1.841
3.5652,27.0,4.357522123893805,1.008849557522124,1278.0,2.261946902654868,37.31,-121.95,3.295
4.625,48.0,5.152631578947369,1.0157894736842106,1098.0,2.889473684210526,33.75,-118.3,2.734
3.6641,32.0,5.614886731391586,1.0711974110032365,785.0,2.540453074433657,38.53,-122.46,2.758
2.2208,15.0,7.362948960302457,1.4782608695652173,900.0,1.7013232514177694,33.68,-116.42,1.383
6.1668,9.0,7.596153846153846,1.3798076923076923,465.0,2.235576923076923,36.37,-121.66,4.058
3.5588,50.0,5.177458033573141,1.0479616306954436,1111.0,2.6642685851318944,37.78,-122.48,3.464
3.7632,30.0,4.360082304526749,1.0390946502057614,1914.0,1.969135802469136,37.31,-121.94,3.07
3.1538,19.0,4.328260869565217,1.1478260869565218,1202.0,2.6130434782608694,33.82,-117.99,2.521
3.6094,52.0,6.05625,1.0375,788.0,2.4625,37.96,-121.31,1.184
1.4937,20.0,4.570552147239264,0.9754601226993864,1474.0,4.521472392638037,36.61,-119.54,0.547
5.3785,12.0,5.843648208469055,1.007600434310532,3928.0,4.264929424538545,38.12,-122.32,1.506
7.355,11.0,7.248670212765957,0.9787234042553192,2526.0,3.359042553191489,34.29,-118.73,3.439
4.475,5.0,5.629370629370629,1.0,458.0,3.202797202797203,32.81,-115.58,0.963
3.15,27.0,6.7218045112781954,1.518796992481203,1010.0,2.531328320802005,38.92,-119.98,0.869
4.2841,30.0,5.903394255874674,1.156657963446475,929.0,2.425587467362924,37.68,-122.15,2.134
4.4844,31.0,5.945205479452055,0.9486301369863014,801.0,2.743150684931507,33.2,-117.22,2.055
4.0556,9.0,5.38390092879257,1.108359133126935,820.0,2.538699690402477,34.31,-118.45,1.825
6.1074,26.0,6.304093567251462,1.0077972709551657,1597.0,3.113060428849902,34.21,-118.62,2.586
3.6016,21.0,5.387755102040816,1.0770975056689345,1175.0,2.664399092970521,37.74,-121.13,1.346
3.8456,27.0,5.627170582226762,1.0817160367722165,2591.0,2.6465781409601634,34.43,-119.66,5.00001
2.9881,28.0,4.346055979643766,1.0,816.0,2.076335877862596,32.78,-117.09,1.653
3.6187,34.0,4.412474849094568,1.0321931589537223,1299.0,2.613682092555332,34.22,-118.54,2.116
3.588,32.0,5.803757828810021,0.9812108559498957,1281.0,2.674321503131524,39.43,-123.37,0.96
4.4489,16.0,5.966549295774648,1.051056338028169,1674.0,2.947183098591549,38.69,-121.27,1.456
4.1932,52.0,3.568888888888889,1.1866666666666668,628.0,2.791111111111112,34.24,-117.86,0.14999
4.7143,26.0,5.940988835725678,0.9936204146730464,1516.0,2.4178628389154704,32.78,-117.07,2.683
5.9401,34.0,6.226950354609929,0.9739952718676124,1114.0,2.6335697399527187,34.24,-118.5,3.153
3.875,11.0,9.37546468401487,2.0,616.0,2.2899628252788102,33.04,-116.61,1.981
4.3077,23.0,3.4683794466403164,1.0039525691699605,1374.0,2.7154150197628457,37.4,-122.1,2.935
3.3958,39.0,5.006211180124224,1.062111801242236,912.0,2.8322981366459627,37.77,-122.17,1.419
2.9125,21.0,5.240963855421687,1.1566265060240963,219.0,2.63855421686747,37.76,-120.83,1.125
1.6991,17.0,6.3740648379052365,1.4638403990024935,1005.0,2.506234413965087,34.89,-114.65,0.691
7.8383,28.0,6.559380378657487,1.0068846815834769,1795.0,3.089500860585198,37.31,-122.0,3.727
11.6677,37.0,7.605633802816901,0.9507042253521126,366.0,2.5774647887323945,33.75,-118.32,5.00001
3.6863,39.0,5.056661562021439,1.047473200612557,1574.0,2.4104134762633995,37.96,-122.51,2.638
3.3558,27.0,5.461103253182461,1.0155586987270155,2085.0,2.949080622347949,37.99,-121.71,1.297
5.5469,22.0,4.7967032967032965,0.9972527472527472,886.0,2.434065934065934,36.54,-121.82,3.788
7.1069,16.0,7.683636363636364,1.044848484848485,3132.0,3.796363636363637,33.71,-117.79,3.134
5.0201,31.0,5.042553191489362,0.9382978723404256,1524.0,3.2425531914893617,37.71,-122.44,2.641
2.964,14.0,3.592592592592593,1.1206349206349209,2258.0,2.389417989417989,37.67,-122.48,3.197
6.075,19.0,7.848722986247544,1.088408644400786,1523.0,2.9921414538310414,34.13,-117.66,2.541
3.5518,24.0,4.863275039745628,1.1589825119236885,2064.0,3.2813990461049283,33.83,-118.26,1.846
6.2935,26.0,7.49831081081081,1.0405405405405406,1881.0,3.177364864864865,34.21,-118.87,2.58
3.7963,22.0,5.134615384615385,1.092032967032967,1476.0,2.027472527472528,32.82,-117.22,3.031
6.0368,22.0,6.611336032388664,1.0708502024291495,1595.0,3.228744939271256,34.29,-118.72,2.48
5.5,28.0,4.509803921568627,1.1061130334486735,1763.0,2.033448673587082,34.06,-118.44,5.00001
4.8311,7.0,6.365102639296188,1.0498533724340176,1978.0,2.900293255131965,38.91,-120.97,1.722
2.681,28.0,3.988294314381271,1.1103678929765886,3201.0,2.6764214046822743,33.95,-118.35,1.477
2.4567,43.0,5.006578947368421,1.0723684210526316,1456.0,2.394736842105264,35.62,-120.69,1.4
4.5625,42.0,6.962962962962963,1.1851851851851851,220.0,2.716049382716049,34.17,-118.85,3.188
4.9662,36.0,6.062597809076682,1.02660406885759,1826.0,2.857589984350548,37.25,-121.92,2.585
3.8529,31.0,5.652777777777778,1.0638888888888889,866.0,2.4055555555555554,32.82,-117.21,2.12
3.9688,52.0,5.167173252279635,0.9635258358662614,996.0,3.027355623100304,34.18,-118.14,1.75
2.5417,43.0,4.186385737439222,1.0259319286871962,1544.0,2.502431118314425,34.15,-118.0,1.783
2.6477,32.0,5.885964912280702,1.456140350877193,856.0,7.508771929824562,35.13,-117.28,0.533
2.8072,23.0,4.1120401337792645,1.1521739130434785,2720.0,4.548494983277592,33.83,-117.9,1.647
10.8634,20.0,5.903448275862069,0.8551724137931035,395.0,2.7241379310344827,34.03,-117.19,3.818
2.75,39.0,4.109489051094891,1.0072992700729928,682.0,4.978102189781022,34.04,-118.17,1.5
2.774,38.0,4.809523809523809,0.981859410430839,1547.0,3.507936507936508,35.39,-118.97,0.595
2.8042,35.0,3.895017793594306,1.0800711743772242,1193.0,2.122775800711744,37.34,-121.91,2.409
2.3317,29.0,3.031123139377537,1.0717185385656292,2254.0,3.050067658998646,34.09,-118.29,1.725
2.0,10.0,3.911392405063291,1.0717299578059072,2855.0,3.011603375527426,33.79,-118.29,1.654
4.2198,20.0,5.884720327421555,1.034106412005457,4071.0,2.776944065484311,38.56,-121.71,1.641
3.1662,7.0,4.866192170818505,1.008540925266904,3468.0,2.468327402135232,38.48,-122.79,1.91
1.9602,38.0,4.3720136518771335,1.0136518771331058,1423.0,4.856655290102389,36.53,-119.38,0.514
5.049,52.0,6.382470119521912,1.0557768924302788,667.0,2.6573705179282867,34.18,-118.29,3.235
1.5603,52.0,3.55421686746988,1.1475903614457832,1046.0,3.1506024096385543,33.78,-118.18,1.625
4.125,29.0,5.373313343328336,1.0674662668665666,1619.0,2.427286356821589,33.01,-117.32,3.944
13.5728,36.0,8.321022727272727,1.0397727272727273,1054.0,2.9943181818181817,34.07,-118.49,5.00001
3.0992,9.0,4.342857142857143,1.0654761904761905,3293.0,3.920238095238095,32.56,-117.07,1.426
5.2662,16.0,5.869337979094077,0.926829268292683,1770.0,3.083623693379791,37.31,-120.44,1.262
1.7961,52.0,3.5789473684210527,1.2982456140350878,248.0,4.350877192982456,32.67,-117.11,0.475
5.5385,43.0,6.972093023255814,1.0930232558139534,970.0,2.255813953488372,37.93,-122.54,4.318
2.7708,34.0,4.345549738219895,1.0785340314136125,1678.0,4.392670157068062,34.09,-118.21,1.482
3.0608,22.0,4.750515463917526,1.0398625429553263,3794.0,2.6075601374570447,36.68,-121.79,1.683
2.1845,36.0,4.8121546961325965,1.1104972375690607,2862.0,15.812154696132596,34.06,-118.17,1.238
3.0068,23.0,5.230635335073977,0.9712793733681462,2710.0,2.358572671888598,39.76,-121.82,1.073
4.125,6.0,7.214285714285714,1.0357142857142858,75.0,2.6785714285714284,33.82,-117.54,2.167
3.5083,52.0,4.047835990888383,1.0341685649202734,671.0,1.5284738041002277,34.08,-118.33,5.00001
4.5329,46.0,4.872549019607843,0.931372549019608,841.0,2.7483660130718954,37.76,-122.5,2.788
1.5758,11.0,4.789346246973365,1.1138014527845037,2756.0,2.2243744955609364,34.41,-117.29,1.083
9.8937,29.0,7.966029723991507,0.9936305732484076,1320.0,2.8025477707006368,37.28,-122.03,5.00001
4.1369,34.0,6.25,1.0911458333333333,1017.0,2.6484375,37.36,-122.05,3.169
2.5859,17.0,4.814634146341463,1.0308943089430895,1911.0,3.107317073170732,32.57,-117.07,1.314
3.625,52.0,2.2222222222222223,0.4444444444444444,74.0,8.222222222222221,38.51,-121.47,0.8
5.6392,18.0,5.951644100580271,1.0348162475822051,3010.0,2.9110251450676983,34.26,-118.6,2.715
1.1458,48.0,3.2470238095238093,1.199404761904762,926.0,2.755952380952381,38.55,-121.47,0.654
4.7319,35.0,4.926666666666667,0.9933333333333332,1000.0,2.2222222222222223,33.93,-118.4,3.761
4.0417,5.0,7.64021164021164,1.530864197530864,1420.0,2.504409171075838,33.98,-116.5,1.464
3.8269,29.0,5.767543859649122,1.0526315789473684,650.0,2.8508771929824563,38.25,-122.68,3.06
2.7432,35.0,4.695652173913044,1.1123188405797102,1423.0,5.155797101449275,34.05,-118.19,1.352
5.4609,23.0,6.165837479270315,1.102819237147595,4076.0,2.2531785516860143,34.16,-118.51,5.00001
4.4637,31.0,5.88735632183908,0.9517241379310344,1204.0,2.767816091954023,34.11,-117.62,1.928
4.6708,17.0,6.071672354948806,0.9965870307167236,1006.0,3.433447098976109,34.02,-117.32,1.231
2.3464,30.0,4.141618497109826,1.1473988439306355,1110.0,3.208092485549133,34.08,-118.14,1.917
4.2891,13.0,5.906976744186046,1.0116279069767442,1038.0,3.0174418604651163,34.41,-117.32,1.201
3.2279,34.0,5.191335740072202,1.0565583634175693,2361.0,2.84115523465704,34.44,-119.29,2.431
5.112,29.0,6.3352826510721245,1.0155945419103314,1382.0,2.6939571150097468,34.06,-117.91,2.183
6.3955,25.0,7.367595818815331,1.0470383275261324,1634.0,2.846689895470383,32.85,-117.23,3.167
8.4045,7.0,7.63523372061605,1.044042150770062,12203.0,3.2972169683869224,37.53,-121.92,4.511
3.3456,11.0,3.895022624434389,1.1266968325791855,1960.0,1.7737556561085972,32.75,-117.23,1.598
3.1635,34.0,5.767650834403081,1.0757381258023109,2335.0,2.9974326059050065,34.52,-117.3,0.743
3.5865,52.0,3.731034482758621,1.0827586206896551,240.0,1.6551724137931034,36.62,-121.91,2.9
3.3802,17.0,5.756559766763848,1.0451895043731778,1683.0,2.4533527696793005,38.86,-121.12,2.165
1.4896,17.0,7.028436018957346,1.3459715639810426,481.0,2.279620853080569,39.55,-121.19,0.833
2.0968,23.0,2.853881278538813,1.0806697108066972,2555.0,3.888888888888889,34.19,-118.39,1.625
5.0929,41.0,5.63265306122449,1.0,495.0,2.5255102040816326,34.19,-118.47,2.25
3.6298,19.0,5.558320373250389,1.0404354587869362,1373.0,2.135303265940902,38.64,-121.28,2.421
3.0417,25.0,3.953405017921147,1.077658303464755,2299.0,2.746714456391876,33.9,-118.35,2.37
2.6023,26.0,13.985507246376812,2.833333333333333,307.0,2.2246376811594204,39.26,-120.01,1.393
4.5147,34.0,6.322222222222222,1.1388888888888888,541.0,3.0055555555555555,38.39,-122.87,2.714
2.3421,48.0,3.425531914893617,1.0468085106382978,633.0,2.693617021276596,34.1,-118.28,2.0
4.1679,41.0,6.617486338797814,1.371584699453552,915.0,2.5,37.05,-122.05,2.013
3.5333,10.0,5.154434250764526,1.0168195718654434,1823.0,2.787461773700306,38.14,-121.26,1.168
3.0132,44.0,4.90566037735849,1.0943396226415094,392.0,3.69811320754717,33.93,-118.36,2.025
3.1429,20.0,15.015151515151516,2.712121212121212,308.0,2.333333333333333,38.26,-122.96,2.409
6.9501,5.0,5.880886426592798,0.9542936288088644,1933.0,2.677285318559557,33.66,-117.69,2.257
4.9375,12.0,5.974921630094044,1.1003134796238243,802.0,2.5141065830721003,37.69,-121.82,2.277
9.3694,51.0,8.300970873786408,1.0744336569579287,870.0,2.8155339805825244,37.55,-122.33,5.00001
2.6964,14.0,4.718693284936479,1.015426497277677,3221.0,2.922867513611615,37.65,-120.95,1.07
3.7708,42.0,5.829568788501026,1.0595482546201231,1203.0,2.470225872689938,35.39,-119.0,0.794
5.8336,36.0,7.46,0.96,414.0,2.76,38.6,-121.37,2.833
7.2779,16.0,5.351851851851852,0.9166666666666666,455.0,2.1064814814814814,37.35,-122.03,2.929
3.4583,52.0,5.211904761904762,1.0309523809523808,1147.0,2.730952380952381,37.74,-122.49,3.213
2.4,13.0,5.246882793017456,1.0149625935162094,960.0,2.3940149625935163,37.95,-120.35,1.77
6.7105,32.0,5.421052631578948,1.015479876160991,819.0,2.5356037151702786,33.84,-118.37,3.39
5.2366,43.0,6.116,1.244,570.0,2.28,37.16,-121.9,2.933
2.375,36.0,2.333333333333333,0.7777777777777778,21.0,2.333333333333333,34.03,-118.06,1.75
8.1064,40.0,6.446376811594203,1.0260869565217392,929.0,2.692753623188406,37.37,-122.1,5.00001
5.1478,17.0,5.103448275862069,0.9540229885057472,357.0,4.103448275862069,32.57,-117.09,1.389
6.5891,17.0,7.254464285714286,1.0669642857142858,703.0,3.138392857142857,38.29,-122.15,3.288
1.5933,37.0,3.998330550918197,1.0467445742904842,2489.0,4.155258764607679,32.69,-117.11,0.863
3.119,34.0,4.130890052356021,1.0471204188481675,1041.0,5.450261780104712,33.91,-118.23,0.903
6.8758,26.0,6.991228070175438,1.0263157894736843,383.0,3.3596491228070176,34.0,-117.84,2.538
2.2344,52.0,4.337539432176656,1.4416403785488958,1089.0,3.435331230283912,33.77,-118.2,2.0
2.1411,10.0,10.529500756429652,2.249621785173979,1130.0,1.7095310136157338,33.79,-116.46,1.364
3.2083,43.0,5.038363171355499,0.969309462915601,1036.0,2.649616368286445,34.07,-117.64,1.228
1.2455,41.0,4.065217391304348,1.0869565217391304,1805.0,3.567193675889328,33.95,-118.3,1.008
7.7068,35.0,7.126984126984127,1.0952380952380951,548.0,2.8994708994708995,37.35,-122.08,5.00001
5.5118,48.0,5.799256505576208,1.0408921933085502,825.0,3.066914498141264,34.17,-118.27,3.547
3.6602,18.0,5.455840455840455,1.0683760683760684,2767.0,3.9415954415954415,34.08,-117.46,1.207
5.5545,16.0,6.2075,1.1075,1357.0,3.3925,33.57,-117.66,2.142
2.2813,29.0,3.446397188049209,0.9929701230228472,1002.0,1.7609841827768014,32.75,-117.14,1.181
4.2917,5.0,4.890982503364738,0.9663526244952894,1317.0,1.7725437415881562,34.19,-119.0,2.279
4.7344,29.0,6.444155844155844,0.9948051948051948,1188.0,3.085714285714286,34.04,-117.31,1.346
3.4,27.0,5.049459041731066,1.17774343122102,2099.0,3.244204018547141,33.9,-118.3,2.241
3.4702,25.0,4.593333333333334,1.068,2400.0,3.2,33.93,-117.95,1.619
3.6348,17.0,5.666666666666667,1.0582706766917294,5030.0,3.1516290726817044,33.05,-116.86,1.645
2.7269,37.0,5.89453125,1.068359375,1720.0,3.359375,33.91,-118.27,1.241
6.8407,25.0,7.111553784860558,0.9880478087649402,750.0,2.98804780876494,33.83,-117.88,2.667
8.6155,17.0,7.527272727272727,1.010909090909091,797.0,2.898181818181818,37.36,-122.0,4.112
5.5133,37.0,4.593220338983051,0.8898305084745762,355.0,3.0084745762711864,33.9,-118.34,2.273
4.9318,6.0,5.7944078947368425,1.0921052631578947,1705.0,2.804276315789474,37.7,-122.44,2.581
3.2642,31.0,4.397260273972603,1.1213307240704502,1711.0,3.348336594911937,37.46,-122.13,1.856
4.1125,30.0,4.038759689922481,0.9767441860465116,306.0,2.372093023255814,34.19,-118.4,2.167
6.1668,9.0,7.596153846153846,1.3798076923076923,465.0,2.235576923076923,36.37,-121.66,4.058
2.1905,17.0,4.7973856209150325,1.0212418300653594,5034.0,4.112745098039215,36.71,-119.74,0.618
6.1008,37.0,7.157439446366782,1.1003460207612457,1569.0,2.7145328719723185,37.39,-121.82,2.862
6.0622,10.0,10.095238095238097,1.809523809523809,78.0,3.7142857142857135,37.18,-122.03,3.9
4.9519,31.0,5.896049896049896,1.0187110187110189,1138.0,2.365904365904366,37.4,-122.11,5.00001
2.4233,5.0,4.361111111111111,0.8888888888888888,880.0,3.055555555555556,33.69,-117.81,4.5
4.2212,45.0,5.148148148148148,1.0407407407407407,538.0,1.9925925925925927,34.16,-118.35,2.938
6.1175,16.0,7.567282321899736,0.992084432717678,1016.0,2.6807387862796834,36.83,-119.82,1.447
5.6306,5.0,5.958393113342898,1.0315638450502151,2435.0,3.493543758967001,37.33,-121.76,2.862
3.8105,52.0,6.098765432098766,1.0534979423868314,1114.0,2.292181069958848,36.77,-119.8,0.876
2.9583,23.0,7.121951219512195,1.3658536585365857,92.0,2.2439024390243905,38.9,-122.6,0.917
2.4097,19.0,4.950704225352113,1.0023474178403755,1742.0,4.089201877934272,37.92,-121.25,0.66
4.0893,31.0,3.6457800511508953,1.0281329923273657,1410.0,1.80306905370844,34.01,-118.48,3.815
5.1099,26.0,5.7664092664092665,1.0405405405405406,1931.0,3.727799227799228,37.37,-121.81,2.131
1.8929,38.0,3.68936170212766,1.0340425531914894,950.0,4.042553191489362,33.98,-118.2,1.631
4.2045,16.0,7.266129032258065,1.1155913978494625,1106.0,2.9731182795698925,36.52,-119.54,1.209
6.3131,17.0,5.293948126801153,1.1873198847262247,1364.0,1.9654178674351583,37.33,-122.05,4.364
3.375,37.0,4.054245283018868,1.0047169811320755,1266.0,2.9858490566037736,33.89,-118.36,2.28
3.402,35.0,4.945714285714286,1.1628571428571428,1902.0,2.717142857142857,33.82,-118.31,2.799
2.6875,45.0,4.212765957446808,1.0797872340425532,872.0,4.638297872340425,34.02,-118.21,1.297
2.1793,36.0,2.882,1.068,1809.0,3.618,34.11,-118.2,1.857
2.6098,52.0,4.5989010989010985,1.075091575091575,1660.0,3.04029304029304,34.02,-118.32,1.271
8.248,29.0,7.072727272727272,0.9781818181818182,826.0,3.0036363636363634,37.33,-122.06,4.988
5.0804,22.0,5.596923076923077,1.106153846153846,1329.0,2.0446153846153847,37.38,-122.11,5.00001
6.5195,35.0,6.364516129032258,1.1209677419354838,1361.0,2.195161290322581,34.11,-118.36,5.00001
3.2813,28.0,5.144846796657381,1.0055710306406684,1999.0,2.784122562674095,34.1,-117.91,1.811
2.1542,27.0,3.182142857142857,1.0,1785.0,3.1875,32.66,-117.1,1.063
3.5462,19.0,5.226640159045726,0.9821073558648112,1444.0,2.8707753479125246,33.14,-117.08,1.568
2.1542,31.0,2.348993288590604,1.0033557046979866,1272.0,4.268456375838926,34.04,-118.29,1.281
4.7143,46.0,5.882845188284519,0.9832635983263598,771.0,3.225941422594142,37.72,-122.45,2.193
5.2015,37.0,6.194915254237288,1.0296610169491525,600.0,2.542372881355932,33.95,-118.14,3.02
5.1097,29.0,5.55510752688172,1.0349462365591398,1691.0,2.2728494623655915,37.9,-122.08,2.88
2.3844,13.0,5.333333333333333,1.0207156308851224,1065.0,2.005649717514124,33.22,-117.28,0.986
3.375,36.0,5.162162162162162,1.135135135135135,208.0,5.621621621621622,33.71,-117.86,1.575
2.2687,34.0,3.642857142857143,1.1387755102040815,804.0,1.6408163265306122,32.75,-117.16,2.0
3.2391,29.0,5.9688888888888885,0.9911111111111112,751.0,3.3377777777777777,37.7,-121.14,1.875
4.325,31.0,4.688186813186813,1.0494505494505495,2326.0,3.1950549450549453,33.85,-117.9,1.871
3.0321,21.0,4.731082654249127,1.0139697322467986,1847.0,2.150174621653085,38.92,-121.1,1.355
3.2219,31.0,4.825958702064897,1.12094395280236,1468.0,4.330383480825959,36.51,-121.44,1.147
3.3617,15.0,4.1923076923076925,1.043956043956044,2097.0,2.880494505494505,37.58,-122.02,1.781
3.6875,13.0,4.049166666666666,1.0775,3351.0,2.7925,34.2,-118.4,2.119
5.0384,35.0,6.228070175438597,1.0292397660818713,574.0,3.3567251461988303,33.89,-118.0,2.008
2.85,38.0,3.793478260869565,0.9934782608695653,1547.0,3.3630434782608694,34.09,-118.14,2.19
2.3152,10.0,3.4055944055944054,1.1048951048951048,631.0,2.2062937062937062,37.97,-122.04,1.406
2.3236,21.0,3.6583990980834273,1.0811724915445322,3528.0,3.9774520856820734,34.07,-118.02,1.563
7.5794,37.0,6.8773946360153255,1.091954022988506,791.0,3.0306513409961684,37.35,-122.09,5.00001
2.0577,12.0,6.372727272727273,1.181818181818182,434.0,3.945454545454545,33.79,-116.89,0.567
4.745,28.0,6.313932980599647,1.0776014109347445,1634.0,2.8818342151675487,38.46,-122.81,2.486
4.4871,2.0,6.690700104493208,1.1661442006269591,3327.0,3.476489028213166,38.01,-121.29,1.379
0.9,52.0,2.237474262182567,1.0535346602608098,3260.0,2.237474262182567,37.8,-122.41,5.00001
4.2009,6.0,5.723880597014926,1.0242537313432836,985.0,1.837686567164179,33.63,-117.63,2.38
3.1094,14.0,5.869565217391305,1.0942028985507246,302.0,2.188405797101449,39.26,-121.0,1.361
2.6217,36.0,3.792091836734694,1.0293367346938775,2846.0,3.630102040816327,34.16,-118.14,1.563
5.3649,32.0,6.399239543726236,1.038022813688213,719.0,2.7338403041825097,33.88,-117.92,2.436
9.3399,36.0,8.251336898395722,1.1443850267379678,474.0,2.53475935828877,33.88,-118.4,5.00001
2.1375,23.0,3.276371308016877,1.0928270042194093,1988.0,4.194092827004219,33.76,-117.98,1.5
2.9286,20.0,4.507142857142857,1.2178571428571427,1819.0,3.248214285714285,32.56,-117.12,2.577
2.3681,39.0,3.922459893048128,1.018716577540107,1404.0,3.7540106951871657,34.43,-119.67,2.414
3.5192,24.0,5.909706546275395,1.0948081264108351,726.0,1.6388261851015802,33.01,-117.06,1.591
4.1179,4.0,6.42707240293809,1.1154249737670514,3077.0,3.228751311647429,38.26,-121.32,1.346
2.5737,30.0,4.685328185328185,0.9305019305019304,1375.0,2.6544401544401546,36.77,-119.74,0.769
6.6455,16.0,7.1695652173913045,0.991304347826087,769.0,3.343478260869565,37.31,-121.77,3.026
2.625,11.0,5.873809523809523,1.105952380952381,2508.0,2.9857142857142858,33.76,-117.16,1.554
2.6979,19.0,4.901015228426396,1.2918781725888324,855.0,2.17005076142132,33.18,-117.37,2.667
1.5594,52.0,2.8368794326241136,1.1099290780141844,1337.0,4.74113475177305,32.71,-117.14,0.875
2.5536,37.0,4.344086021505376,1.125448028673835,1403.0,5.028673835125448,33.97,-118.24,1.172
3.4896,17.0,6.084507042253521,0.954225352112676,897.0,3.158450704225352,38.24,-122.61,1.859
1.3867,30.0,2.6240740740740742,1.0907407407407408,1615.0,2.990740740740741,34.05,-118.29,1.938
2.5,29.0,6.333333333333333,1.1056910569105691,364.0,2.959349593495935,41.12,-120.96,0.592
5.9596,43.0,4.70945945945946,1.0844594594594594,552.0,1.864864864864865,33.9,-118.42,5.00001
3.5,49.0,4.780793319415449,1.0062630480167014,1201.0,2.5073068893528183,39.44,-123.79,1.133
2.32,7.0,3.939873417721519,1.0651898734177214,5410.0,3.4240506329113924,33.15,-117.18,1.175
2.8095,30.0,4.061633281972265,1.00462249614792,3412.0,5.257318952234207,33.82,-118.08,1.183
3.3306,15.0,3.912751677852349,1.018216682646213,8793.0,4.215244487056568,37.37,-121.86,2.103
2.7562,18.0,4.873479318734793,0.9683698296836984,1333.0,3.24330900243309,37.44,-120.76,0.905
4.0345,25.0,5.466124661246613,0.967479674796748,1063.0,2.880758807588076,33.7,-117.99,2.294
5.3226,18.0,5.567741935483871,0.8903225806451613,1186.0,3.825806451612903,37.6,-122.06,2.317
5.4386,33.0,6.178343949044586,1.0414012738853504,877.0,2.7929936305732483,37.28,-121.96,2.804
7.642,23.0,7.232981783317354,0.9884947267497604,3221.0,3.0882070949185043,34.19,-118.66,3.749
6.1112,2.0,7.153277931671283,1.046168051708218,3481.0,3.214219759926132,38.34,-121.92,1.81
4.2762,36.0,6.017291066282421,1.031700288184438,772.0,2.2247838616714697,37.3,-121.92,3.101
6.3639,10.0,6.658385093167702,1.0890269151138716,1539.0,3.186335403726708,35.41,-118.94,1.43
1.5064,42.0,4.3858615611192935,1.0220913107511045,1879.0,2.767304860088365,39.72,-121.82,0.663
1.4015,35.0,4.098591549295775,0.9753521126760564,992.0,3.492957746478873,35.35,-119.0,0.487
5.0025,32.0,5.93211009174312,1.0146788990825688,1678.0,3.078899082568807,34.2,-118.62,2.349
1.55,36.0,3.1495016611295683,1.0066445182724253,1042.0,3.461794019933554,33.79,-118.17,1.0
3.4539,43.0,4.561068702290076,0.9770992366412212,1251.0,4.774809160305344,33.92,-118.22,1.25
2.6951,44.0,3.90896159317212,1.0170697012802277,2962.0,4.213371266002845,33.97,-118.23,1.693
4.2137,34.0,4.917710196779964,0.964221824686941,2330.0,4.168157423971378,34.17,-119.17,1.856
2.246,6.0,2.647787610619469,1.056637168141593,3800.0,3.3628318584070795,33.76,-117.87,1.833
4.1786,42.0,4.611494252873563,0.9540229885057472,1230.0,2.827586206896552,37.74,-122.54,2.711
6.1463,6.0,7.181262729124236,1.1384928716904277,1378.0,2.806517311608961,37.3,-121.76,3.355
2.3542,40.0,3.850427350427352,1.0598290598290598,2096.0,4.478632478632479,33.9,-118.22,0.979
2.4559,28.0,4.681528662420382,1.070063694267516,811.0,2.582802547770701,40.89,-124.01,0.756
4.4167,28.0,6.284069097888676,1.0959692898272553,1424.0,2.7332053742802302,34.19,-118.64,2.473
3.9375,46.0,4.611607142857143,1.0044642857142858,1275.0,2.845982142857143,33.87,-117.94,1.87
3.407,33.0,4.401854714064915,0.990726429675425,2319.0,3.5842349304482224,33.89,-118.15,1.908
3.2929,27.0,5.068711656441717,1.087116564417178,2002.0,2.456441717791411,36.71,-121.66,1.575
2.4937,31.0,5.278026905829597,0.9910313901345292,744.0,3.336322869955157,36.65,-120.25,0.66
3.0087,19.0,4.3125,0.98,920.0,2.3,33.84,-117.86,1.594
4.6534,24.0,6.596685082872928,0.988950276243094,1187.0,3.2790055248618786,38.25,-122.62,1.965
4.9904,36.0,6.004366812227074,1.0633187772925763,1386.0,3.0262008733624453,33.86,-118.11,2.217
2.7054,52.0,5.741214057507987,1.060702875399361,905.0,2.891373801916933,33.99,-117.38,1.417
3.0278,26.0,5.803347280334728,1.1589958158995817,664.0,2.778242677824268,34.07,-117.39,0.968
1.1635,39.0,3.7808988764044944,1.0674157303370786,1520.0,4.269662921348314,33.97,-118.25,1.087
3.5227,8.0,6.779245283018868,1.2433962264150944,1710.0,3.2264150943396226,38.48,-121.46,0.931
7.7261,32.0,7.06831119544592,1.079696394686907,1304.0,2.47438330170778,34.47,-119.7,5.00001
3.4844,28.0,5.18018018018018,0.9436936936936936,1312.0,2.954954954954955,34.08,-117.42,1.277
3.9227,33.0,5.949593495934959,0.959349593495935,1773.0,2.8829268292682926,34.08,-117.66,1.572
3.65,22.0,5.531481481481482,1.0425925925925923,1420.0,2.6296296296296298,37.96,-121.98,2.041
1.8723,46.0,5.044943820224719,1.0561797752808988,854.0,3.198501872659176,36.73,-119.76,0.526
3.8185,27.0,5.326359832635983,0.9400278940027894,2447.0,3.4128312412831243,33.14,-117.06,1.372
4.7094,14.0,5.2707296849087895,1.060530679933665,4741.0,1.9655887230514093,37.92,-122.05,2.347
6.1281,5.0,6.6125,1.0892241379310346,7270.0,3.1336206896551726,34.46,-118.52,2.362
4.125,35.0,6.317204301075269,1.0268817204301075,568.0,3.053763440860215,33.85,-117.96,1.892
3.1417,15.0,4.658823529411765,1.0549019607843138,1197.0,2.347058823529412,36.8,-119.73,0.746
4.8185,26.0,5.96,0.9625,1323.0,3.3075,34.85,-120.4,1.579
1.9773,21.0,5.841509433962264,1.0943396226415094,744.0,2.807547169811321,40.07,-122.19,0.55
2.2982,45.0,5.5,1.06,1980.0,3.6,32.74,-117.21,0.875
3.3269,52.0,4.61003861003861,1.079150579150579,1121.0,2.164092664092664,37.77,-122.27,2.345
3.0833,25.0,4.2729468599033815,1.0628019323671498,1371.0,3.3115942028985508,33.89,-118.35,2.327
2.5221,7.0,5.098591549295775,1.087323943661972,931.0,2.6225352112676057,33.74,-117.22,1.092
4.75,20.0,6.1,1.0369565217391303,1369.0,2.976086956521739,38.47,-122.66,1.905
2.4777,34.0,5.092503987240829,1.059011164274322,1434.0,2.287081339712919,34.44,-119.23,2.603
1.5594,52.0,2.8368794326241136,1.1099290780141844,1337.0,4.74113475177305,32.71,-117.14,0.875
1.3221,30.0,5.383529411764706,1.1152941176470588,1435.0,3.376470588235294,36.81,-119.88,0.612
2.9926,25.0,4.634490238611714,1.0466377440347072,2946.0,3.195227765726681,33.74,-117.91,1.832
2.4667,21.0,5.118421052631579,1.0328947368421053,1140.0,3.75,37.93,-121.31,0.814
2.1524,36.0,3.653120464441219,1.2220609579100146,2446.0,3.550072568940493,34.09,-118.31,1.875
2.8235,32.0,5.101321585903084,1.0748898678414096,598.0,2.6343612334801763,39.03,-121.37,0.655
3.0057,35.0,4.095307917888563,1.0058651026392962,2255.0,3.306451612903226,33.79,-118.3,2.353
6.6085,27.0,6.410891089108911,1.0907590759075907,1537.0,2.536303630363036,37.37,-122.05,3.447
4.6029,15.0,6.134020618556701,0.9922680412371134,1292.0,3.329896907216495,37.99,-121.84,1.426
3.6389,36.0,5.584615384615384,1.1153846153846154,490.0,3.769230769230769,33.91,-118.1,1.676
5.137,16.0,4.67296786389414,1.0812854442344046,965.0,1.8241965973534973,33.84,-118.39,3.486
6.632,27.0,5.879218472468916,1.0621669626998225,1402.0,2.4902309058614565,33.65,-117.9,4.411
2.3098,39.0,3.782407407407408,1.001543209876543,2536.0,3.91358024691358,34.07,-118.04,1.731
6.5829,52.0,5.554216867469879,0.9116465863453816,551.0,2.21285140562249,37.43,-122.14,5.00001
3.8529,17.0,4.916967509025271,1.023465703971119,2213.0,3.9945848375451263,32.58,-117.06,1.477
3.636,9.0,5.994983277591973,1.137123745819398,1800.0,3.0100334448160537,38.11,-120.91,1.331
3.5161,24.0,4.501440922190202,1.2708933717579252,696.0,2.005763688760807,33.63,-117.92,2.364
4.0433,16.0,5.7421875,1.01953125,748.0,2.921875,38.34,-121.99,1.322
1.6602,31.0,3.95260663507109,1.085308056872038,616.0,2.919431279620853,36.62,-119.68,0.612
3.4907,34.0,4.901719901719901,1.0245700245700249,1573.0,3.864864864864865,33.92,-118.04,1.535
2.3882,43.0,3.5902255639097747,1.0676691729323309,585.0,2.199248120300752,37.77,-122.24,1.625
3.6905,21.0,4.058917197452229,1.036624203821656,1624.0,2.5859872611464967,34.2,-118.55,1.798
3.4107,13.0,5.15625,1.125,822.0,12.84375,32.75,-115.5,1.425
5.5959,30.0,5.78239608801956,1.019559902200489,1053.0,2.574572127139364,34.41,-119.74,3.462
3.5943,14.0,5.001473839351511,1.0714812085482683,3416.0,2.5173176123802508,36.99,-121.98,2.624
5.3259,16.0,5.466666666666667,1.0888888888888888,886.0,3.2814814814814817,33.69,-117.99,2.164
2.1591,32.0,3.737903225806452,1.0080645161290325,970.0,3.911290322580645,33.97,-118.15,1.815
4.075,49.0,5.361305361305361,1.0792540792540792,1061.0,2.473193473193473,38.23,-122.64,2.288
4.3009,14.0,5.847244094488189,1.003149606299213,1845.0,2.905511811023622,38.71,-121.25,1.434
3.5714,48.0,5.94392523364486,1.031152647975078,789.0,2.457943925233645,35.4,-118.99,0.846
1.8942,45.0,4.861111111111111,0.9166666666666666,225.0,3.125,38.17,-122.23,2.167
5.02,26.0,6.672727272727273,1.010909090909091,1616.0,2.938181818181818,38.66,-121.25,1.696
2.7014,33.0,4.076576576576577,0.9234234234234234,989.0,4.454954954954955,32.6,-117.06,1.082
2.9899,52.0,5.0774818401937045,1.0750605326876512,915.0,2.2154963680387407,37.77,-122.26,2.281
5.0866,45.0,5.710407239819005,1.009049773755656,637.0,2.8823529411764706,34.03,-118.42,4.273
1.9476,14.0,5.323741007194244,1.079136690647482,1171.0,1.6848920863309351,33.73,-117.02,1.125
3.65,10.0,5.502092050209205,1.0603705917513448,5935.0,3.547519426180514,37.82,-121.28,1.194
2.325,35.0,3.163265306122449,1.0426716141001855,2212.0,4.103896103896104,33.98,-118.21,1.615
3.337,35.0,5.320537428023033,1.0307101727447217,1392.0,2.671785028790787,32.82,-117.2,1.723
6.2583,37.0,4.959501557632398,0.9595015576323987,783.0,2.439252336448598,34.02,-118.44,3.86
1.0278,15.0,3.6932515337423313,1.0,543.0,1.665644171779141,32.76,-117.02,1.542
5.5184,35.0,5.624624624624625,1.054054054054054,945.0,2.8378378378378377,37.56,-122.3,2.748
2.6103,2.0,7.30859375,1.59765625,707.0,2.76171875,37.52,-120.88,1.336
4.3783,16.0,6.028612303290415,1.0643776824034334,1820.0,2.603719599427754,32.83,-117.1,1.795
3.7727,22.0,4.805602716468591,1.0263157894736843,5389.0,4.574702886247878,34.1,-117.98,1.597
1.625,52.0,3.4285714285714284,0.8571428571428571,46.0,6.571428571428571,34.06,-117.75,0.675
1.6033,44.0,4.951289398280802,1.0515759312320916,1042.0,2.98567335243553,38.64,-121.42,0.585
2.2562,39.0,5.007448789571694,1.111731843575419,1888.0,3.515828677839851,37.77,-122.2,0.948
4.1181,36.0,4.8753709198813056,1.0356083086053411,1414.0,4.195845697329377,34.23,-118.4,1.727
3.5912,52.0,4.657407407407407,1.0666666666666669,1209.0,2.238888888888889,37.75,-122.41,2.849
10.0973,25.0,7.307420494699647,1.0,3392.0,2.9964664310954063,33.74,-118.35,5.00001
4.2621,4.0,3.534942820838628,1.0381194409148666,1309.0,1.6632782719186785,32.78,-117.12,1.242
4.625,36.0,5.479591836734694,0.9591836734693876,496.0,2.53061224489796,33.84,-118.11,2.174
5.2203,18.0,7.191780821917808,1.0502283105022832,751.0,3.429223744292237,36.81,-121.6,2.865
2.2544,24.0,3.9936974789915967,1.0294117647058822,1334.0,2.802521008403361,32.6,-117.08,1.219
4.4609,15.0,6.129496402877698,1.1079136690647482,2007.0,2.887769784172662,34.12,-117.77,2.3
2.1442,35.0,3.4133858267716537,0.970472440944882,2053.0,4.041338582677166,34.02,-118.16,1.492
7.0546,16.0,7.425925925925926,0.9851851851851852,827.0,3.062962962962963,32.91,-117.09,2.822
1.9181,17.0,4.674329501915709,1.053639846743295,800.0,3.0651340996168583,40.58,-122.36,1.188
3.3988,38.0,4.558282208588957,1.1012269938650308,1345.0,4.125766871165644,33.81,-118.22,1.478
4.7853,7.0,4.383015597920277,1.194107452339688,1215.0,2.1057192374350087,34.1,-118.18,1.531
2.3233,17.0,4.6688311688311686,1.025974025974026,2760.0,3.5844155844155843,38.49,-121.47,0.788
4.4766,5.0,7.013544018058691,1.0767494356659142,1549.0,3.4966139954853275,37.79,-121.22,1.694
4.53,35.0,5.601415094339623,1.035377358490566,1343.0,3.167452830188679,33.86,-117.95,1.935
5.7248,39.0,7.679775280898877,1.1713483146067416,1782.0,2.502808988764045,36.55,-121.91,3.988
5.0863,37.0,5.7680921052631575,0.9358552631578948,1663.0,2.7351973684210527,37.48,-122.25,4.403
3.0469,32.0,5.5625,1.0,1038.0,3.816176470588236,36.56,-119.73,0.827
1.6384,42.0,3.7673860911270975,1.0431654676258992,1631.0,3.911270983213429,33.79,-118.18,1.28
2.4387,34.0,2.7439903846153846,0.9723557692307692,3032.0,3.644230769230769,33.98,-118.22,1.75
2.525,46.0,3.947040498442368,1.0093457943925233,792.0,2.467289719626168,37.87,-122.29,1.659
3.8864,29.0,5.16,1.1175,1265.0,3.1625,33.85,-118.01,2.093
3.7655,26.0,4.352494577006508,1.0683297180043383,2442.0,2.648590021691974,33.82,-117.97,1.977
4.5,17.0,5.986175115207374,0.9723502304147466,825.0,3.80184331797235,37.3,-121.83,2.358
4.0,16.0,14.802197802197805,3.593406593406593,271.0,2.978021978021978,34.22,-117.09,0.875
2.7375,23.0,4.818318318318318,1.1231231231231231,1423.0,2.1366366366366365,36.99,-121.96,2.38
4.7875,7.0,7.365044247787611,1.1150442477876106,1462.0,3.234513274336283,34.66,-120.45,1.983
1.3523,18.0,5.883116883116883,1.5194805194805194,152.0,1.974025974025974,39.39,-120.74,0.857
1.7805,32.0,4.199831365935919,1.118043844856661,3779.0,3.186340640809444,33.72,-116.23,0.769
1.6232,7.0,4.993464052287582,1.144880174291939,2049.0,2.2320261437908497,34.49,-117.32,0.934
10.7937,29.0,7.471786833855799,1.2178683385579938,1500.0,2.3510971786833856,34.07,-118.48,5.00001
2.6429,47.0,4.09375,1.0859375,790.0,2.0572916666666665,34.43,-119.71,2.792
2.975,30.0,5.2926829268292686,1.0703012912482066,2250.0,3.2281205164992826,38.4,-122.73,1.573
3.7727,27.0,4.222748815165877,1.1161137440758293,837.0,1.9834123222748816,34.01,-118.47,4.13
4.5893,52.0,6.273712737127371,1.1056910569105691,835.0,2.2628726287262872,37.89,-122.28,2.901
4.1483,25.0,5.678420310296191,1.1156558533145275,1850.0,2.609308885754584,37.95,-121.96,1.812
2.8208,33.0,4.051020408163265,1.1581632653061225,739.0,1.885204081632653,34.17,-118.38,2.385
4.0298,44.0,6.047619047619048,0.9166666666666666,791.0,2.3541666666666665,36.32,-119.31,1.09
6.629,25.0,6.154545454545454,0.8727272727272727,596.0,2.709090909090909,37.54,-121.93,3.524
1.2962,52.0,3.659090909090909,1.0909090909090908,1025.0,2.3295454545454546,37.97,-121.29,1.102
4.5625,46.0,4.845138055222089,1.027611044417767,1872.0,2.247298919567827,37.97,-122.59,2.752
2.3194,20.0,5.778145695364239,1.152317880794702,1093.0,3.619205298013245,36.77,-120.21,0.906
4.0517,36.0,5.380597014925373,1.0111940298507462,990.0,3.694029850746269,33.91,-118.09,1.622
2.6812,43.0,5.843023255813954,1.162790697674419,492.0,2.86046511627907,37.98,-121.27,0.728
3.3679,52.0,4.613412228796844,1.0808678500986193,1090.0,2.149901380670612,37.77,-122.45,3.5
2.0786,27.0,5.789808917197452,1.5031847133757965,396.0,2.522292993630573,37.77,-122.18,0.975
4.3571,35.0,4.975903614457831,1.0223752151462997,1757.0,3.0240963855421685,34.2,-118.52,1.998
8.9021,18.0,7.283783783783784,1.0405405405405406,555.0,2.5,37.37,-122.12,5.00001
2.4728,20.0,4.494974874371859,1.0904522613065326,1113.0,2.7964824120603016,38.29,-122.3,1.397
2.1449,27.0,3.375698324022346,1.066340782122905,3847.0,2.6864525139664805,34.18,-118.38,1.653
3.1563,31.0,3.292585170340681,1.0,1253.0,2.5110220440881763,34.42,-119.71,2.67
5.716,4.0,5.506923540036123,1.0999397953040335,3950.0,2.378085490668272,34.25,-118.81,3.208
4.625,38.0,4.7309090909090905,0.96,877.0,3.189090909090909,33.96,-118.12,1.913
1.7564,19.0,5.577720207253886,1.1865284974093264,1317.0,3.411917098445596,36.06,-118.99,0.426
5.5176,47.0,5.2644927536231885,0.894927536231884,721.0,2.61231884057971,33.96,-118.32,1.91
5.3107,35.0,6.252199413489736,1.0791788856304985,1128.0,3.30791788856305,34.28,-118.48,2.271
1.6971,52.0,4.173469387755102,0.9897959183673468,208.0,2.122448979591837,37.88,-122.3,1.388
3.6964,47.0,4.117249154453213,1.0901916572717023,1438.0,1.62119503945885,34.06,-118.4,5.00001
2.5682,36.0,5.44,1.0555555555555556,1268.0,2.8177777777777777,32.71,-117.07,1.091
2.1856,41.0,3.718987341772152,1.0658227848101265,803.0,2.0329113924050635,32.76,-117.12,1.205
2.7083,21.0,4.495588235294117,1.026470588235294,1627.0,2.3926470588235293,35.33,-119.03,0.847
2.5553,16.0,3.717870257037944,1.1113831089351285,2592.0,1.5862913096695226,32.74,-117.14,1.781
4.875,19.0,6.024137931034483,1.0034482758620689,848.0,2.924137931034483,32.8,-116.86,1.872
1.8325,25.0,4.279220779220779,1.07012987012987,1477.0,1.9181818181818184,37.37,-118.39,1.058
1.9076,32.0,3.7895752895752897,0.9806949806949808,2052.0,3.9613899613899615,36.71,-119.55,0.558
2.1773,17.0,4.04,1.068,1529.0,3.058,32.59,-117.11,1.432
3.8081,25.0,5.1837160751565765,1.1837160751565765,1941.0,2.0260960334029225,34.17,-118.44,2.867
3.4306,29.0,5.7388059701492535,1.1243781094527363,1218.0,3.029850746268657,33.86,-118.01,1.942
3.3942,4.0,5.412186379928316,1.2783751493428912,1804.0,2.15531660692951,36.81,-119.86,0.721
2.4,28.0,4.508403361344538,1.012605042016807,652.0,2.739495798319328,38.44,-122.73,1.462
3.8162,36.0,5.274406332453826,1.029023746701847,887.0,2.340369393139841,33.82,-118.11,2.219
5.5,35.0,5.981060606060606,0.9204545454545454,734.0,2.7803030303030303,37.96,-122.28,2.01
4.5234,34.0,5.807017543859649,0.925438596491228,799.0,3.504385964912281,34.11,-117.87,1.922
2.1935,31.0,4.794029850746269,1.0567164179104478,1049.0,3.1313432835820896,34.16,-117.34,0.727
2.8977,35.0,4.622377622377623,0.993006993006993,720.0,5.034965034965035,34.02,-118.18,1.425
4.3687,33.0,4.851063829787234,1.0243161094224924,1650.0,5.015197568389058,33.82,-118.27,1.735
2.5985,34.0,4.110157367668097,1.0271816881258942,2758.0,3.945636623748212,34.06,-118.07,1.686
4.875,42.0,4.728280961182994,1.0314232902033271,1328.0,2.454713493530499,33.99,-118.43,3.013
4.3897,36.0,6.022950819672131,1.0459016393442624,810.0,2.6557377049180326,33.8,-118.11,2.35
3.0214,19.0,4.113662456946039,1.0459242250287026,2300.0,2.640642939150402,33.89,-117.88,2.184
2.875,39.0,3.8655256723716382,1.0953545232273838,1934.0,2.3643031784841075,34.08,-118.28,2.135
2.8287,28.0,4.714285714285714,0.974025974025974,919.0,2.9837662337662336,36.58,-119.6,0.731
3.5464,15.0,5.06509253350351,1.0433950223356732,4390.0,2.801531589023612,38.24,-122.07,1.298
6.3359,43.0,6.334415584415584,0.935064935064935,725.0,2.353896103896104,36.8,-119.8,1.693
1.6571,34.0,4.454976303317536,1.0876777251184837,1358.0,3.2180094786729856,37.94,-122.35,1.052
2.6364,36.0,4.02,1.1,1763.0,5.037142857142857,33.97,-118.14,1.5
4.1641,16.0,6.404494382022472,1.0187265917602997,1025.0,3.838951310861423,33.14,-117.12,1.636
4.0069,42.0,4.5,1.0,394.0,1.931372549019608,34.27,-119.26,2.143
5.4675,32.0,6.169934640522876,1.0130718954248366,1790.0,2.9248366013071894,37.26,-121.91,2.611
2.5938,39.0,5.788079470198675,1.0894039735099337,831.0,2.751655629139073,37.66,-120.99,1.356
4.4655,7.0,6.1487964989059085,1.0153172866520788,1564.0,3.422319474835886,33.15,-117.12,1.828
1.9798,41.0,5.218543046357616,1.1225165562913908,1252.0,4.145695364238411,33.95,-118.25,0.981
4.2679,33.0,5.7566462167689165,0.9918200408997956,1447.0,2.9591002044989776,34.68,-118.14,1.196
4.2468,32.0,5.624288425047438,1.0379506641366223,1472.0,2.793168880455408,37.62,-122.03,2.212
3.7361,48.0,5.754617414248021,1.1055408970976253,1041.0,2.746701846965699,37.75,-122.49,3.202
4.3269,35.0,6.648809523809524,1.0773809523809523,496.0,2.952380952380953,33.82,-117.95,2.247
1.5057,42.0,4.314655172413793,1.0517241379310345,1505.0,3.243534482758621,32.7,-117.1,0.863
6.4211,19.0,7.578723404255319,0.9340425531914892,1584.0,3.370212765957447,33.6,-117.69,2.881
3.6667,40.0,5.989690721649485,1.127147766323024,981.0,3.3711340206185567,33.96,-118.1,1.731
1.7574,43.0,4.410958904109589,1.1287671232876713,1409.0,3.86027397260274,37.94,-121.26,0.517
4.1939,44.0,4.936046511627907,0.9903100775193798,1577.0,3.056201550387597,37.71,-122.47,2.379
1.6302,32.0,3.1828703703703702,1.037037037037037,1698.0,3.9305555555555554,34.02,-118.25,1.307
4.8906,34.0,5.894179894179894,1.0555555555555556,1159.0,3.066137566137566,33.94,-117.96,2.289
6.3325,19.0,6.748502994011976,1.0179640718562877,518.0,3.1017964071856285,37.74,-121.95,2.5
0.7075,35.0,3.2908496732026142,1.1062091503267977,1714.0,2.8006535947712417,34.11,-117.29,0.788
4.3839,26.0,4.718518518518518,1.1981481481481482,1098.0,2.033333333333333,34.16,-118.46,2.991
4.0893,41.0,4.805732484076433,1.035031847133758,821.0,2.6146496815286624,33.8,-118.13,2.23
6.0302,16.0,7.008849557522124,1.168141592920354,613.0,2.7123893805309733,38.73,-121.18,2.731
1.625,21.0,4.549199084668192,1.105263157894737,1182.0,2.704805491990846,33.6,-114.6,0.62
2.425,17.0,3.4791271347248576,1.1470588235294117,2636.0,2.500948766603416,34.21,-118.43,1.755
1.8438,29.0,3.2056962025316458,1.240506329113924,1083.0,3.4272151898734178,33.78,-118.19,1.625
5.375,16.0,4.76,1.02,93.0,1.86,33.76,-117.84,2.157
3.4419,15.0,5.389399293286219,1.1095406360424027,3823.0,2.701766784452297,33.87,-117.6,1.381
1.0585,26.0,4.362279511533242,1.1221166892808685,2041.0,2.7693351424694708,39.5,-121.55,0.451
5.7914,52.0,7.188888888888889,0.9722222222222222,434.0,2.411111111111111,32.76,-117.19,5.00001
1.439,17.0,3.797752808988764,1.0426966292134832,833.0,1.8719101123595503,38.4,-122.71,1.406
2.0433,34.0,3.142857142857143,0.8461538461538461,752.0,4.131868131868132,34.08,-118.05,1.388
3.875,46.0,4.0,1.0,59.0,4.538461538461538,33.12,-117.11,2.0
4.5179,35.0,6.780487804878049,1.113821138211382,392.0,3.186991869918699,34.07,-117.89,2.188
3.1746,22.0,3.665924276169265,1.2628062360801782,1655.0,1.8429844097995545,34.02,-118.42,3.488
6.5669,43.0,5.055276381909548,1.0100502512562817,520.0,2.613065326633166,34.03,-118.4,3.728
3.0429,27.0,4.933184855233853,0.979955456570156,1987.0,4.425389755011136,34.04,-117.74,1.296
2.06,40.0,5.28021978021978,1.0934065934065933,509.0,2.7967032967032965,34.15,-117.3,0.855
2.3849,11.0,4.983529411764706,1.0341176470588236,2410.0,2.835294117647059,37.59,-120.96,1.22
3.7557,16.0,6.282110091743119,1.1009174311926606,1259.0,2.8876146788990824,41.8,-124.17,1.094
9.1508,43.0,7.035128805620609,1.0304449648711944,1088.0,2.548009367681499,37.44,-122.13,5.00001
4.8182,19.0,16.78846153846154,2.9423076923076925,251.0,2.4134615384615383,39.23,-120.08,1.469
6.1112,2.0,7.153277931671283,1.046168051708218,3481.0,3.214219759926132,38.34,-121.92,1.81
5.2417,36.0,6.005813953488372,1.1656976744186047,942.0,2.738372093023256,37.11,-122.02,1.964
2.3929,11.0,4.912408759124087,1.0583941605839415,318.0,2.321167883211679,38.09,-122.11,1.225
6.348,34.0,4.989881956155143,1.0775716694772344,1143.0,1.9274873524451936,33.89,-118.41,5.00001
4.7891,20.0,5.493827160493828,1.1934156378600822,717.0,2.950617283950617,36.43,-121.62,2.306
3.9063,28.0,4.160847880299252,1.0660847880299251,1520.0,1.8952618453865333,37.82,-122.25,2.25
4.0721,52.0,6.298076923076923,1.2644230769230769,689.0,3.3125,34.1,-118.26,3.5
2.214,27.0,4.655907036797935,1.0367979341510651,4828.0,3.116849580374435,38.51,-121.44,0.824
4.1679,41.0,6.617486338797814,1.371584699453552,915.0,2.5,37.05,-122.05,2.013
4.8472,19.0,7.309255079006772,1.419864559819413,1195.0,2.697516930022573,34.32,-119.39,5.00001
4.8488,5.0,5.961174713787954,1.241911398705824,4327.0,2.1538078646092584,33.57,-117.73,1.944
3.5972,26.0,5.285714285714286,1.227405247813411,1235.0,3.6005830903790086,33.78,-117.88,1.875
3.6974,10.0,4.348530901722391,1.089159067882472,2719.0,2.7548125633232017,34.18,-118.29,2.866
2.0272,18.0,4.546985815602837,1.0381205673758864,3622.0,3.2109929078014185,37.68,-121.04,0.927
4.9516,3.0,7.338559163867115,1.1590145576707729,16305.0,3.043113101903695,38.43,-121.44,1.537
4.075,49.0,5.361305361305361,1.0792540792540792,1061.0,2.473193473193473,38.23,-122.64,2.288
2.2377,27.0,3.3765822784810124,1.0232067510548524,3403.0,3.589662447257384,34.2,-118.42,2.317
6.035,5.0,5.431472081218274,1.065989847715736,990.0,2.512690355329949,37.54,-122.27,4.388
6.135,11.0,6.622727272727273,1.0287878787878788,1790.0,2.712121212121212,37.98,-122.11,2.973
2.4211,20.0,3.844544095665172,1.094170403587444,1534.0,2.2929745889387143,33.73,-117.84,1.75
4.5833,25.0,6.354216867469879,1.1132530120481927,965.0,2.325301204819277,33.82,-118.06,1.909
0.6831,37.0,3.904831625183016,0.9824304538799414,2865.0,4.194729136163982,33.95,-118.23,0.875
3.0265,52.0,4.3743676222596966,1.048903878583474,1421.0,2.396290050590219,37.78,-122.46,3.5
1.9132,31.0,2.899755501222494,0.9462102689486552,2087.0,5.102689486552567,33.99,-118.2,1.546
2.925,46.0,6.194805194805195,1.0454545454545454,429.0,2.7857142857142856,37.75,-122.16,1.429
5.979,19.0,6.860557768924303,1.0225763612217795,2374.0,3.152722443559097,33.91,-118.0,2.852
4.3897,14.0,7.451612903225806,1.1612903225806452,108.0,3.4838709677419355,38.93,-122.61,0.713
3.1439,9.0,5.542196531791907,1.0277456647398844,2162.0,2.49942196531792,40.62,-122.4,1.031
5.5919,17.0,5.994227994227995,1.0663780663780664,2149.0,3.101010101010101,37.08,-122.0,3.734
4.5766,34.0,4.2,1.0275862068965518,407.0,2.806896551724138,34.13,-118.23,1.858
5.6306,5.0,5.958393113342898,1.0315638450502151,2435.0,3.493543758967001,37.33,-121.76,2.862
2.9054,44.0,5.206185567010309,1.0120274914089349,1373.0,2.359106529209622,38.31,-122.27,1.552
4.5208,10.0,6.233243967828418,1.099195710455764,1016.0,2.7238605898123325,39.37,-120.1,1.173
6.8742,25.0,5.900479616306955,1.038369304556355,1913.0,2.2937649880095923,37.88,-122.53,4.131
2.7986,29.0,4.409090909090909,1.1414141414141414,649.0,3.2777777777777777,34.06,-117.69,1.144
1.7135,42.0,4.478142076502732,1.0027322404371584,929.0,2.5382513661202184,37.85,-122.27,1.598
1.7727,31.0,4.961937716262976,0.9792387543252596,811.0,2.8062283737024223,39.44,-121.55,0.49
3.9227,33.0,5.949593495934959,0.959349593495935,1773.0,2.8829268292682926,34.08,-117.66,1.572
2.875,39.0,3.8655256723716382,1.0953545232273838,1934.0,2.3643031784841075,34.08,-118.28,2.135
4.8036,37.0,5.842592592592593,1.126543209876543,911.0,2.811728395061728,34.18,-118.51,2.953
5.7765,36.0,5.791443850267379,1.0,522.0,2.79144385026738,33.82,-118.36,3.395
3.9076,18.0,5.443807339449541,0.970183486238532,3002.0,3.442660550458716,32.6,-117.04,1.529
3.4934,25.0,4.791549295774648,1.0676056338028168,1645.0,2.316901408450704,37.7,-122.08,2.099
3.1992,41.0,3.3022388059701493,1.0634328358208955,562.0,2.0970149253731343,33.99,-118.46,3.038
5.5767,36.0,5.993055555555555,0.9965277777777778,820.0,2.8472222222222223,33.83,-118.11,2.181
3.4286,32.0,4.345771144278607,0.9925373134328358,1199.0,2.982587064676617,34.09,-118.02,1.918
10.4286,52.0,7.91970802919708,0.9817518248175182,784.0,2.8613138686131387,37.57,-122.35,5.00001
4.0153,25.0,4.276595744680851,1.0653495440729484,1139.0,1.7310030395136775,34.05,-118.39,4.6
2.1518,35.0,3.303030303030303,1.0454545454545454,1605.0,4.863636363636363,34.04,-118.3,1.528
2.9286,22.0,2.8142857142857145,0.7714285714285715,331.0,4.728571428571429,33.69,-116.15,1.125
4.7589,16.0,5.200923787528868,1.02540415704388,4429.0,3.409545804464973,34.01,-117.88,1.782
5.308,15.0,6.147668393782383,0.9430051813471504,1280.0,3.316062176165803,36.89,-119.67,1.675
1.9722,28.0,5.212435233160622,1.1813471502590671,738.0,3.823834196891192,36.49,-121.48,2.107
6.1004,35.0,5.8687258687258685,1.003861003861004,1374.0,2.6525096525096523,37.51,-122.29,4.264
3.8235,10.0,5.34593837535014,1.0070028011204482,1686.0,2.361344537815126,36.32,-119.35,0.946
4.9205,31.0,5.820359281437126,1.026946107784431,975.0,2.9191616766467066,37.25,-121.91,2.405
3.4464,33.0,4.968085106382978,1.0602836879432624,915.0,3.24468085106383,37.45,-121.06,1.625
1.7167,39.0,4.271468144044321,1.0387811634349031,1256.0,3.479224376731302,33.96,-118.26,1.0
8.492,35.0,6.785302593659942,1.04178674351585,1866.0,2.6887608069164264,37.22,-121.96,5.00001
5.1629,20.0,6.178787878787879,1.1303030303030304,862.0,2.6121212121212123,37.73,-121.46,2.229
6.6633,10.0,6.289272030651341,1.053639846743295,2491.0,4.772030651340996,37.33,-121.79,2.837
5.6704,35.0,6.177304964539007,1.00354609929078,812.0,2.879432624113475,33.91,-118.37,3.037
6.5078,45.0,6.515570934256055,0.9515570934256056,764.0,2.643598615916955,34.11,-118.09,4.148
2.78,22.0,4.243542435424354,0.9944649446494463,1625.0,2.998154981549816,33.75,-117.96,1.963
2.1205,16.0,5.5799256505576205,1.0985130111524164,842.0,1.5650557620817844,33.18,-117.28,1.573
0.9797,32.0,4.843283582089552,1.3544776119402986,716.0,2.671641791044776,37.95,-122.37,0.764
3.3153,36.0,6.100671140939597,1.0838926174496644,953.0,3.197986577181208,38.25,-122.06,0.99
7.3003,19.0,7.9616,1.1376,1926.0,3.0816,38.46,-122.68,3.813
6.5254,38.0,6.821510297482837,0.988558352402746,1063.0,2.432494279176201,34.18,-117.99,3.65
4.1797,43.0,6.344569288389513,1.0599250936329587,674.0,2.524344569288389,34.15,-118.03,4.868
3.4688,8.0,5.811145510835913,1.4829721362229102,884.0,2.736842105263158,38.85,-120.71,1.201
2.1036,42.0,5.059859154929577,1.0809859154929575,1035.0,3.6443661971830985,37.64,-121.02,0.883
3.2727,52.0,4.442982456140351,1.0570175438596492,709.0,1.5548245614035088,37.81,-122.24,2.685
3.075,29.0,4.324193548387097,1.0193548387096774,1652.0,2.664516129032258,36.98,-121.98,2.158
3.6696,40.0,5.230769230769231,1.0796703296703296,1183.0,3.25,34.1,-118.09,2.104
3.3616,35.0,5.8893280632411065,1.0,705.0,2.7865612648221343,34.15,-117.27,0.953
1.5321,32.0,4.961904761904762,1.1476190476190475,1410.0,3.357142857142857,36.29,-119.14,0.483
4.6875,33.0,4.239726027397261,0.952054794520548,1217.0,8.335616438356164,33.74,-117.89,1.544
1.7105,21.0,4.8244444444444445,1.0733333333333333,1315.0,2.922222222222222,35.5,-119.27,0.521
2.5284,44.0,3.896039603960396,0.9653465346534652,1323.0,3.2747524752475248,34.05,-118.33,2.263
5.125,36.0,5.419607843137255,1.007843137254902,685.0,2.6862745098039214,33.9,-118.01,2.117
3.5833,16.0,6.887179487179488,1.235897435897436,732.0,3.753846153846154,37.73,-120.76,1.875
5.5867,35.0,5.350574712643678,1.0402298850574712,516.0,2.9655172413793105,33.86,-117.93,1.825
4.2396,48.0,5.62962962962963,1.0522875816993464,1118.0,2.435729847494553,34.17,-118.33,2.451
5.397,44.0,6.234299516908212,1.0555555555555556,1006.0,2.429951690821256,37.47,-122.16,3.417
3.7348,4.0,5.705276705276705,1.178893178893179,4775.0,3.072715572715573,34.08,-117.36,1.258
2.5663,19.0,3.9004267425320056,1.0753911806543386,1396.0,1.985775248933144,34.1,-118.13,1.975
3.6563,31.0,5.172839506172839,1.054320987654321,829.0,2.0469135802469136,37.3,-121.91,3.447
6.0936,35.0,6.46524064171123,1.002673796791444,988.0,2.641711229946524,37.28,-121.89,3.654
11.6017,18.0,8.335051546391753,1.0824742268041236,533.0,2.747422680412371,37.84,-122.19,3.926
1.675,34.0,3.28099173553719,1.0909090909090908,250.0,2.066115702479338,33.99,-118.34,1.667
11.5706,36.0,7.68213058419244,1.0618556701030928,1315.0,2.259450171821306,37.87,-122.47,5.00001
5.8151,52.0,6.853448275862069,1.0172413793103448,622.0,2.681034482758621,37.75,-122.46,5.00001
1.9423,21.0,4.900452488687783,1.004524886877828,2611.0,3.93815987933635,38.51,-121.42,0.878
5.8221,36.0,5.7913669064748206,1.0071942446043165,445.0,3.2014388489208634,37.56,-122.29,2.894
3.375,23.0,4.349173553719008,1.084710743801653,1218.0,2.5165289256198347,32.83,-117.18,1.841
1.8462,25.0,4.545045045045045,1.108108108108108,994.0,4.4774774774774775,35.95,-119.04,0.558
5.8178,27.0,5.752136752136752,0.9544159544159544,1020.0,2.905982905982906,37.27,-121.88,2.674
3.6389,42.0,3.994296577946768,0.9961977186311788,1212.0,2.304182509505704,37.34,-121.92,2.392
4.7159,36.0,5.613138686131387,1.0364963503649636,498.0,3.6350364963503647,33.89,-118.1,1.821
3.587,20.0,6.027397260273973,1.0767123287671232,996.0,2.728767123287671,35.33,-120.8,3.3
4.3365,15.0,5.02027027027027,1.0472972972972974,455.0,1.537162162162162,37.29,-121.75,2.21
3.2596,42.0,4.0117096018735365,0.97423887587822,1349.0,3.159250585480094,34.17,-118.37,1.918
5.3046,37.0,5.028801843317972,1.066820276497696,1661.0,1.913594470046083,33.77,-118.13,3.607
4.016,47.0,4.743131868131868,1.070054945054945,1353.0,1.858516483516484,37.93,-122.42,2.745
2.2612,12.0,5.235714285714286,1.0244047619047618,11139.0,6.630357142857143,34.45,-116.14,1.375
4.3281,17.0,6.105882352941176,1.0294117647058822,998.0,2.9352941176470586,36.39,-119.27,1.457
5.7652,13.0,6.497017892644135,0.9761431411530817,1431.0,2.84493041749503,32.72,-116.87,2.599
0.8907,34.0,2.2857142857142856,0.7428571428571429,125.0,3.571428571428572,34.12,-118.24,1.542
3.1588,30.0,4.069825436408977,1.0,1357.0,3.3840399002493764,34.29,-118.44,1.601
5.1721,17.0,7.501118568232662,1.0357941834451905,1417.0,3.170022371364653,38.74,-121.16,2.371
2.3463,16.0,4.196805111821086,1.0242811501597444,6012.0,3.8415335463258784,36.68,-121.64,1.561
3.5035,37.0,3.938697318007663,1.053639846743295,904.0,3.4636015325670497,37.7,-122.46,2.386
2.3935,14.0,4.762195121951219,1.1371951219512195,609.0,1.8567073170731707,33.92,-117.89,1.25
4.7917,7.0,26.88235294117647,4.676470588235294,85.0,2.5,39.35,-120.21,1.875
4.7543,27.0,5.3568,1.112,1545.0,2.472,33.87,-118.31,2.963
6.6288,7.0,6.802554027504912,1.0262770137524555,15037.0,3.692779960707269,34.04,-117.87,3.397
3.9375,52.0,4.688693098384729,1.0102790014684289,2099.0,3.0822320117474304,37.77,-122.46,4.029
5.3439,23.0,5.825980392156863,0.9877450980392156,1101.0,2.698529411764706,33.83,-117.86,2.271
6.0936,35.0,6.46524064171123,1.002673796791444,988.0,2.641711229946524,37.28,-121.89,3.654
2.375,41.0,3.72289156626506,1.0120481927710845,747.0,1.8,32.76,-117.13,1.544
3.8571,52.0,5.044943820224719,1.0192616372391654,1350.0,2.1669341894061,37.77,-122.47,3.667
1.4648,28.0,6.330708661417323,1.610236220472441,567.0,2.232283464566929,32.64,-116.2,0.618
4.9044,24.0,4.881889763779528,1.1653543307086611,513.0,2.0196850393700787,33.72,-118.07,4.85
4.875,52.0,5.125181950509462,1.1164483260553129,1415.0,2.059679767103348,37.75,-122.43,3.622
10.9891,4.0,6.296296296296297,0.8518518518518519,93.0,3.4444444444444446,39.0,-121.0,3.125
3.5859,17.0,5.035294117647059,0.9823529411764704,518.0,3.047058823529412,39.19,-121.04,1.443
2.4609,23.0,4.344,1.072,825.0,3.3,33.83,-118.01,2.196
2.6719,52.0,4.691075514874142,1.0045766590389016,1109.0,2.537757437070938,37.78,-122.49,3.185
1.586,14.0,4.087074829931972,1.0789115646258505,3535.0,4.809523809523809,36.61,-119.55,0.569
3.0,16.0,41.333333333333336,8.476190476190476,44.0,2.095238095238096,39.3,-120.33,1.75
4.369,23.0,5.154639175257732,0.9690721649484536,1361.0,3.5077319587628866,34.01,-117.48,1.211
2.1779,36.0,4.490625,1.034375,1073.0,3.353125,37.6,-120.98,0.584
2.0077,20.0,4.305194805194805,1.0995670995670996,1452.0,3.142857142857143,32.75,-117.08,1.183
2.7778,8.0,5.403641881638847,1.0485584218512898,2156.0,3.2716236722306524,34.48,-117.18,0.869
3.0723,6.0,6.269858541893362,1.2132752992383025,2551.0,2.7758433079434166,34.98,-120.47,1.373
2.5313,36.0,6.261904761904762,1.738095238095238,88.0,2.095238095238096,38.15,-121.99,1.625
7.2692,40.0,6.816425120772947,1.070048309178744,907.0,2.190821256038648,34.13,-118.31,4.987
10.1447,26.0,7.203409090909091,0.9954545454545456,2540.0,2.886363636363636,33.77,-118.37,5.00001
4.3654,31.0,5.155555555555556,1.0277777777777777,990.0,2.75,34.19,-118.55,2.238
4.6463,22.0,5.3963636363636365,1.0454545454545454,5600.0,2.5454545454545454,38.1,-122.58,2.763
3.5625,41.0,5.16,0.96,356.0,2.373333333333333,38.62,-121.38,1.153
1.8932,44.0,4.782608695652174,0.9948849104859336,1345.0,3.4398976982097187,34.18,-118.16,1.361
4.5729,22.0,4.223826714801444,1.0541516245487366,1141.0,2.05956678700361,33.92,-118.41,3.375
4.1776,35.0,4.425172197871008,1.030682529743269,5380.0,3.3688165309956166,37.48,-122.19,2.653
3.1012,34.0,3.692307692307693,0.9467455621301776,1960.0,5.798816568047338,33.9,-118.18,1.404
2.1563,36.0,6.042194092827004,1.1350210970464134,836.0,3.5274261603375527,36.69,-119.69,0.883
4.2321,17.0,6.323797139141743,1.0988296488946685,2266.0,2.9466840052015604,32.85,-116.75,2.174
3.6538,25.0,5.2224576271186445,1.2394067796610169,906.0,1.9194915254237288,33.6,-117.9,5.00001
1.7708,36.0,3.828358208955224,1.0970149253731345,1316.0,4.91044776119403,33.97,-118.25,1.026
3.7277,38.0,5.625766871165644,1.0674846625766872,1390.0,2.842535787321064,37.94,-122.32,1.651
3.35,36.0,4.285353535353536,0.9949494949494948,1274.0,3.217171717171717,33.8,-118.25,1.631
3.1667,17.0,4.886904761904762,1.0476190476190477,436.0,2.595238095238096,33.18,-117.29,1.606
6.53,10.0,7.06027397260274,0.9506849315068492,1193.0,3.2684931506849315,33.04,-117.08,2.641
2.0882,20.0,5.965517241379311,1.1077586206896552,557.0,2.4008620689655173,39.76,-121.57,1.049
2.2097,50.0,3.111111111111111,1.0333333333333334,488.0,1.807407407407408,34.42,-119.71,2.583
7.2074,3.0,6.488188976377953,1.110236220472441,3318.0,2.6125984251968504,33.73,-117.79,2.913
2.0625,37.0,24.669117647058822,4.897058823529412,338.0,2.485294117647059,38.12,-120.12,0.889
4.5266,4.0,6.358957654723128,1.0964169381107491,4970.0,3.237785016286645,34.57,-118.09,1.429
5.8123,29.0,6.404517453798768,1.0410677618069817,1476.0,3.030800821355236,36.99,-121.99,2.815
2.5893,8.0,28.615384615384617,5.487179487179487,27.0,0.6923076923076923,39.75,-121.0,0.83
2.8616,47.0,6.403669724770642,1.165137614678899,630.0,2.889908256880734,38.29,-121.54,0.925
1.6037,44.0,2.767391304347826,1.0304347826086957,1754.0,3.8130434782608695,34.05,-118.28,2.75
3.3306,15.0,3.912751677852349,1.018216682646213,8793.0,4.215244487056568,37.37,-121.86,2.103
4.6127,30.0,5.715919923736892,0.9704480457578646,2532.0,2.413727359389896,38.63,-121.37,1.518
2.8125,30.0,5.922818791946309,1.0402684563758389,746.0,2.503355704697986,36.35,-119.64,0.702
8.5574,16.0,6.466905187835421,1.0196779964221825,1209.0,2.1627906976744184,33.64,-117.88,3.922
4.0221,16.0,4.6767676767676765,1.1616161616161615,451.0,2.2777777777777777,38.01,-121.36,1.733
3.6382,25.0,7.772189349112426,1.1449704142011834,1059.0,3.133136094674556,34.66,-118.23,1.382
2.6563,30.0,5.223175965665236,1.0214592274678111,677.0,2.9055793991416308,39.49,-121.52,0.636
4.3831,35.0,5.201183431952662,0.9142011834319528,972.0,2.8757396449704142,33.9,-118.0,2.098
2.935,52.0,4.474820143884892,1.1270983213429258,1211.0,2.904076738609113,34.09,-118.25,1.894
5.3275,5.0,6.490059642147117,0.9910536779324056,3464.0,3.4433399602385686,33.69,-117.39,1.687
4.3164,6.0,3.353467561521253,0.977628635346756,1754.0,3.923937360178971,33.99,-118.22,1.432
3.6875,47.0,5.97741935483871,1.1129032258064515,757.0,2.441935483870968,34.18,-118.23,4.22
2.851,18.0,3.5619335347432024,0.9788519637462236,1296.0,3.915407854984894,34.09,-117.95,1.406
4.5491,34.0,7.397058823529412,1.4558823529411764,275.0,4.044117647058823,34.36,-118.29,3.75
4.2463,14.0,4.921568627450981,1.261437908496732,421.0,2.751633986928105,37.41,-122.09,2.667
1.564,35.0,4.519886363636363,1.0340909090909092,1290.0,3.664772727272727,37.63,-121.02,0.818
3.0714,16.0,5.484615384615385,1.103846153846154,525.0,2.019230769230769,38.47,-122.74,1.617
2.3958,37.0,4.136585365853659,0.9853658536585366,314.0,1.5317073170731708,37.68,-122.08,1.908
3.3844,52.0,5.6900452488687785,1.0407239819004526,836.0,1.8914027149321264,38.55,-121.49,1.511
4.9118,26.0,6.391304347826087,1.1014492753623188,1597.0,3.3064182194616976,37.55,-122.03,2.173
6.8219,16.0,6.678832116788321,1.0875912408759123,1429.0,3.4768856447688563,33.69,-117.8,3.255
4.375,34.0,6.226519337016574,1.022099447513812,588.0,3.248618784530387,33.85,-117.88,2.247
2.7685,29.0,3.658252427184466,1.1757281553398058,2320.0,2.25242718446602,34.14,-118.27,2.045
2.7083,16.0,5.1187845303867405,1.0773480662983426,1013.0,2.798342541436464,37.79,-121.27,1.739
4.2792,11.0,6.409836065573771,1.0510018214936248,1459.0,2.6575591985428053,39.11,-121.62,1.238
4.6173,15.0,6.0566929133858265,1.0661417322834643,2360.0,3.716535433070866,37.75,-121.45,1.648
3.176,14.0,5.949671772428884,1.0984682713347922,1497.0,3.2757111597374178,35.59,-119.35,0.718
2.03,38.0,4.686274509803922,1.1176470588235294,1131.0,2.772058823529412,36.78,-119.79,0.588
7.1754,52.0,7.42948717948718,1.051282051282051,779.0,2.496794871794872,37.9,-122.28,3.629
2.7165,50.0,3.321965897693079,1.098294884653962,1475.0,1.4794383149448345,37.79,-122.43,5.00001
4.7179,13.0,5.020175438596492,1.0894736842105264,2450.0,2.149122807017544,33.02,-117.27,3.767
3.3955,19.0,3.524737631184408,1.103448275862069,2636.0,1.9760119940029983,34.02,-118.41,2.25
2.1186,18.0,3.961352657004831,1.1545893719806763,1345.0,6.497584541062802,35.62,-119.69,0.475
1.7083,44.0,4.349282296650718,0.985645933014354,1680.0,4.019138755980861,36.75,-119.77,0.483
2.6658,29.0,4.961605584642234,1.0523560209424083,1517.0,2.6474694589877834,34.58,-118.1,1.069
1.0648,39.0,4.216901408450704,1.0788732394366196,1182.0,3.3295774647887324,35.38,-118.98,0.5
6.0487,24.0,7.207079646017699,1.0300884955752212,1834.0,3.246017699115044,34.26,-118.78,2.545
4.0439,27.0,4.9875,1.115,1417.0,1.77125,34.14,-118.42,5.00001
1.245,42.0,3.624254473161034,1.125248508946322,761.0,1.5129224652087476,38.58,-121.48,1.375
2.475,43.0,3.866666666666666,0.9666666666666668,416.0,3.466666666666667,34.06,-118.17,1.426
1.3125,37.0,3.25,0.967391304347826,318.0,3.4565217391304346,34.1,-118.17,1.458
3.9943,7.0,5.732044198895028,0.9751381215469612,1040.0,2.8729281767955803,36.83,-119.69,1.002
1.8095,31.0,4.129094412331407,1.0057803468208093,2276.0,4.3853564547206165,33.9,-118.23,1.008
5.2557,25.0,5.343373493975903,0.9623493975903614,2653.0,3.995481927710844,34.02,-118.06,1.888
3.1458,33.0,4.938775510204081,1.1428571428571428,351.0,2.3877551020408165,37.32,-121.95,2.705
4.3472,22.0,5.392513368983957,1.041711229946524,2260.0,2.4171122994652405,33.74,-118.31,3.512
7.9814,26.0,7.257692307692308,1.014102564102564,2493.0,3.1961538461538463,34.15,-118.62,4.099
5.5514,26.0,6.618518518518519,1.0185185185185186,801.0,2.966666666666667,33.72,-117.99,2.557
2.9688,19.0,3.363302752293578,1.055045871559633,2657.0,2.4376146788990827,34.2,-118.45,2.021
8.2653,4.0,7.231265108783239,1.0217566478646254,3754.0,3.024979854955681,33.79,-117.76,3.74
2.2115,20.0,7.768115942028985,1.736231884057971,918.0,2.6608695652173915,40.88,-123.53,0.75
5.3077,18.0,6.065767284991568,1.1197301854974704,1321.0,2.2276559865092747,37.29,-121.91,3.514
3.5,16.0,9.308383233532934,1.7125748502994012,885.0,2.6497005988023954,38.9,-119.98,1.347
2.3199,15.0,3.130311614730878,0.983947119924457,2749.0,2.595845136921624,37.37,-121.84,1.401
2.875,49.0,5.264615384615385,1.0707692307692307,1138.0,3.5015384615384617,37.71,-122.46,2.25
2.5966,32.0,3.6710526315789473,0.9917763157894736,2361.0,3.883223684210526,33.96,-118.22,1.709
3.5481,52.0,5.4880636604774535,1.106100795755968,826.0,2.1909814323607426,34.06,-118.34,3.96
4.8624,11.0,5.68,1.0447058823529412,5826.0,2.741647058823529,37.71,-121.75,1.924
4.6197,21.0,3.7019328585961344,1.0193285859613428,1489.0,1.5147507629704984,34.05,-118.46,3.875
2.6065,19.0,5.648175182481752,1.294890510948905,2086.0,3.045255474452554,38.74,-121.27,1.549
3.2279,48.0,4.2938331318016925,0.9987908101571948,1601.0,1.935912938331318,34.06,-118.35,4.0
4.2212,45.0,5.148148148148148,1.0407407407407407,538.0,1.9925925925925927,34.16,-118.35,2.938
4.6172,24.0,5.46095717884131,1.0604534005037782,1050.0,2.6448362720403025,33.89,-117.82,2.383
3.1851,31.0,4.357605177993528,1.06957928802589,1598.0,2.585760517799353,33.83,-118.3,2.402
1.7875,18.0,5.270440251572327,1.0440251572327044,733.0,2.3050314465408803,39.76,-121.58,1.038
1.6395,20.0,4.920792079207921,1.188118811881188,1135.0,3.745874587458746,33.49,-114.68,0.444
4.2222,52.0,4.442942942942943,1.0255255255255256,1145.0,1.7192192192192193,37.76,-122.44,3.616
1.7885,40.0,5.916817359855335,1.1989150090415914,1467.0,2.6528028933092225,41.78,-121.62,0.435
1.125,52.0,5.333333333333333,1.3333333333333333,8.0,2.6666666666666665,32.66,-117.12,0.6
6.5954,17.0,7.683018867924528,1.0264150943396226,713.0,2.690566037735849,33.44,-117.61,3.462
5.1221,4.0,6.176178660049628,1.0252274607113316,6945.0,2.872208436724566,32.75,-116.94,2.297
7.0549,52.0,6.785714285714286,0.9514285714285714,813.0,2.322857142857143,37.82,-122.21,3.314
3.8816,27.0,6.070796460176991,1.0265486725663715,1340.0,2.9646017699115044,38.65,-121.29,1.473
4.8958,17.0,7.348314606741573,1.0898876404494382,825.0,3.0898876404494384,37.91,-121.7,1.871
4.6111,39.0,6.38863287250384,1.0061443932411671,1669.0,2.563748079877112,33.77,-117.86,2.403
3.5,21.0,4.304913294797688,1.0751445086705202,1824.0,2.6358381502890174,34.2,-118.58,2.237
2.7202,31.0,4.684466019417476,1.0533980582524272,599.0,2.907766990291262,33.99,-118.1,1.903
1.6632,27.0,4.864457831325301,1.069277108433735,1380.0,4.156626506024097,35.35,-118.99,0.498
5.0782,28.0,5.747983870967742,1.0,1287.0,2.594758064516129,33.94,-117.95,2.641
3.9722,38.0,5.292878635907723,1.0110330992978938,2695.0,2.703109327983952,37.65,-122.44,2.762
2.2054,21.0,4.120253164556962,1.0348101265822784,1244.0,3.9367088607594938,32.98,-115.52,0.664
3.506,24.0,4.533333333333333,1.0215384615384615,2981.0,3.057435897435897,37.24,-121.88,2.264
3.5541,20.0,3.8488372093023258,1.0465116279069768,857.0,1.9930232558139536,37.64,-122.06,3.5
1.875,33.0,3.5851063829787235,1.1063829787234043,565.0,3.00531914893617,33.12,-117.08,1.143
4.2273,13.0,7.205438066465256,1.0845921450151057,1985.0,2.998489425981873,33.81,-117.43,2.952
5.2361,16.0,5.123583934088568,0.9773429454170958,2537.0,2.612770339855819,34.21,-118.84,2.247
3.0938,32.0,4.7176470588235295,1.1254901960784314,571.0,2.23921568627451,38.25,-122.04,1.104
7.0326,10.0,6.670967741935484,0.9870967741935484,478.0,3.083870967741936,38.37,-121.13,2.411
4.1859,6.0,5.745173745173745,0.972972972972973,773.0,2.9845559845559846,37.52,-120.83,1.5
4.3698,26.0,5.184275184275184,1.0049140049140048,1146.0,2.815724815724816,33.76,-117.84,2.296
5.3468,42.0,6.364321608040201,1.0879396984924623,957.0,2.4045226130653266,37.16,-121.98,2.799
3.4455,10.0,5.512027491408935,1.092783505154639,1395.0,2.3969072164948453,33.14,-117.11,1.905
2.8679,44.0,4.951554591467824,1.1453362255965294,3269.0,2.363702096890817,37.75,-122.4,2.433
3.1129,42.0,4.7325842696629215,1.197752808988764,1141.0,2.5640449438202246,38.32,-122.48,1.493
3.3846,15.0,2.930327868852459,0.8770491803278688,1394.0,5.713114754098361,33.74,-117.91,1.625
8.5574,16.0,6.466905187835421,1.0196779964221825,1209.0,2.1627906976744184,33.64,-117.88,3.922
3.8929,35.0,6.362745098039215,1.156862745098039,632.0,3.0980392156862746,37.62,-122.03,2.095
2.375,31.0,2.5454545454545454,1.0,326.0,3.704545454545455,34.26,-119.21,0.55
2.4049,31.0,3.5402298850574714,1.1065830721003134,3558.0,3.717868338557994,33.97,-118.17,1.59
2.1513,52.0,4.141176470588236,1.0745098039215686,584.0,2.2901960784313724,37.98,-120.39,0.867
3.016,31.0,4.45945945945946,1.0675675675675675,2181.0,2.9472972972972973,37.65,-122.07,1.618
3.5603,17.0,4.758079409048938,1.074792243767313,2949.0,2.7229916897506925,34.1,-117.8,1.746
4.2386,18.0,9.119158878504672,1.6705607476635511,1388.0,3.242990654205608,34.28,-117.36,1.572
3.4773,29.0,5.473815461346633,1.032418952618454,1360.0,3.391521197007481,34.21,-118.85,2.067
5.253,5.0,7.093508500772797,1.0517774343122102,4573.0,3.534003091190108,33.96,-117.23,1.633
1.7464,35.0,3.218,1.108,1675.0,1.675,37.87,-122.27,2.167
4.3864,18.0,5.507042253521127,1.0,247.0,3.4788732394366195,37.72,-120.93,1.795
3.12,29.0,4.1925,1.0325,873.0,2.1825,34.13,-117.87,1.943
7.2582,4.0,7.376840696117805,1.0475234270414993,3857.0,2.5816599732262384,38.63,-121.24,2.732
1.3278,32.0,4.408510638297872,1.0574468085106383,2002.0,4.259574468085106,36.76,-119.75,0.445
4.6452,23.0,5.572815533980583,1.022653721682848,865.0,2.799352750809061,33.68,-117.97,2.738
3.225,32.0,4.305714285714286,1.082857142857143,1082.0,3.091428571428572,33.88,-118.21,1.382
2.066,28.0,5.196750902527076,1.1895306859205776,1661.0,2.9981949458483754,34.07,-117.4,0.881
5.5151,31.0,5.606365159128978,0.9865996649916248,1566.0,2.623115577889448,37.27,-121.96,2.868
2.0893,21.0,4.836734693877551,0.9673469387755104,960.0,3.918367346938776,37.93,-121.24,0.65
2.1667,23.0,4.023588879528222,1.1086773378264532,4797.0,4.041280539174389,34.11,-117.9,1.426
1.8618,52.0,4.157718120805369,1.0738255033557047,934.0,3.134228187919463,34.36,-119.06,1.833
1.3993,28.0,4.806709265175719,1.1150159744408945,1200.0,1.9169329073482428,34.03,-117.05,1.046
3.6908,38.0,4.962825278810409,1.0483271375464684,1011.0,3.758364312267658,33.92,-118.08,1.575
1.2434,52.0,2.929411764705882,0.9176470588235294,396.0,4.658823529411765,37.8,-122.27,5.00001
5.4625,9.0,6.999071494893222,1.0445682451253482,3450.0,3.203342618384401,33.85,-117.4,2.236
1.0633,18.0,3.0725552050473186,1.0,521.0,1.6435331230283912,38.54,-121.73,1.375
2.5187,18.0,5.467261904761905,1.1547619047619049,727.0,2.1636904761904763,34.04,-117.33,1.167
4.2224,6.0,6.3992673992674,1.0265567765567765,3660.0,3.351648351648352,34.39,-117.27,1.257
4.0977,48.0,5.242063492063492,1.0436507936507935,506.0,2.007936507936508,37.8,-122.21,2.297
3.5909,46.0,5.913725490196079,1.0235294117647058,674.0,2.6431372549019607,34.17,-118.16,1.554
1.625,34.0,3.972972972972973,1.0332640332640333,1886.0,3.920997920997921,36.56,-119.61,0.53
1.7432,30.0,4.120448179271708,1.0448179271708684,1418.0,3.971988795518208,36.1,-119.21,0.425
2.7614,30.0,3.7735849056603774,1.020215633423181,1292.0,1.7412398921832883,33.77,-118.16,2.722
4.1939,44.0,4.936046511627907,0.9903100775193798,1577.0,3.056201550387597,37.71,-122.47,2.379
3.2321,20.0,5.3755458515283845,1.0829694323144106,1117.0,2.438864628820961,34.09,-117.66,1.625
2.182,37.0,4.232970027247957,1.230245231607629,3456.0,4.708446866485014,33.94,-118.34,1.475
3.7222,34.0,4.546134663341646,1.139650872817955,1485.0,3.703241895261845,34.09,-118.08,2.072
4.7056,20.0,5.904137931034483,0.973103448275862,4861.0,3.352413793103448,34.03,-117.67,1.655
2.275,21.0,5.457489878542511,1.1700404858299596,1208.0,2.445344129554656,41.95,-124.14,1.224
6.057,21.0,6.674358974358975,1.035897435897436,1350.0,3.4615384615384617,33.85,-117.82,2.359
2.6036,29.0,3.327698309492848,1.023407022106632,1886.0,2.4525357607282183,34.25,-118.28,1.621
4.5337,31.0,5.524390243902439,1.0528455284552845,2544.0,3.4471544715447155,37.68,-122.47,3.067
2.5833,19.0,4.309153713298791,1.0967184801381693,1571.0,2.7132987910189983,37.7,-122.12,1.599
3.975,52.0,3.731006160164271,1.0985626283367556,800.0,1.6427104722792607,37.79,-122.44,5.00001
3.875,44.0,5.691441441441442,1.1666666666666667,1434.0,3.22972972972973,37.74,-122.5,2.757
4.8269,25.0,5.351351351351352,0.8972972972972973,522.0,2.8216216216216217,37.0,-121.97,2.729
2.0871,20.0,3.5859154929577466,0.9971830985915492,1548.0,4.3605633802816905,33.64,-116.11,0.847
1.7452,24.0,3.3381147540983607,1.2028688524590163,1012.0,2.0737704918032787,32.76,-117.06,1.568
1.6477,32.0,3.7478991596638656,1.0273109243697478,1472.0,3.092436974789916,33.98,-118.33,1.089
6.0901,8.0,7.5360623781676415,1.050682261208577,1555.0,3.0311890838206628,37.95,-122.01,2.982
4.2813,33.0,6.340425531914893,1.1170212765957446,212.0,2.25531914893617,38.13,-121.84,0.813
6.993,13.0,6.428571428571429,1.0,120.0,2.857142857142857,33.51,-117.18,5.00001
3.4426,22.0,5.794594594594595,1.0162162162162165,1200.0,3.2432432432432434,39.15,-121.66,1.024
3.0,36.0,5.5369127516778525,1.0503355704697988,660.0,2.214765100671141,36.78,-119.81,0.797
3.3239,9.0,5.610955056179775,1.0926966292134832,1691.0,2.375,36.82,-119.85,0.913
3.8125,35.0,4.902985074626866,0.8805970149253731,328.0,2.4477611940298507,37.62,-122.04,2.042
3.225,32.0,4.305714285714286,1.082857142857143,1082.0,3.091428571428572,33.88,-118.21,1.382
4.8448,31.0,5.25497287522604,1.0452079566003616,1806.0,3.2658227848101267,33.84,-118.08,1.946
6.6031,19.0,6.190647482014389,1.0431654676258992,571.0,2.053956834532374,34.15,-118.16,5.00001
5.2595,20.0,6.941684665226782,0.9632829373650108,1360.0,2.937365010799136,36.83,-119.76,1.109
4.2656,34.0,5.054945054945055,0.9428571428571428,1447.0,3.18021978021978,34.22,-118.43,2.337
1.7225,50.0,3.6004098360655736,1.069672131147541,2080.0,4.262295081967213,34.04,-118.3,1.8
2.6125,26.0,5.213151927437642,1.124716553287982,1259.0,2.854875283446712,34.53,-117.31,0.799
4.5766,18.0,6.088541666666667,0.96875,614.0,3.1979166666666665,38.56,-121.32,1.087
1.9306,22.0,4.176470588235294,1.326797385620915,664.0,4.339869281045751,33.66,-116.17,0.475
4.6563,16.0,6.093457943925234,0.9364485981308412,1973.0,3.68785046728972,34.04,-117.67,1.62
5.0162,19.0,7.0534653465346535,1.0495049504950495,1607.0,3.1821782178217823,36.6,-121.7,2.831
2.7958,32.0,5.063260340632604,1.1484184914841848,1342.0,3.265206812652068,37.95,-121.23,0.59
4.6071,30.0,6.114180478821363,1.0847145488029466,1470.0,2.707182320441989,37.97,-121.99,1.841
4.665,23.0,5.84,1.0847058823529412,1048.0,2.4658823529411764,33.42,-117.6,2.806
0.9573,19.0,2.951219512195122,1.0,658.0,16.048780487804876,37.64,-121.0,1.625
5.3226,18.0,5.567741935483871,0.8903225806451613,1186.0,3.825806451612903,37.6,-122.06,2.317
4.2,38.0,5.316062176165803,0.9844559585492229,789.0,4.0880829015544045,33.97,-118.08,1.632
6.155,52.0,7.048076923076923,0.9942307692307693,1470.0,2.826923076923077,37.82,-122.24,3.986
4.7319,35.0,4.926666666666667,0.9933333333333332,1000.0,2.2222222222222223,33.93,-118.4,3.761
3.2232,27.0,4.86737400530504,1.0954907161803713,1221.0,3.2387267904509285,33.43,-117.62,2.471
4.008,33.0,5.191176470588236,1.1650326797385622,1845.0,3.014705882352941,34.26,-118.29,1.911
3.9728,12.0,4.938574938574939,1.0368550368550369,784.0,1.9262899262899265,37.05,-122.03,1.909
7.2211,30.0,6.413157894736842,0.9184210526315788,1005.0,2.644736842105264,36.73,-119.69,1.717
11.4537,25.0,8.89763779527559,1.0275590551181102,719.0,2.8307086614173227,33.76,-117.78,5.00001
4.3269,40.0,5.534090909090909,1.0833333333333333,1322.0,5.007575757575758,33.8,-117.85,1.941
3.9934,18.0,5.781935483870968,1.0064516129032255,2211.0,2.852903225806452,38.55,-121.35,1.233
3.6333,30.0,5.431578947368421,0.9473684210526316,288.0,3.031578947368421,36.79,-121.32,2.025
1.8806,28.0,3.717973231357552,1.1462715105162524,3121.0,2.9837476099426388,33.98,-118.33,1.139
1.4766,23.0,4.143947655398037,1.0937840785169028,3786.0,4.128680479825518,36.76,-119.76,0.506
3.0958,25.0,4.310618066561014,1.0776545166402536,1559.0,2.470681458003169,33.74,-117.82,1.378
3.1677,39.0,4.228937728937729,0.9633699633699634,870.0,1.5934065934065933,34.07,-118.37,4.534
2.3725,30.0,4.803059273422562,1.1414913957934991,1390.0,2.6577437858508604,34.12,-117.22,0.772
6.3197,33.0,6.131578947368421,1.0382775119617225,1230.0,2.9425837320574164,37.31,-122.02,3.401
4.7466,19.0,5.765661252900232,1.013921113689095,1286.0,2.983758700696056,33.82,-118.02,2.583
4.7969,25.0,6.283042394014963,1.0236907730673317,2654.0,3.309226932668329,34.11,-117.8,2.117
3.8287,35.0,4.857142857142857,1.0930232558139534,1675.0,2.7823920265780733,33.79,-118.32,2.799
1.6103,44.0,4.822834645669292,1.1318897637795275,1330.0,2.618110236220472,36.07,-119.01,0.509
5.3184,41.0,6.253521126760563,1.0338028169014084,927.0,2.611267605633803,34.44,-119.71,3.76
3.2788,29.0,5.2620689655172415,1.032183908045977,1215.0,2.793103448275862,38.01,-121.3,1.0
6.5783,15.0,5.9335443037974684,1.0,890.0,2.816455696202532,33.69,-117.79,2.448
2.1838,32.0,4.057347670250896,0.953405017921147,1211.0,4.340501792114695,33.89,-118.24,0.983
6.1946,27.0,5.861486486486487,0.9673423423423424,2363.0,2.661036036036036,34.27,-118.27,2.761
3.212,31.0,5.173277661795408,0.9686847599164928,1346.0,2.8100208768267225,34.83,-114.61,0.704
3.875,52.0,4.387254901960785,0.9705882352941176,386.0,1.892156862745098,37.87,-122.29,1.826
3.017,19.0,8.096666666666666,1.53,883.0,2.9433333333333334,38.86,-120.02,0.976
6.58,25.0,7.704334365325077,0.9984520123839008,2061.0,3.1904024767801857,33.78,-117.82,3.185
2.5625,52.0,6.268817204301075,1.2258064516129032,310.0,3.333333333333333,37.96,-121.27,0.542
3.625,25.0,5.405172413793103,1.0377155172413792,2133.0,2.2984913793103448,36.82,-119.78,0.895
3.6625,45.0,4.850877192982456,0.986842105263158,595.0,2.6096491228070176,34.19,-118.41,1.907
3.4312,18.0,5.188916876574307,0.964735516372796,1348.0,3.395465994962217,36.36,-119.32,0.684
3.24,45.0,5.085141903171953,1.0567612687813022,1448.0,2.417362270450752,34.18,-118.34,2.269
1.4886,52.0,4.862745098039215,1.3333333333333333,124.0,2.431372549019608,37.76,-122.38,4.5
6.7064,16.0,7.796690307328605,1.066193853427896,1542.0,3.645390070921986,37.27,-121.87,3.056
5.0528,26.0,6.064516129032258,0.967741935483871,937.0,2.5188172043010755,38.13,-121.3,1.537
8.2159,22.0,7.599656357388316,1.0687285223367695,1995.0,3.427835051546392,34.3,-118.54,3.762
5.0049,25.0,4.319261213720317,1.0395778364116095,649.0,1.712401055408971,37.79,-122.43,4.6
4.2143,37.0,5.288235294117647,0.973529411764706,860.0,2.5294117647058822,33.81,-118.12,2.285
2.2083,47.0,5.167785234899329,1.0827740492170022,1126.0,2.519015659955257,37.5,-120.84,0.973
4.1023,46.0,4.80859375,0.90234375,793.0,3.09765625,33.92,-118.36,2.268
2.8393,34.0,4.782352941176471,1.0058823529411764,440.0,2.588235294117647,35.4,-118.98,0.698
2.1786,44.0,4.109589041095891,0.9863013698630136,160.0,2.191780821917808,37.8,-121.21,1.208
4.6364,37.0,5.636363636363637,1.024793388429752,494.0,2.041322314049587,33.97,-118.4,4.563
3.5109,29.0,4.6923076923076925,1.085164835164835,2223.0,3.0535714285714284,34.09,-117.88,1.86
3.2391,29.0,5.9688888888888885,0.9911111111111112,751.0,3.3377777777777777,37.7,-121.14,1.875
3.3409,32.0,3.2549019607843137,1.0098039215686274,177.0,1.7352941176470589,33.9,-118.37,2.563
2.1782,34.0,4.535037878787879,1.112689393939394,3134.0,2.9678030303030303,33.61,-114.59,0.584
3.9028,35.0,5.713761467889908,1.0697247706422015,1974.0,3.622018348623853,34.69,-118.16,1.268
4.175,18.0,5.709371293001186,1.00711743772242,2333.0,2.767497034400949,38.4,-121.36,1.444
3.6359,33.0,5.728194726166328,1.0608519269776877,1797.0,3.6450304259634887,34.08,-117.75,1.351
3.0208,38.0,5.605664488017429,1.0544662309368191,1568.0,3.416122004357298,34.0,-118.11,1.937
2.6136,28.0,3.7789115646258495,1.020408163265306,526.0,1.7891156462585034,34.09,-118.36,3.833
3.2583,37.0,3.7880597014925375,1.0388059701492538,1835.0,5.477611940298507,34.26,-118.43,1.472
4.2895,4.0,4.004213483146067,1.1207865168539326,1285.0,1.8047752808988764,37.91,-122.35,1.868
2.913,26.0,4.917763157894737,1.0789473684210529,1296.0,4.2631578947368425,34.05,-118.1,1.523
2.9896,36.0,4.289393939393939,1.0136363636363637,1279.0,1.937878787878788,32.75,-117.24,2.527
2.2308,34.0,4.235690235690235,1.0286195286195283,1317.0,2.217171717171717,32.75,-117.06,1.259
6.1078,2.0,6.570224719101123,1.1474719101123596,1970.0,2.7668539325842696,33.63,-117.61,2.19
3.1393,14.0,6.31079478054567,1.1553973902728352,1947.0,2.3096085409252667,33.97,-116.95,1.163
2.8169,29.0,4.266558966074314,1.0290791599353797,2413.0,3.898222940226171,33.84,-118.0,1.651
10.1357,24.0,7.564516129032258,0.9851116625310172,2248.0,2.7890818858560795,33.74,-118.32,5.00001
4.2625,37.0,5.925795053003534,0.950530035335689,689.0,2.4346289752650176,37.89,-122.05,3.106
0.9809,19.0,3.187725631768953,1.1299638989169676,726.0,2.6209386281588447,33.98,-118.28,1.214
4.7283,30.0,7.295264623955432,1.0306406685236769,940.0,2.618384401114206,38.63,-121.36,1.645
2.5556,20.0,5.132478632478633,1.205128205128205,601.0,2.568376068376069,37.08,-122.25,1.775
3.3107,26.0,5.0552147239263805,1.052760736196319,2918.0,3.5803680981595094,33.74,-116.22,0.694
2.1071,15.0,6.721649484536083,1.5360824742268042,248.0,2.556701030927835,33.65,-116.9,0.938
2.3156,51.0,3.963917525773196,1.0154639175257731,1173.0,3.02319587628866,34.07,-117.76,1.098
3.2159,38.0,4.365695792880259,1.1132686084142396,547.0,1.7702265372168284,34.09,-118.37,3.833
3.6827,52.0,5.758904109589041,1.104109589041096,898.0,2.46027397260274,33.79,-117.85,2.368
2.8203,8.0,3.3258426966292136,0.9303370786516854,856.0,1.9235955056179768,37.41,-122.09,2.841
3.0143,44.0,3.7838479809976246,1.0403800475059382,3913.0,4.647268408551069,33.96,-118.23,1.482
6.3997,50.0,7.37020316027088,1.1489841986455982,1256.0,2.835214446952596,34.44,-119.72,5.00001
4.1836,36.0,5.574175824175824,0.9642857142857144,1327.0,3.645604395604396,34.12,-117.88,1.643
3.9076,18.0,5.443807339449541,0.970183486238532,3002.0,3.442660550458716,32.6,-117.04,1.529
1.625,38.0,4.052631578947368,1.0736842105263158,402.0,4.231578947368421,34.04,-118.17,1.297
3.625,13.0,5.479674796747967,1.048780487804878,719.0,2.9227642276422765,36.61,-119.46,1.083
2.9509,19.0,11.625874125874128,2.3076923076923075,750.0,2.6223776223776225,38.26,-119.3,1.148
3.8611,32.0,5.132978723404255,0.973404255319149,568.0,3.021276595744681,38.7,-121.46,0.939
1.4418,24.0,4.17831541218638,1.0869175627240144,1851.0,1.6586021505376345,34.02,-117.04,1.035
3.1062,19.0,6.330232558139535,1.113953488372093,1108.0,2.576744186046512,41.63,-122.64,1.0
2.3517,13.0,4.867801047120419,1.051047120418848,1754.0,2.295811518324608,40.18,-122.22,0.889
2.288,41.0,4.340782122905028,1.1843575418994414,1839.0,3.4245810055865924,34.0,-118.47,2.635
6.7587,18.0,8.470108695652174,1.2907608695652173,904.0,2.4565217391304346,32.85,-117.24,3.885
6.7123,26.0,6.6767676767676765,1.0134680134680134,924.0,3.111111111111111,37.3,-122.02,3.546
3.5391,30.0,5.229468599033816,1.2946859903381642,1500.0,3.6231884057971016,37.75,-119.55,0.559
3.8194,36.0,4.680851063829787,0.9414893617021276,795.0,4.22872340425532,37.48,-122.12,1.594
4.2851,34.0,5.767988252569751,1.0073421439060206,2315.0,3.3994126284875184,32.62,-117.05,1.445
3.875,25.0,5.601092896174864,1.453551912568306,726.0,3.9672131147540974,33.86,-117.98,1.375
3.4427,30.0,4.814814814814815,1.0617283950617284,610.0,2.5102880658436213,37.48,-122.2,2.635
3.2284,18.0,4.219094247246022,1.0489596083231334,3663.0,4.483476132190942,34.25,-118.41,1.571
5.1584,37.0,5.37984496124031,1.1085271317829457,547.0,2.12015503875969,34.16,-118.39,4.447
4.3826,9.0,6.631578947368421,1.1443123938879456,3275.0,2.780135823429541,38.7,-121.26,1.466
4.75,15.0,4.678227360308285,0.9884393063583816,1687.0,3.250481695568401,37.45,-121.89,2.544
2.6906,14.0,5.409276944065485,1.096862210095498,1945.0,2.6534788540245566,36.56,-119.38,0.953
6.213,32.0,6.0588235294117645,0.8877005347593583,523.0,2.7967914438502675,33.83,-117.98,2.308
3.2593,24.0,5.422832980972516,1.120507399577167,1447.0,3.059196617336152,32.98,-115.55,0.808
1.9088,20.0,4.422712933753943,0.9053627760252366,1104.0,3.482649842271293,32.99,-115.51,0.637
0.7685,39.0,2.752212389380531,1.6017699115044248,206.0,1.823008849557522,32.71,-117.17,1.875
9.4356,8.0,6.5588235294117645,0.9117647058823528,188.0,2.764705882352941,33.55,-117.43,4.656
3.5652,16.0,6.192,1.18,605.0,2.42,39.05,-122.92,1.19
2.225,37.0,5.270114942528736,1.1293103448275863,1198.0,3.442528735632184,34.14,-117.34,0.816
3.6791,37.0,4.389204545454546,0.96875,1909.0,5.423295454545454,34.25,-118.42,1.481
1.1765,36.0,5.327044025157233,1.3333333333333333,567.0,3.5660377358490565,37.74,-122.19,0.871
4.515,15.0,6.379061371841155,1.063778580024067,2335.0,2.809867629362214,38.92,-121.07,1.64
3.3869,40.0,3.622950819672131,1.0163934426229508,1930.0,4.519906323185012,33.99,-118.19,1.573
2.4461,17.0,4.903703703703704,1.0907407407407408,1193.0,2.20925925925926,36.92,-121.74,1.517
3.0833,52.0,4.532994923857868,1.083756345177665,856.0,2.172588832487309,37.74,-122.42,3.281
3.4605,52.0,4.838235294117647,0.9963235294117648,1364.0,2.5073529411764706,37.78,-122.46,4.417
6.2047,16.0,6.55625,0.9625,467.0,2.91875,32.83,-117.1,2.481
3.2344,44.0,5.045081967213115,1.0573770491803278,682.0,2.795081967213114,33.85,-117.92,1.701
2.9922,17.0,4.62453531598513,1.1468401486988848,1287.0,2.392193308550186,37.7,-122.12,1.799
2.753,14.0,5.789029535864979,1.1708860759493671,1153.0,2.432489451476793,37.39,-119.85,1.111
4.65,15.0,3.425806451612903,0.9935483870967742,469.0,3.025806451612904,37.2,-121.7,3.857
2.1658,29.0,5.777448071216617,1.1364985163204748,925.0,2.744807121661721,39.5,-121.58,0.576
1.8112,29.0,3.713523131672598,1.063167259786477,3675.0,3.2695729537366547,32.69,-117.1,1.036
2.6838,30.0,21.16296296296296,4.896296296296296,291.0,2.1555555555555554,37.61,-119.64,1.646
1.9074,37.0,4.09866220735786,1.117056856187291,2824.0,4.722408026755853,34.01,-118.26,0.996
5.1169,52.0,6.3904,1.016,1295.0,2.072,38.57,-121.45,2.325
3.2847,17.0,3.381720430107527,1.1881720430107527,514.0,2.763440860215054,34.24,-119.18,1.125
4.0583,52.0,5.865,1.0925,1121.0,2.8025,34.05,-118.37,4.443
2.334,30.0,5.365217391304348,1.0608695652173914,1688.0,2.935652173913044,39.51,-121.52,0.722
2.7788,18.0,7.04054054054054,1.5945945945945943,174.0,2.351351351351352,33.84,-116.86,0.911
3.8803,6.0,5.762492981471084,1.046603032004492,6163.0,3.4604154969118475,34.58,-117.78,1.2
2.6437,19.0,3.531096563011457,1.067103109656301,2490.0,2.037643207855974,34.2,-118.52,1.95
3.0288,40.0,5.125506072874494,1.040485829959514,547.0,2.214574898785425,38.13,-121.73,1.644
1.9531,29.0,4.190972222222222,1.0451388888888888,804.0,2.7916666666666665,32.84,-115.57,0.611
8.7385,16.0,8.244623655913978,1.064516129032258,1275.0,3.427419354838709,33.69,-117.79,3.4
1.4792,37.0,4.414965986394558,1.0,653.0,4.442176870748299,33.95,-118.24,0.975
4.1442,22.0,5.493464052287582,1.0294117647058822,1471.0,2.40359477124183,32.66,-117.04,3.039
7.0879,16.0,6.96969696969697,0.8855218855218855,878.0,2.9562289562289563,33.76,-118.04,3.388
2.5208,52.0,3.9081632653061225,1.0357142857142858,448.0,2.2857142857142856,37.4,-122.08,3.167
2.6302,33.0,6.071428571428571,1.1071428571428572,717.0,3.6581632653061225,35.27,-118.83,0.813
3.43,46.0,5.438438438438438,1.012012012012012,796.0,2.3903903903903903,37.63,-122.42,2.929
3.5518,24.0,4.863275039745628,1.1589825119236885,2064.0,3.2813990461049283,33.83,-118.26,1.846
1.1957,19.0,3.923943661971831,1.0338028169014084,915.0,2.5774647887323945,37.74,-121.42,1.031
2.7083,16.0,5.1187845303867405,1.0773480662983426,1013.0,2.798342541436464,37.79,-121.27,1.739
2.2578,43.0,4.059625212947189,1.0340715502555369,962.0,1.6388415672913117,32.74,-117.15,2.636
5.1915,42.0,5.902912621359223,0.8964401294498382,720.0,2.3300970873786406,37.97,-121.31,1.837
5.1512,28.0,6.267716535433071,1.146981627296588,1015.0,2.664041994750656,38.42,-122.89,2.683
2.4375,20.0,4.79074074074074,1.012962962962963,1534.0,2.840740740740741,36.93,-121.77,1.904
4.9821,21.0,4.487567567567568,1.1005405405405406,2054.0,2.2205405405405405,33.87,-118.38,2.929
3.4712,40.0,4.798561151079137,0.9928057553956836,1226.0,4.410071942446043,33.93,-118.19,1.443
2.0625,39.0,5.837528604118993,1.102974828375286,1181.0,2.702517162471396,39.52,-122.2,0.634
5.0509,19.0,6.362021857923497,1.0095628415300546,1914.0,2.614754098360656,37.99,-122.08,1.999
3.175,8.0,4.802056555269923,1.0077120822622108,1258.0,3.233933161953728,38.02,-121.28,0.959
1.5086,12.0,3.983651226158038,0.9700272479564032,1708.0,4.653950953678474,36.21,-120.1,0.647
2.1467,15.0,4.321951219512195,0.9951219512195122,576.0,2.8097560975609754,39.6,-121.54,0.841
2.2981,52.0,5.867532467532468,1.0831168831168831,766.0,1.9896103896103896,37.97,-121.3,1.054
6.0488,26.0,5.826797385620915,0.9738562091503268,1048.0,3.4248366013071894,33.82,-117.88,2.32
2.5643,21.0,4.229224376731302,1.079639889196676,2805.0,1.9425207756232687,34.06,-117.19,1.027
8.603,52.0,7.673469387755102,1.0612244897959184,518.0,2.642857142857143,32.75,-117.18,4.596
5.8722,34.0,5.734939759036145,0.9116465863453816,890.0,3.57429718875502,34.05,-117.95,2.048
3.3208,47.0,4.318295739348371,0.974937343358396,1216.0,3.0476190476190474,37.72,-122.46,2.386
1.505,22.0,5.177514792899408,1.106508875739645,1113.0,3.292899408284024,35.86,-119.46,0.427
5.411,5.0,5.137037037037037,0.8740740740740741,855.0,3.1666666666666665,34.0,-117.66,2.011
2.5694,27.0,3.143769968051118,0.9552715654952076,777.0,2.4824281150159746,34.43,-119.72,2.75
5.8622,30.0,6.456164383561644,1.0383561643835617,2271.0,3.110958904109589,33.8,-117.83,2.21
3.8668,45.0,5.460949464012251,1.0735068912710566,1601.0,2.451761102603369,34.18,-118.34,2.32
1.9787,39.0,4.398119122257054,1.037617554858934,1659.0,2.6003134796238245,38.68,-121.78,0.978
2.625,18.0,5.620300751879699,1.218045112781955,1280.0,2.406015037593985,33.95,-116.53,0.682
7.8532,8.0,6.961538461538462,1.043956043956044,1527.0,4.195054945054945,37.44,-121.89,4.228
7.0526,18.0,6.117283950617284,0.925925925925926,1027.0,3.169753086419753,33.88,-117.82,3.275
1.6785,12.0,4.485285101164929,1.011036174126303,7517.0,2.304414469650521,39.74,-121.88,1.531
2.7759,18.0,4.013353115727003,1.0578635014836797,2726.0,4.044510385756676,33.85,-117.88,2.0
3.5345,52.0,4.513207547169811,0.8905660377358491,965.0,3.641509433962264,40.47,-124.1,0.55
2.0938,16.0,2.74585635359116,1.0828729281767957,800.0,2.209944751381216,37.8,-122.27,1.625
1.7896,23.0,2.2468694096601074,1.0760286225402504,3720.0,3.32737030411449,34.06,-118.3,3.222
3.7625,10.0,8.442105263157895,1.8526315789473684,540.0,2.8421052631578947,38.94,-120.72,1.132
1.2347,16.0,3.6666666666666665,1.0825082508250825,930.0,3.0693069306930694,32.75,-117.08,1.281
1.7227,14.0,4.452425373134329,1.0569029850746268,2101.0,1.9598880597014925,40.61,-122.38,1.05
2.125,29.0,5.335714285714285,1.0214285714285714,991.0,3.539285714285714,34.13,-117.34,0.706
4.5724,4.0,6.837037037037037,1.2296296296296296,352.0,2.607407407407408,35.1,-117.98,0.845
1.3532,14.0,5.559718969555036,1.3044496487119437,723.0,1.693208430913349,39.03,-122.91,0.958
1.9107,36.0,4.912863070539419,1.3112033195020747,672.0,2.788381742738589,35.0,-117.65,0.398
4.0217,46.0,4.817610062893082,0.958071278825996,1429.0,2.9958071278826,37.75,-122.5,2.724
2.6452,18.0,5.108433734939759,1.1290877796901893,1149.0,1.9776247848537003,32.73,-117.07,1.542
2.1746,20.0,4.711111111111111,1.0464646464646463,1856.0,3.7494949494949497,39.74,-122.01,0.587
2.875,22.0,16.883561643835616,3.691780821917808,381.0,2.6095890410958904,39.06,-120.13,0.875
3.225,9.0,5.557640750670242,1.0831099195710456,916.0,2.455764075067024,38.66,-120.98,1.633
1.5,17.0,3.1972318339100347,1.0,609.0,2.10726643598616,37.81,-122.28,1.625
1.3462,33.0,4.563559322033898,1.1483050847457628,753.0,3.190677966101695,38.63,-121.44,0.559
2.631,29.0,5.148023549201009,1.0277544154751892,3595.0,3.0235492010092515,39.16,-123.22,1.096
2.6961,19.0,4.2046070460704605,1.2439024390243902,2033.0,2.754742547425474,33.93,-118.36,2.125
6.3013,49.0,7.0185528756957325,1.074211502782931,1601.0,2.9703153988868274,34.12,-118.1,5.00001
2.5536,23.0,5.48,1.2114285714285715,425.0,2.4285714285714284,40.81,-124.11,0.961
3.0507,52.0,4.427645788336933,1.062634989200864,1277.0,2.758099352051836,38.11,-122.24,1.073
6.0516,29.0,6.9581395348837205,1.3116279069767445,463.0,2.153488372093024,33.63,-117.95,5.00001
2.0425,35.0,5.556306306306307,1.0563063063063065,1194.0,2.689189189189189,40.19,-122.26,0.637
1.7432,30.0,4.120448179271708,1.0448179271708684,1418.0,3.971988795518208,36.1,-119.21,0.425
2.4925,28.0,3.6754491017964073,1.0347305389221555,1932.0,2.31377245508982,33.92,-118.13,1.772
5.791,36.0,5.275,0.95625,373.0,2.33125,37.34,-121.96,2.541
3.5521,8.0,5.292527821939586,1.1971383147853736,1312.0,2.085850556438792,33.6,-117.71,2.298
5.5622,43.0,5.93900481540931,1.0979133226324238,1488.0,2.388443017656501,37.73,-122.44,3.136
4.3523,5.0,6.425531914893617,1.0212765957446808,376.0,2.6666666666666665,39.25,-121.2,1.882
2.9375,33.0,3.7375,0.978125,1448.0,4.525,33.98,-118.16,1.625
4.1563,12.0,6.751497005988024,1.4131736526946108,1006.0,3.0119760479041915,37.13,-118.94,0.94
1.2667,7.0,3.326241134751773,1.053191489361702,1187.0,4.209219858156028,32.54,-117.04,0.675
4.125,30.0,4.7178362573099415,1.0716374269005848,1260.0,1.8421052631578947,37.89,-122.12,2.571
2.1979,41.0,3.975378787878788,1.003787878787879,2325.0,4.403409090909091,34.03,-118.17,1.408
5.6402,52.0,6.214285714285714,1.015625,957.0,2.1361607142857144,38.55,-121.5,2.098
2.03,38.0,4.686274509803922,1.1176470588235294,1131.0,2.772058823529412,36.78,-119.79,0.588
4.1181,36.0,4.8753709198813056,1.0356083086053411,1414.0,4.195845697329377,34.23,-118.4,1.727
5.5629,36.0,5.454819277108434,0.963855421686747,1005.0,3.02710843373494,34.09,-117.89,1.883
7.1924,52.0,5.715942028985507,0.9478260869565216,755.0,2.188405797101449,37.91,-122.56,5.00001
4.5368,18.0,4.027256208358571,1.03694730466384,3604.0,2.1829194427619623,37.34,-121.98,3.074
10.1447,26.0,7.203409090909091,0.9954545454545456,2540.0,2.886363636363636,33.77,-118.37,5.00001
2.0508,11.0,4.99388379204893,1.0642201834862386,504.0,1.5412844036697249,34.86,-120.4,2.75
3.7041,11.0,7.260932944606414,1.186588921282799,1934.0,2.8192419825072887,37.62,-120.95,1.748
6.1995,36.0,6.309756097560975,1.0146341463414634,1055.0,2.573170731707317,37.38,-122.09,4.072
1.4267,37.0,4.291845493562231,1.1201716738197425,1092.0,4.686695278969957,36.96,-120.05,0.523
2.8167,36.0,3.4476386036960984,0.9917864476386036,2249.0,4.618069815195072,33.95,-118.22,1.604
3.6406,39.0,3.932885906040268,0.9753914988814316,892.0,1.9955257270693512,34.11,-118.17,2.789
4.2885,31.0,5.506238859180035,1.0427807486631016,1366.0,2.4349376114082,38.53,-121.52,1.603
2.7857,21.0,6.132553606237817,1.1598440545808968,1580.0,3.0799220272904484,36.35,-119.09,0.927
2.7279,34.0,3.404063205417607,1.090293453724605,774.0,1.747178329571106,37.39,-122.09,3.656
4.825,26.0,5.257009345794392,0.9813084112149532,943.0,4.406542056074766,37.32,-121.83,1.81
3.6823,18.0,4.003267973856209,1.0359477124183007,694.0,2.2679738562091503,34.41,-119.71,2.55
2.7679,33.0,4.827433628318584,1.0309734513274336,890.0,3.938053097345133,34.01,-118.08,1.764
3.1364,30.0,6.837378640776699,1.4660194174757282,1089.0,2.6432038834951457,34.81,-118.95,1.235
1.8125,25.0,3.782442748091603,1.0381679389312977,941.0,3.5916030534351147,36.76,-120.38,0.58
3.6417,52.0,4.587131367292225,1.03485254691689,885.0,2.3726541554959786,37.77,-122.24,2.063
5.6349,24.0,5.71313672922252,0.9195710455764076,874.0,2.3431635388739944,37.84,-122.14,3.556
3.9934,18.0,4.857142857142857,0.8095238095238095,55.0,2.619047619047619,34.08,-118.68,5.00001
2.3256,24.0,5.959550561797752,1.2764044943820223,1532.0,3.442696629213484,36.32,-119.66,0.568
4.7569,37.0,5.626050420168068,1.084033613445378,706.0,2.966386554621849,34.06,-118.14,2.538
2.7083,18.0,4.99,1.0125,1270.0,3.175,33.74,-116.95,0.912
2.599,44.0,4.287390029325513,0.9912023460410556,821.0,2.407624633431085,34.0,-118.44,3.622
4.0652,52.0,5.365566037735849,0.9716981132075472,1166.0,2.75,37.78,-122.47,4.213
2.25,25.0,5.893805309734513,1.092920353982301,726.0,3.2123893805309733,39.06,-121.55,0.634
6.6188,32.0,6.567368421052632,1.0252631578947369,2615.0,2.7526315789473683,33.75,-118.09,3.8
3.7969,14.0,5.105603448275862,1.3017241379310345,1546.0,3.331896551724138,33.91,-118.09,1.594
1.7052,48.0,4.238095238095238,1.0453514739229024,1834.0,4.158730158730159,34.0,-118.27,1.074
4.0333,32.0,5.495176848874598,1.0643086816720255,2003.0,3.220257234726688,34.06,-117.94,2.102
1.9219,31.0,3.871401151631478,1.0863723608445297,2063.0,3.9596928982725528,33.97,-118.28,1.07
2.0903,34.0,7.612359550561798,1.4719101123595506,434.0,2.438202247191011,41.79,-120.08,0.561
3.7973,4.0,4.860127157129882,1.0990009082652137,2988.0,2.713896457765668,34.12,-117.56,1.813
3.6815,43.0,6.516129032258065,1.1096774193548389,692.0,2.232258064516129,34.95,-120.43,1.818
2.5192,43.0,4.8807017543859645,1.0280701754385966,855.0,3.0,37.73,-122.18,0.764
3.3333,29.0,4.104838709677419,0.9475806451612904,684.0,2.7580645161290325,33.86,-118.08,1.988
2.6513,21.0,4.9800796812749,0.9282868525896414,1428.0,2.8446215139442232,40.55,-122.36,1.133
6.7058,44.0,6.335429769392033,0.9916142557651992,1235.0,2.589098532494759,37.47,-122.27,4.959
2.75,27.0,4.018672199170124,1.1141078838174274,1211.0,2.512448132780083,32.8,-117.15,0.875
3.4279,25.0,5.6909090909090905,0.9854545454545456,661.0,2.403636363636364,36.81,-119.77,0.847
3.7917,23.0,5.624423963133641,1.066820276497696,1392.0,3.207373271889401,34.63,-120.47,1.422
5.2639,28.0,6.023454157782516,1.0021321961620469,1352.0,2.88272921108742,33.85,-118.1,2.42
2.3824,35.0,4.087591240875913,1.083941605839416,659.0,2.4051094890510947,38.44,-122.73,1.45
3.7614,31.0,4.145945945945946,0.9243243243243244,548.0,2.962162162162162,37.63,-122.08,1.76
1.975,30.0,4.808917197452229,1.0870488322717622,1402.0,2.976645435244161,34.65,-120.44,1.34
5.1282,35.0,5.543388429752066,0.981404958677686,1498.0,3.0950413223140494,37.59,-122.49,2.625
1.9236,52.0,4.5064935064935066,1.0909090909090908,558.0,2.415584415584416,34.07,-117.65,1.172
2.9896,36.0,4.289393939393939,1.0136363636363637,1279.0,1.937878787878788,32.75,-117.24,2.527
3.233,25.0,4.633587786259542,1.0729431721798135,3010.0,2.553011026293469,33.79,-118.16,1.991
2.2321,36.0,5.865671641791045,1.4477611940298507,573.0,4.276119402985074,35.52,-119.28,0.375
3.7647,17.0,5.349248452696728,1.0106100795755968,3424.0,3.0274093722369586,32.73,-117.0,1.276
2.3276,29.0,4.731075697211155,1.1155378486055776,1124.0,2.239043824701195,38.31,-122.48,1.662
3.7846,41.0,4.515202702702703,0.9763513513513512,2259.0,3.8158783783783785,34.12,-117.91,1.455
4.5304,34.0,4.7515625,1.0578125,1920.0,3.0,33.91,-118.32,1.813
6.1551,11.0,7.25615763546798,1.0307881773399017,2327.0,2.8657635467980294,36.58,-121.67,2.918
2.575,39.0,3.591203104786546,1.0866752910737387,2546.0,3.2936610608020698,34.16,-118.14,1.535
2.6875,22.0,5.889688249400479,1.1894484412470023,1720.0,4.124700239808154,36.77,-119.69,0.606
8.2037,7.0,6.008356545961003,1.00974930362117,1699.0,2.3662952646239552,33.9,-118.39,5.00001
2.2443,39.0,3.0448717948717947,0.9615384615384616,1366.0,4.378205128205129,34.35,-119.05,1.466
4.282,46.0,5.53265306122449,1.0020408163265306,1277.0,2.606122448979592,34.18,-118.35,2.247
3.4543,12.0,4.801041666666666,1.046875,2293.0,2.388541666666667,38.32,-122.28,1.945
7.2354,52.0,7.11716621253406,0.994550408719346,901.0,2.455040871934605,37.85,-122.24,3.911
3.6161,28.0,4.447552447552448,1.181818181818182,788.0,5.510489510489511,33.8,-118.24,1.313
3.0533,19.0,4.937190082644628,1.034710743801653,1610.0,2.6611570247933884,38.67,-121.21,1.121
4.5766,18.0,6.088541666666667,0.96875,614.0,3.1979166666666665,38.56,-121.32,1.087
4.1618,52.0,6.065602836879433,1.0602836879432624,1203.0,2.132978723404255,34.07,-118.34,5.00001
4.4167,37.0,4.919491525423729,1.076271186440678,882.0,3.73728813559322,33.9,-118.06,1.58
2.2813,15.0,4.998011928429423,0.9582504970178928,1166.0,2.3180914512922466,38.72,-121.3,1.319
4.125,19.0,5.423267326732673,0.9678217821782178,1065.0,2.636138613861386,38.41,-122.84,2.046
2.6016,14.0,4.6989733059548255,1.104722792607803,6068.0,2.491991786447638,38.68,-121.28,1.212
3.2632,43.0,5.613744075829384,0.9786729857819904,944.0,2.2369668246445498,37.66,-121.0,1.381
2.8192,29.0,5.350378787878788,1.0265151515151516,3985.0,3.773674242424242,33.68,-117.7,1.625
1.0208,29.0,4.9543726235741445,1.1711026615969582,861.0,3.273764258555133,38.55,-121.47,0.558
8.8178,27.0,7.472035794183445,1.0089485458612977,1220.0,2.7293064876957494,37.27,-122.01,5.00001
1.0278,15.0,3.6932515337423313,1.0,543.0,1.665644171779141,32.76,-117.02,1.542
5.1047,9.0,6.528042328042328,1.0148148148148148,3378.0,3.574603174603175,37.82,-121.24,1.579
2.0938,42.0,4.036842105263158,1.0973684210526315,1295.0,3.4078947368421053,34.0,-118.28,1.192
6.0274,36.0,6.2075471698113205,1.026954177897574,862.0,2.3234501347708894,37.75,-122.45,3.49
2.2482,19.0,4.524978089395267,1.077125328659071,2680.0,2.3488168273444345,34.14,-117.25,1.145
3.087,19.0,5.956916099773243,1.138321995464853,1295.0,2.9365079365079363,36.74,-120.07,0.882
4.119,52.0,5.101674641148326,1.0909090909090908,1555.0,1.860047846889952,37.76,-122.4,2.983
1.7143,34.0,3.114864864864865,1.0472972972972974,2450.0,3.310810810810811,34.01,-118.28,1.32
3.0687,32.0,5.185552407932011,1.114730878186969,1613.0,2.284702549575071,35.63,-117.67,0.635
2.6709,19.0,4.176047904191617,1.148502994011976,2278.0,2.7281437125748504,34.19,-118.44,2.155
2.7757,17.0,5.267948717948718,1.1333333333333333,2544.0,3.261538461538461,34.11,-117.43,1.098
1.528,43.0,4.651515151515151,1.067099567099567,1316.0,2.8484848484848486,33.96,-118.31,1.318
3.6437,17.0,5.158730158730159,1.0738440303657697,2092.0,1.4437543133195307,37.85,-122.06,1.865
4.1033,34.0,4.892253931275481,1.0553290623179965,4101.0,2.388468258590565,37.64,-122.43,3.01
4.1818,22.0,4.426056338028169,1.0651408450704225,1225.0,2.1566901408450705,33.93,-118.41,3.397
2.0357,30.0,4.055415617128464,1.0327455919395463,1000.0,2.5188916876574305,36.77,-119.79,0.602
3.2292,52.0,6.563636363636364,1.3818181818181818,168.0,3.0545454545454547,37.77,-122.41,2.75
3.7734,36.0,5.82258064516129,1.0161290322580645,169.0,2.725806451612903,37.95,-121.24,0.638
4.4722,18.0,5.511560693641618,1.0419075144508672,1881.0,2.718208092485549,34.11,-117.79,2.156
4.2989,34.0,4.787658802177859,1.0526315789473684,1150.0,2.087114337568058,34.16,-118.4,3.647
1.6389,24.0,3.294294294294294,0.921921921921922,470.0,1.4114114114114114,33.64,-117.94,2.25
4.0677,36.0,5.525925925925926,1.0444444444444445,1041.0,3.855555555555556,33.98,-118.08,1.658
2.9097,8.0,3.817014446227929,1.0240770465489566,1410.0,2.263242375601926,32.81,-116.96,1.525
1.5982,20.0,6.124015748031496,1.2263779527559056,1000.0,1.968503937007874,33.74,-116.88,1.4
6.5987,24.0,7.375565610859729,1.0361990950226243,1383.0,3.1289592760180995,33.72,-117.82,2.728
4.3036,35.0,5.699059561128527,1.0626959247648904,828.0,2.595611285266458,33.88,-118.32,2.821
4.0985,45.0,5.737179487179487,1.0128205128205128,1035.0,3.3173076923076925,34.19,-118.17,1.731
4.2727,47.0,4.612648221343873,0.9881422924901184,953.0,3.766798418972332,37.72,-122.4,2.419
2.9688,52.0,4.230547550432276,1.0461095100864553,870.0,2.5072046109510087,37.77,-122.28,2.208
2.543,15.0,4.877094972067039,1.1154562383612665,1513.0,2.817504655493482,32.81,-116.95,1.0
6.2306,22.0,5.749478079331942,0.9958246346555324,1163.0,2.4279749478079333,37.59,-122.4,5.00001
15.0001,2.0,22.22222222222222,2.2222222222222223,25.0,2.7777777777777777,37.74,-121.96,3.5
2.0703,46.0,3.773413897280967,1.0785498489425982,1607.0,4.854984894259819,34.02,-118.26,1.148
3.1786,41.0,3.079136690647482,0.7985611510791367,585.0,4.2086330935251794,33.98,-118.17,1.321
3.225,46.0,4.326639892904953,1.1178045515394912,1373.0,1.8380187416332,37.81,-122.25,2.188
1.87,38.0,2.8222222222222224,1.2355555555555555,1692.0,3.76,34.07,-118.27,1.708
3.6154,52.0,5.616016427104722,1.1478439425051334,1076.0,2.209445585215606,38.06,-122.21,1.557
7.2707,8.0,6.771929824561403,1.0394736842105263,1799.0,3.945175438596491,37.33,-121.77,3.553
2.0173,25.0,2.592005513439008,1.0954514128187456,7221.0,2.4882839421088905,34.07,-118.28,1.775
2.5603,32.0,3.517821782178218,1.0495049504950495,3129.0,3.098019801980198,34.18,-118.38,1.742
2.182,15.0,6.047482014388489,1.3899280575539568,1756.0,2.5266187050359714,34.18,-116.29,0.608
8.1248,18.0,7.85130890052356,1.0219895287958116,3189.0,3.339267015706806,34.32,-118.52,3.74
2.0734,21.0,3.833605220228385,1.0880913539967374,1621.0,2.6443719412724307,32.59,-117.1,0.875
4.3203,37.0,5.140625,0.9625,1077.0,3.365625,33.97,-118.06,1.592
2.2639,52.0,4.9734513274336285,1.084070796460177,528.0,2.336283185840708,38.01,-121.81,1.285
1.6827,52.0,4.934725848563969,1.0966057441253263,974.0,2.5430809399477807,39.72,-121.83,0.787
4.0703,10.0,6.343575418994414,1.111731843575419,986.0,2.7541899441340782,36.32,-118.94,1.471
4.2132,2.0,6.200305810397554,1.1238532110091743,1730.0,2.6452599388379205,36.83,-119.88,0.965
3.4267,11.0,5.128698224852071,1.107988165680473,2163.0,3.1997041420118344,34.03,-117.71,1.644
5.2522,16.0,6.464088397790055,0.9834254143646408,566.0,3.12707182320442,37.32,-120.43,1.253
3.3636,37.0,4.29242819843342,1.031331592689295,959.0,2.503916449086162,34.13,-118.24,2.577
3.5833,32.0,5.829479768786127,1.03757225433526,855.0,2.4710982658959537,40.79,-124.13,0.928
2.181,36.0,3.399581589958159,1.0251046025104602,2003.0,4.190376569037657,34.04,-118.2,1.472
3.3125,49.0,4.698581560283688,0.9822695035460992,764.0,2.7092198581560285,37.74,-122.15,1.18
3.4914,44.0,5.963917525773196,1.0695876288659794,796.0,2.051546391752577,38.58,-121.45,1.539
0.536,4.0,14.0,3.333333333333333,9.0,3.0,34.14,-116.76,0.425
4.9196,37.0,4.866666666666666,0.8862745098039215,621.0,2.4352941176470586,33.84,-118.3,2.324
2.4519,45.0,5.155797101449275,1.0072463768115942,822.0,2.9782608695652173,34.02,-118.31,0.981
3.069,35.0,5.317280453257791,0.9291784702549576,1155.0,3.271954674220963,36.81,-119.79,0.696
3.7054,28.0,4.120092378752887,1.0161662817551964,1255.0,2.8983833718244805,33.87,-117.97,1.692
2.8958,17.0,4.392905866302865,0.9768076398362892,1381.0,1.884038199181446,34.18,-118.91,1.76
4.6635,28.0,6.41726618705036,1.118705035971223,735.0,2.643884892086331,37.64,-122.1,2.067
5.653,25.0,7.043388429752066,1.0185950413223142,1699.0,3.510330578512397,34.27,-118.73,2.258
1.6156,45.0,3.3628318584070795,0.9144542772861356,840.0,2.47787610619469,32.72,-117.14,1.563
1.6602,31.0,3.95260663507109,1.085308056872038,616.0,2.919431279620853,36.62,-119.68,0.612
3.3438,25.0,4.297674418604651,1.1081395348837209,2827.0,3.2872093023255813,33.84,-118.08,1.533
3.2852,17.0,5.5353260869565215,1.0606884057971016,2950.0,2.6721014492753623,37.33,-120.46,0.988
1.8967,15.0,5.40877598152425,1.235565819861432,1064.0,2.4572748267898383,39.5,-123.34,0.966
2.6567,20.0,5.295867768595041,1.033057851239669,2016.0,3.332231404958678,37.68,-121.03,1.104
2.1667,23.0,4.023588879528222,1.1086773378264532,4797.0,4.041280539174389,34.11,-117.9,1.426
6.6112,31.0,6.758474576271187,0.9194915254237288,542.0,2.296610169491525,38.51,-121.51,2.516
6.776,21.0,6.753371868978806,1.0240847784200386,3331.0,3.2090558766859343,34.37,-118.55,2.781
3.9722,21.0,17.25,3.1944444444444446,309.0,2.145833333333333,39.14,-120.16,1.278
3.1845,47.0,4.761904761904762,0.9635854341736696,922.0,2.5826330532212887,37.96,-121.32,0.872
4.8787,33.0,6.104602510460251,1.0334728033472804,1365.0,2.8556485355648538,34.7,-118.16,1.277
4.535,19.0,5.574534161490683,1.0186335403726707,1014.0,3.1490683229813663,33.86,-118.03,2.893
6.4685,22.0,6.721374045801527,1.036259541984733,1706.0,3.2557251908396947,33.83,-117.88,2.412
2.7667,23.0,4.616702355460386,1.063169164882227,2317.0,2.480728051391863,38.32,-122.29,1.532
13.0502,6.0,9.413793103448276,1.0804597701149423,572.0,3.2873563218390807,33.48,-117.65,5.00001
3.4792,30.0,4.532956685499058,1.0941619585687383,1724.0,3.2467043314500943,33.9,-118.31,1.947
6.142,44.0,6.01360544217687,1.0108843537414969,1790.0,2.435374149659864,37.49,-122.25,3.947
5.2837,27.0,6.900523560209424,1.130890052356021,495.0,2.5916230366492146,32.81,-117.21,2.838
4.3698,26.0,5.184275184275184,1.0049140049140048,1146.0,2.815724815724816,33.76,-117.84,2.296
7.2519,33.0,7.526515151515151,1.0378787878787878,1398.0,2.647727272727273,33.96,-117.37,2.166
2.4464,32.0,3.920704845814978,1.066079295154185,1732.0,3.814977973568282,34.08,-118.03,1.696
3.7734,48.0,5.300829875518672,1.1369294605809128,1285.0,2.66597510373444,37.75,-122.48,3.147
5.1084,25.0,6.487025948103793,1.089820359281437,1452.0,2.8982035928143715,33.94,-117.94,3.038
5.7373,12.0,5.6594827586206895,0.9956896551724138,731.0,3.1508620689655173,38.63,-120.84,2.083
3.9688,35.0,4.981981981981982,1.0337837837837838,2101.0,2.365990990990991,34.01,-118.39,3.551
1.9362,33.0,4.210216110019647,0.9587426326129664,1732.0,3.402750491159136,35.6,-119.34,0.59
1.2857,36.0,3.7245762711864407,1.1101694915254237,1034.0,4.38135593220339,34.01,-118.25,0.993
2.6719,28.0,3.884156729131176,1.039182282793867,1255.0,2.137989778534924,37.66,-122.07,1.612
4.2188,17.0,6.024793388429752,1.1074380165289257,431.0,3.56198347107438,37.54,-120.72,1.313
2.5625,33.0,4.345505617977528,1.0449438202247192,1063.0,2.985955056179775,37.66,-122.08,1.543
2.4016,41.0,5.564755838641189,1.1507430997876855,1074.0,2.280254777070064,32.74,-117.22,2.875
2.5521,36.0,5.0,1.0176211453744493,614.0,2.7048458149779737,33.9,-118.25,1.131
2.4922,31.0,5.011811023622047,1.031496062992126,686.0,2.7007874015748032,33.93,-117.43,1.094
3.2188,36.0,5.4770408163265305,1.0612244897959184,1011.0,2.579081632653061,33.85,-117.93,1.969
2.6818,8.0,4.649673202614379,1.1633986928104576,2251.0,2.942483660130719,34.09,-117.63,1.141
3.1734,38.0,6.0602409638554215,1.0451807228915662,880.0,2.6506024096385543,37.67,-122.13,1.816
5.3473,41.0,6.089171974522293,0.9808917197452228,896.0,2.853503184713376,34.23,-118.24,3.527
2.9896,20.0,4.518134715025907,1.0310880829015543,1532.0,2.64594127806563,32.78,-117.01,2.356
4.6452,23.0,5.572815533980583,1.022653721682848,865.0,2.799352750809061,33.68,-117.97,2.738
4.6635,28.0,6.41726618705036,1.118705035971223,735.0,2.643884892086331,37.64,-122.1,2.067
1.6652,34.0,3.8755244755244753,1.1216783216783217,2782.0,3.890909090909091,33.97,-118.28,0.99
2.375,41.0,3.72289156626506,1.0120481927710845,747.0,1.8,32.76,-117.13,1.544
3.6053,35.0,4.510135135135135,1.0,635.0,2.14527027027027,37.3,-121.92,3.458
3.9167,28.0,8.839142091152816,1.8123324396782845,923.0,2.474530831099196,38.38,-123.08,2.326
6.1133,11.0,7.241887905604719,1.0147492625368733,1110.0,3.274336283185841,36.83,-119.68,1.2
5.2363,19.0,4.546762589928058,0.947242206235012,2105.0,2.5239808153477217,33.83,-118.32,3.1
2.2439,18.0,7.426829268292683,1.6920731707317074,955.0,1.4557926829268293,33.77,-116.44,0.975
5.4727,34.0,6.312785388127854,1.1757990867579908,1422.0,3.246575342465753,34.21,-118.15,2.389
4.1717,33.0,4.985333333333333,1.1186666666666667,2701.0,1.8006666666666666,34.11,-118.35,5.00001
8.3931,9.0,7.38830162085976,1.1296687808315715,4005.0,2.8224101479915435,33.84,-117.79,3.653
6.487,4.0,8.587677725118484,1.2085308056872035,661.0,3.132701421800948,33.47,-117.62,2.942
3.1071,24.0,5.132075471698113,1.0566037735849056,442.0,4.169811320754717,36.28,-119.81,0.561
4.5357,13.0,5.850485436893204,0.9436893203883496,1361.0,2.6427184466019416,40.52,-122.66,1.712
2.4286,33.0,5.674285714285714,1.062857142857143,556.0,3.177142857142857,37.34,-120.3,1.036
2.4663,39.0,4.22020725388601,1.0958549222797926,804.0,2.082901554404145,36.6,-121.9,2.365
5.6396,19.0,5.961136023916293,1.0508221225710015,3437.0,2.5687593423019432,37.56,-122.25,4.303
5.2128,49.0,5.781021897810219,0.9927007299270072,331.0,2.416058394160584,36.97,-122.04,2.386
3.2813,15.0,5.04954128440367,1.001834862385321,1422.0,2.6091743119266053,35.5,-120.67,1.75
3.3333,45.0,4.594132029339853,0.9657701711491442,946.0,2.312958435207824,34.05,-118.36,2.547
2.6964,21.0,4.660377358490566,1.19811320754717,489.0,4.613207547169812,34.2,-119.18,1.708
9.1808,12.0,8.400541271989175,1.0148849797023003,2443.0,3.3058186738836266,33.82,-117.78,4.137
9.532,50.0,7.114427860696518,0.9253731343283582,620.0,3.084577114427861,34.19,-118.11,4.833
2.0156,33.0,3.4304857621440537,0.9798994974874372,2074.0,3.474036850921273,33.78,-118.16,1.527
4.0985,45.0,5.737179487179487,1.0128205128205128,1035.0,3.3173076923076925,34.19,-118.17,1.731
1.5,5.0,3.620578778135048,1.0160771704180065,819.0,2.633440514469453,34.13,-117.9,1.398
3.25,32.0,5.220883534136546,0.9397590361445785,712.0,2.859437751004016,34.69,-118.15,1.075
2.3,16.0,4.498084291187739,0.9272030651340996,464.0,1.7777777777777777,38.14,-121.25,1.333
3.7328,38.0,4.535014005602241,1.061624649859944,886.0,2.481792717086835,33.99,-118.05,1.824
6.729,22.0,7.488095238095238,1.0297619047619049,2855.0,2.8323412698412698,34.31,-119.21,4.093
1.9464,27.0,3.971128608923885,1.036745406824147,1121.0,2.942257217847769,32.98,-115.54,0.606
3.8235,10.0,5.34593837535014,1.0070028011204482,1686.0,2.361344537815126,36.32,-119.35,0.946
1.8438,17.0,5.322784810126582,1.0506329113924051,887.0,2.806962025316456,40.39,-122.29,0.764
3.2411,52.0,5.1488203266787655,1.0925589836660616,1164.0,2.1125226860254083,34.06,-118.35,2.5
4.8472,19.0,7.309255079006772,1.419864559819413,1195.0,2.697516930022573,34.32,-119.39,5.00001
3.0403,20.0,5.607361963190184,1.1116564417177914,2125.0,2.607361963190184,39.08,-120.98,1.48
3.2125,19.0,5.2075471698113205,1.2169811320754718,314.0,2.962264150943396,34.68,-118.27,1.854
2.7036,24.0,3.8568665377176017,1.0618955512572534,2909.0,2.8133462282398454,34.08,-118.14,1.7
6.9399,18.0,6.727112676056338,1.0140845070422535,1430.0,2.517605633802817,33.9,-117.9,3.496
5.4413,8.0,6.795297372060857,1.0290456431535269,2005.0,2.773167358229599,38.67,-120.99,1.879
4.9118,26.0,6.391304347826087,1.1014492753623188,1597.0,3.3064182194616976,37.55,-122.03,2.173
2.1108,44.0,3.810160427807487,1.1711229946524064,1121.0,2.9973262032085564,34.08,-118.25,2.0
5.901,18.0,6.466520307354555,1.0098792535675083,2882.0,3.163556531284303,34.33,-118.43,2.356
3.9519,15.0,6.907496012759171,1.1148325358851674,2046.0,3.263157894736842,32.64,-116.99,1.935
3.733,23.0,5.784552845528455,1.048780487804878,1526.0,3.1016260162601625,38.34,-122.69,1.635
4.875,30.0,4.206030150753769,1.07035175879397,606.0,3.0452261306532664,37.69,-122.47,2.588
3.5659,24.0,3.6341248900615657,1.071679859278804,3148.0,1.3843447669305189,34.09,-118.38,2.813
2.85,38.0,5.0893470790378,1.0893470790378006,1080.0,3.711340206185567,32.68,-117.06,1.258
2.3417,40.0,3.238500851788757,1.1567291311754684,865.0,1.473594548551959,33.98,-118.51,4.25
2.1719,44.0,4.283489096573208,1.0934579439252337,766.0,2.3862928348909658,38.57,-121.5,0.875
2.7101,25.0,4.837320574162679,1.0606060606060606,1559.0,2.486443381180224,38.5,-121.45,0.995
2.6667,52.0,5.652173913043479,1.038647342995169,604.0,2.917874396135266,37.34,-121.87,3.259
1.4301,47.0,3.26372155287818,1.0763052208835342,1148.0,1.536813922356091,38.57,-121.48,1.417
2.9904,36.0,4.3675417661097855,1.026252983293556,755.0,1.801909307875895,32.74,-117.25,2.868
1.676,44.0,3.672176308539945,1.143250688705234,2297.0,3.1639118457300275,34.09,-118.32,2.088
3.2798,45.0,5.173387096774194,1.0201612903225807,1025.0,4.133064516129032,33.92,-118.2,1.412
2.4444,20.0,6.333333333333333,0.8666666666666667,31.0,2.066666666666667,37.88,-122.22,4.75
6.3443,39.0,5.508130081300813,0.8699186991869918,682.0,2.772357723577236,37.62,-122.42,3.247
4.6875,36.0,5.108504398826979,0.997067448680352,857.0,2.5131964809384164,33.82,-118.11,2.182
2.2466,30.0,5.277258566978193,0.97196261682243,1008.0,3.1401869158878504,36.64,-119.82,0.96
1.3278,32.0,4.408510638297872,1.0574468085106383,2002.0,4.259574468085106,36.76,-119.75,0.445
2.32,25.0,4.517676767676767,1.3535353535353536,1134.0,2.863636363636364,38.95,-119.94,0.913
3.6312,7.0,4.579741379310345,1.0948275862068966,1358.0,2.9267241379310347,37.76,-121.43,1.476
5.7843,5.0,5.923990498812351,0.9833729216152018,1416.0,3.3634204275534443,32.78,-115.58,1.101
3.191,30.0,4.034090909090909,1.0613636363636365,3738.0,4.247727272727273,34.0,-118.41,2.712
1.9038,39.0,3.77734375,1.0,903.0,3.52734375,33.91,-118.26,0.931
2.7075,29.0,3.612682926829269,1.048780487804878,1611.0,1.5717073170731708,37.51,-122.26,3.238
5.7268,23.0,6.009009009009009,1.027027027027027,1560.0,2.810810810810811,33.99,-117.97,3.003
4.8409,31.0,4.675585284280936,0.9130434782608696,884.0,2.9565217391304346,34.62,-118.32,2.649
3.9741,28.0,5.082585278276481,0.9910233393177738,2330.0,4.183123877917415,34.08,-117.96,1.731
6.221,52.0,6.571428571428571,0.9666666666666668,530.0,2.523809523809524,37.6,-122.4,4.203
4.6937,26.0,5.484011627906977,1.0087209302325582,2103.0,3.056686046511628,34.13,-117.84,1.98
1.5758,11.0,4.789346246973365,1.1138014527845037,2756.0,2.2243744955609364,34.41,-117.29,1.083
6.3237,4.0,7.784104875051208,1.1011880376894716,8980.0,3.678820155673904,32.95,-117.18,2.609
1.9821,43.0,5.186274509803922,1.0457516339869282,907.0,2.9640522875816995,37.75,-122.17,0.983
1.9798,41.0,5.218543046357616,1.1225165562913908,1252.0,4.145695364238411,33.95,-118.25,0.981
3.8036,26.0,5.609090909090909,1.018181818181818,251.0,2.2818181818181817,32.75,-117.22,1.62
3.2969,38.0,4.733812949640288,0.946043165467626,671.0,2.413669064748201,33.84,-117.92,2.2
6.2488,16.0,5.461538461538462,0.9031339031339032,1324.0,3.772079772079772,33.71,-117.9,2.52
1.5464,17.0,4.5,0.9935064935064936,2022.0,4.376623376623376,36.31,-119.22,0.541
6.3525,18.0,6.332386363636363,0.9829545454545454,1088.0,3.090909090909091,33.04,-117.26,2.783
6.776,21.0,6.753371868978806,1.0240847784200386,3331.0,3.2090558766859343,34.37,-118.55,2.781
4.9808,42.0,5.424778761061947,1.0206489675516224,1034.0,3.050147492625369,33.93,-118.15,2.123
2.4459,17.0,3.82487922705314,1.039855072463768,2098.0,2.533816425120773,32.97,-117.1,0.858
7.1267,15.0,6.9327217125382266,1.0642201834862386,1150.0,3.516819571865444,37.29,-121.76,2.779
4.5909,16.0,5.475877192982456,1.0964912280701755,1357.0,2.9758771929824563,33.63,-117.71,2.418
3.9667,25.0,5.008988764044944,1.0359550561797752,2998.0,3.368539325842697,37.53,-122.04,2.185
2.2868,17.0,5.6,1.0735042735042737,3546.0,6.061538461538461,41.81,-124.15,1.031
1.4205,28.0,31.0625,8.5,98.0,2.0416666666666665,35.72,-118.59,0.9
3.2437,44.0,4.996138996138996,1.0386100386100383,645.0,2.4903474903474905,36.96,-122.04,2.239
11.3176,28.0,8.082289803220036,1.033989266547406,1489.0,2.663685152057245,37.38,-122.21,5.00001
4.0625,18.0,5.259541984732825,0.8969465648854962,818.0,3.122137404580153,38.46,-121.43,1.003
8.7385,16.0,8.244623655913978,1.064516129032258,1275.0,3.427419354838709,33.69,-117.79,3.4
3.6362,6.0,4.871772805507745,1.1075731497418244,2943.0,2.5327022375215145,34.17,-117.32,1.065
2.1875,43.0,3.829931972789116,0.9829931972789115,1132.0,3.8503401360544216,32.7,-117.14,0.87
6.396,35.0,5.863636363636363,0.9829545454545454,453.0,2.573863636363636,37.62,-122.04,2.085
3.25,16.0,4.935483870967742,1.060931899641577,830.0,2.974910394265233,39.37,-123.75,1.514
2.2339,45.0,4.712025316455696,1.0727848101265822,791.0,2.5031645569620253,33.99,-118.31,1.048
2.8072,23.0,4.1120401337792645,1.1521739130434785,2720.0,4.548494983277592,33.83,-117.9,1.647
3.2444,16.0,6.179166666666666,1.2041666666666666,1365.0,2.84375,38.7,-121.32,1.184
5.5191,29.0,6.196296296296296,1.0518518518518518,794.0,2.9407407407407407,34.2,-118.61,2.458
2.68,30.0,3.3196480938416424,1.0175953079178883,1433.0,4.202346041055718,33.93,-118.36,1.7
2.1743,30.0,3.364394993045897,0.9944367176634216,3208.0,4.461752433936022,33.97,-118.16,1.76
1.564,35.0,4.519886363636363,1.0340909090909092,1290.0,3.664772727272727,37.63,-121.02,0.818
3.5192,9.0,8.747474747474747,1.8451178451178447,796.0,2.68013468013468,38.61,-120.44,0.98
1.6221,41.0,3.82560706401766,1.086092715231788,1776.0,3.9205298013245033,34.0,-118.26,1.042
1.8466,43.0,4.701807228915663,1.0662650602409638,862.0,2.5963855421686746,37.59,-120.95,0.815
1.7372,20.0,4.950680272108843,1.0153061224489797,1746.0,2.9693877551020407,35.99,-119.28,0.51
5.8578,21.0,8.652173913043478,1.062111801242236,1114.0,3.459627329192547,34.28,-118.76,2.663
2.9244,32.0,5.332819722650231,1.024653312788906,1507.0,2.3220338983050848,36.8,-119.77,0.846
2.7209,32.0,5.090510948905109,1.0802919708029195,1957.0,2.856934306569343,37.64,-120.95,0.883
6.3794,35.0,6.827715355805244,1.0337078651685394,1409.0,2.6385767790262173,34.2,-118.21,5.00001
2.2083,52.0,4.107438016528926,1.0909090909090908,547.0,4.520661157024794,34.03,-118.21,1.463
3.0682,52.0,3.732843137254902,1.0955882352941178,636.0,1.5588235294117647,33.99,-118.47,4.125
4.0625,44.0,5.10969387755102,0.9948979591836736,1291.0,3.2933673469387754,34.03,-118.14,2.011
1.9667,26.0,8.25,1.855555555555556,406.0,2.2555555555555555,38.94,-119.97,0.846
6.1498,26.0,6.276243093922652,0.998158379373849,1664.0,3.0644567219152856,34.09,-117.86,2.391
3.9417,42.0,5.074850299401198,1.032934131736527,719.0,2.152694610778444,37.94,-122.33,1.391
1.7756,21.0,4.904761904761905,1.0376984126984128,1238.0,2.4563492063492065,36.07,-119.05,0.629
4.0076,22.0,4.933021806853582,1.1573208722741433,1797.0,2.799065420560748,33.4,-117.59,2.521
4.2471,4.0,5.816950633464395,1.0589777195281782,6420.0,2.8047182175622543,37.68,-120.94,1.621
4.3636,33.0,5.510204081632653,1.0148423005565863,1869.0,3.467532467532468,33.81,-118.0,2.018
2.2661,16.0,5.783050847457627,1.1305084745762712,1873.0,3.1745762711864405,40.37,-120.58,0.618
1.7132,21.0,3.820197044334976,1.041871921182266,1519.0,3.7413793103448274,36.69,-119.55,0.559
1.6,39.0,3.747967479674797,1.048780487804878,381.0,3.097560975609756,37.79,-122.25,1.125
3.152,21.0,4.4875,1.015,2246.0,5.615,33.71,-117.86,1.528
3.1801,29.0,4.814814814814815,1.0916179337231968,1589.0,3.097465886939572,33.79,-117.99,1.905
5.1728,7.0,4.650485436893204,0.8155339805825242,327.0,3.174757281553398,36.29,-119.8,1.075
3.2396,14.0,5.092511013215859,0.9515418502202644,574.0,2.5286343612334803,38.37,-121.94,1.438
12.2092,20.0,8.836990595611285,1.0,1019.0,3.19435736677116,33.82,-117.81,5.00001
7.5,35.0,6.282296650717703,0.9282296650717704,599.0,2.8660287081339715,34.06,-117.9,2.872
0.8288,13.0,2.5455904334828103,1.0418535127055306,1823.0,2.724962630792227,34.05,-118.24,1.813
12.9591,49.0,7.5,0.9973684210526316,1113.0,2.9289473684210527,34.11,-118.29,5.00001
2.9,12.0,3.662847790507365,1.11620294599018,1882.0,3.0801963993453354,34.17,-118.29,2.083
4.9489,45.0,6.102739726027397,1.0616438356164384,384.0,2.6301369863013697,37.75,-122.24,2.471
5.5446,28.0,6.092057761732852,1.0090252707581226,1754.0,3.166064981949458,33.78,-118.02,2.289
2.7436,27.0,4.159169550173011,1.0602076124567474,3620.0,2.5051903114186853,34.1,-118.09,2.017
3.3627,25.0,4.272840016535759,1.0731707317073171,7111.0,2.9396444811905744,33.78,-117.9,1.979
4.25,4.0,6.232227488151659,1.1895734597156398,1150.0,2.7251184834123223,35.13,-117.95,1.044
4.4375,16.0,6.126353790613718,0.9638989169675092,832.0,3.003610108303249,38.35,-121.98,1.326
7.5197,42.0,4.24,0.72,40.0,1.6,38.22,-122.28,2.75
4.1071,52.0,4.681603773584905,0.945754716981132,1337.0,3.1533018867924527,37.73,-122.43,2.409
2.5521,38.0,2.859848484848485,1.0113636363636365,2899.0,3.660353535353536,34.08,-118.27,1.575
4.7917,36.0,5.970223325062035,1.0818858560794045,1189.0,2.9503722084367245,37.57,-122.3,2.761
2.6364,48.0,4.182584269662922,0.9157303370786516,1115.0,3.1320224719101124,37.73,-122.4,1.993
3.5035,37.0,3.938697318007663,1.053639846743295,904.0,3.4636015325670497,37.7,-122.46,2.386
3.5,35.0,4.806179775280899,0.9410112359550562,825.0,2.317415730337079,34.08,-117.89,2.156
5.4236,35.0,5.468671679197995,0.9774436090225564,1248.0,3.1278195488721803,33.91,-118.02,2.167
2.127,15.0,3.958745874587459,1.1336633663366336,3087.0,2.547029702970297,33.78,-118.16,1.633
4.2036,34.0,4.990675990675991,0.9906759906759908,1559.0,3.634032634032634,33.65,-117.93,2.201
4.1379,42.0,4.828767123287672,1.0547945205479452,624.0,2.136986301369863,38.03,-122.7,3.091
4.4762,30.0,6.247685185185185,1.0717592592592593,2672.0,3.092592592592593,33.94,-117.55,1.639
12.0933,10.0,8.179012345679013,1.1666666666666667,427.0,2.635802469135802,37.98,-122.46,5.00001
2.8906,11.0,7.918918918918919,1.6891891891891893,317.0,4.283783783783784,34.61,-120.09,0.844
1.7159,49.0,4.491735537190083,0.993801652892562,1861.0,3.8450413223140494,33.99,-118.28,0.95
2.3269,28.0,4.422018348623853,1.0642201834862386,782.0,3.5871559633027523,37.94,-121.25,0.559
3.0882,14.0,7.001727115716753,1.359240069084629,1581.0,2.7305699481865284,34.95,-119.16,1.482
1.7427,32.0,4.757575757575758,1.0171277997364954,2060.0,2.7140974967061924,40.69,-122.36,0.606
6.6888,36.0,6.482213438735178,0.9446640316205532,693.0,2.739130434782609,34.16,-118.03,5.00001
1.0658,46.0,3.076923076923077,1.1846153846153846,180.0,2.769230769230769,32.69,-117.12,0.938
2.936,17.0,3.300337457817773,1.0686164229471316,2517.0,2.831271091113611,34.2,-118.44,2.325
5.1437,4.0,4.96480743691899,1.046480743691899,2937.0,1.950199203187251,37.72,-121.92,2.994
2.9934,14.0,5.315656565656566,1.0,960.0,2.4242424242424243,34.41,-117.28,1.182
3.6484,18.0,6.4983498349834985,1.0709570957095709,1861.0,3.070957095709571,38.7,-121.37,0.95
3.2792,32.0,4.657894736842105,1.0160183066361557,1900.0,2.1739130434782608,34.27,-119.24,2.205
1.8185,23.0,4.026785714285714,1.0267857142857142,1322.0,3.934523809523809,34.97,-120.54,0.978
2.0375,26.0,7.12,1.6,55.0,2.2,41.21,-122.34,0.575
4.8059,52.0,6.572815533980583,1.1019417475728157,531.0,2.5776699029126213,34.16,-118.0,2.706
3.4605,49.0,4.044155844155844,1.051948051948052,1173.0,3.0467532467532465,37.72,-122.44,2.65
5.8783,34.0,6.326820603907637,1.0035523978685612,1542.0,2.738898756660746,37.6,-122.42,4.051
2.3889,6.0,6.316614420062696,1.2946708463949843,992.0,3.109717868338558,36.09,-119.57,0.532
3.6298,34.0,4.28968253968254,0.8134920634920635,1325.0,5.257936507936508,34.06,-117.8,1.085
4.9792,35.0,4.905844155844156,0.8896103896103896,853.0,2.76948051948052,33.86,-118.3,2.513
2.1182,18.0,5.083686440677966,1.0963983050847457,1966.0,2.082627118644068,33.74,-117.11,0.713
2.29,23.0,5.683381088825215,1.0974212034383954,1518.0,2.174785100286533,34.04,-117.05,1.118
1.4375,36.0,4.417322834645669,1.4173228346456692,340.0,2.677165354330709,34.09,-118.33,1.65
2.9306,37.0,5.4363636363636365,1.0618181818181818,858.0,3.12,37.04,-120.35,0.463
1.4886,11.0,3.859375,1.0703125,1528.0,2.984375,32.75,-117.1,0.898
3.3199,25.0,4.106854838709677,1.0383064516129032,1435.0,2.8931451612903225,33.87,-117.98,1.888
3.3681,18.0,5.410377358490566,0.9528301886792452,717.0,3.3820754716981134,36.3,-119.66,0.705
3.6742,9.0,5.8562874251497,1.0199600798403194,1227.0,2.4491017964071857,37.34,-120.47,1.172
2.3523,34.0,3.697802197802198,0.9505494505494504,539.0,2.9615384615384617,36.86,-120.45,0.66
5.1654,41.0,5.235714285714286,1.1071428571428572,652.0,4.6571428571428575,37.48,-122.2,2.336
4.112,12.0,5.250332889480692,0.9813581890812252,3280.0,4.3675099866844205,32.7,-117.06,1.414
4.8237,38.0,5.699386503067485,1.0076687116564418,1784.0,2.736196319018405,37.71,-122.08,2.209
1.3304,28.0,5.6453900709219855,1.0780141843971631,962.0,3.4113475177304964,36.7,-119.8,0.513
3.7252,20.0,8.706172839506173,1.6123456790123456,2197.0,2.712345679012345,34.37,-117.63,1.671
4.0714,36.0,5.581589958158996,0.9895397489539748,1315.0,2.7510460251046025,33.85,-118.16,2.156
4.2321,17.0,6.323797139141743,1.0988296488946685,2266.0,2.9466840052015604,32.85,-116.75,2.174
3.7479,17.0,5.084084084084084,1.0945945945945943,1715.0,2.575075075075075,33.69,-117.99,2.13
6.4114,15.0,7.52755905511811,1.0498687664041997,2529.0,3.3188976377952755,33.6,-117.65,2.787
5.0123,5.0,6.490780141843971,1.202836879432624,2314.0,3.2822695035461,33.14,-117.22,2.104
2.2337,23.0,5.491428571428571,1.1742857142857144,872.0,2.4914285714285715,40.92,-121.63,0.645
2.5795,27.0,4.274611398963731,1.1476683937823835,1359.0,3.5207253886010363,33.75,-118.29,1.924
3.6375,25.0,4.238754325259516,1.069204152249135,1054.0,1.8235294117647056,34.16,-118.37,2.625
5.0947,14.0,5.076923076923077,1.0384615384615383,943.0,3.626923076923077,32.68,-117.04,1.527
1.0612,15.0,2.5535714285714284,1.0446428571428572,914.0,1.3601190476190477,32.75,-117.21,3.0
4.45,46.0,5.320359281437126,1.083832335329341,896.0,2.682634730538922,34.0,-118.45,3.483
2.8983,48.0,4.448905109489052,1.0930656934306568,1508.0,2.7518248175182483,34.06,-117.74,1.292
5.6716,15.0,6.286050156739812,1.0195924764890285,7732.0,3.029780564263323,33.98,-117.95,3.304
4.0114,42.0,6.68724279835391,1.0493827160493827,578.0,2.3786008230452675,38.12,-122.24,1.669
1.5203,27.0,4.65311004784689,1.0669856459330145,859.0,2.055023923444976,34.03,-117.06,1.262
1.6065,47.0,3.5303030303030303,1.1174242424242424,1226.0,4.643939393939394,33.97,-118.23,1.114
2.7838,19.0,4.640148011100832,1.0851063829787233,2750.0,2.543940795559667,32.62,-117.07,1.559
6.1768,33.0,5.98635477582846,0.9083820662768032,1348.0,2.6276803118908383,32.76,-116.97,2.289
2.2857,14.0,2.4413145539906105,1.3708920187793427,282.0,1.323943661971831,34.06,-118.44,5.00001
4.5687,33.0,4.962546816479401,1.0262172284644195,909.0,3.404494382022472,37.55,-122.02,1.772
3.7614,37.0,3.941176470588236,1.0529411764705885,1008.0,2.9647058823529413,34.0,-118.43,3.143
2.5374,11.0,5.828267477203648,1.1048632218844985,1456.0,2.2127659574468086,39.79,-121.62,0.972
2.8175,22.0,4.330964467005076,1.0253807106598984,2766.0,2.8081218274111674,32.81,-116.94,1.352
4.2386,27.0,4.915851272015655,0.9902152641878668,1861.0,3.6418786692759295,33.76,-117.94,1.842
3.95,21.0,6.224390243902439,1.0146341463414634,501.0,2.44390243902439,38.66,-121.32,1.436
3.1964,16.0,4.312594840667678,1.0515933232169954,4203.0,3.188922610015174,37.3,-121.83,1.858
2.1776,22.0,5.443722943722944,1.0432900432900434,1284.0,2.779220779220779,39.39,-121.59,0.738
3.3859,18.0,4.612844036697248,1.0605504587155965,2205.0,4.045871559633028,37.43,-121.96,1.58
2.628,48.0,5.720657276995305,1.039906103286385,1400.0,3.286384976525821,34.04,-118.33,2.511
5.6677,26.0,5.944162436548224,0.9720812182741116,1290.0,3.274111675126904,33.86,-118.02,2.207
3.2778,13.0,6.469064748201439,1.087769784172662,2044.0,2.9410071942446043,33.81,-117.14,1.488
3.5774,14.0,5.409185803757829,1.0375782881002087,1371.0,2.862212943632568,38.16,-121.14,1.139
1.4732,28.0,4.96078431372549,0.9803921568627452,201.0,3.941176470588236,38.03,-121.16,1.563
3.525,12.0,6.143636363636364,1.1281818181818182,3918.0,3.561818181818182,36.7,-121.54,2.017
10.2264,45.0,3.1666666666666665,0.8333333333333334,7460.0,1243.3333333333333,38.32,-121.98,1.375
2.4516,36.0,3.606232294617564,1.0736543909348442,1398.0,3.960339943342776,33.99,-118.19,1.478
3.402,35.0,4.945714285714286,1.1628571428571428,1902.0,2.717142857142857,33.82,-118.31,2.799
3.8582,15.0,4.7941653160453805,1.1183144246353325,1348.0,2.184764991896272,34.61,-120.2,2.152
5.778,16.0,7.413729128014842,1.020408163265306,1673.0,3.103896103896104,38.37,-122.01,1.757
5.8371,35.0,5.482758620689655,1.1352785145888593,724.0,1.920424403183024,33.55,-117.8,5.00001
4.3429,9.0,6.17828418230563,1.0697050938337802,2582.0,3.46112600536193,33.26,-117.26,1.739
2.3846,32.0,2.801556420233463,1.034046692607004,3646.0,3.546692607003891,34.08,-118.3,2.583
0.8172,52.0,6.102459016393443,1.3729508196721312,728.0,2.9836065573770494,37.82,-122.28,0.853
2.5313,30.0,5.039383561643835,1.1934931506849316,1565.0,2.679794520547945,35.14,-119.46,0.458
1.8854,30.0,3.798479087452472,1.0038022813688212,1011.0,3.844106463878327,37.79,-122.23,1.375
4.0403,16.0,6.438813349814586,1.1334981458590854,2284.0,2.823238566131026,35.18,-120.57,3.461
1.7083,19.0,4.033678756476684,1.0194300518134716,3157.0,4.089378238341969,33.71,-116.21,0.822
3.3272,35.0,5.073170731707317,0.983739837398374,1054.0,2.856368563685637,36.79,-119.83,0.656
4.6161,10.0,4.281733746130031,1.13312693498452,1332.0,2.0619195046439627,33.63,-117.93,2.263
5.3276,22.0,8.751201923076923,1.4819711538461535,1849.0,2.222355769230769,36.93,-121.9,3.355
5.102,15.0,6.534988713318285,1.1241534988713318,1164.0,2.6275395033860045,32.85,-117.19,4.175
7.3672,47.0,5.978456014362657,1.021543985637343,1220.0,2.190305206463196,33.75,-118.12,5.00001
2.5921,20.0,6.024221453287197,1.1453287197231834,1466.0,5.072664359861592,36.52,-119.73,0.942
4.9196,37.0,4.866666666666666,0.8862745098039215,621.0,2.4352941176470586,33.84,-118.3,2.324
5.552,7.0,8.329787234042554,1.1063829787234043,809.0,2.868794326241135,33.17,-117.31,2.839
5.8186,52.0,4.796839729119639,0.9729119638826184,1014.0,2.288939051918736,37.31,-121.9,2.811
4.2955,23.0,4.502032520325203,0.9654471544715448,1278.0,2.597560975609756,37.53,-121.96,2.188
6.4285,29.0,6.9495694956949565,1.004920049200492,2098.0,2.5805658056580567,37.28,-121.91,3.373
1.9906,29.0,8.970967741935484,1.9903225806451608,890.0,2.870967741935484,38.88,-122.72,0.966
2.2106,35.0,4.521739130434782,1.0120772946859904,1017.0,2.4565217391304346,37.84,-122.29,1.325
4.2407,39.0,4.769369369369369,1.10990990990991,1254.0,2.2594594594594595,37.57,-122.34,4.338
6.3489,13.0,5.795527156549521,1.022364217252396,1010.0,3.226837060702876,33.9,-117.92,3.379
5.0473,5.0,5.371508379888268,1.0977653631284916,2053.0,2.86731843575419,38.02,-122.26,1.848
1.6534,44.0,4.487804878048781,1.0278745644599303,723.0,2.519163763066202,36.96,-120.06,0.614
8.1189,52.0,8.154761904761905,1.0515873015873016,735.0,2.9166666666666665,37.74,-122.47,5.00001
2.4875,26.0,4.556476683937824,1.033160621761658,2539.0,2.6310880829015546,38.09,-122.23,0.9
8.4284,8.0,7.526785714285714,0.9598214285714286,1536.0,3.4285714285714284,32.99,-117.01,3.783
4.5581,25.0,3.9016253207869975,1.260906757912746,1525.0,1.3045337895637297,37.8,-122.39,5.00001
3.0313,43.0,4.620052770448549,1.0554089709762533,1558.0,4.110817941952506,33.97,-118.21,1.661
5.7765,36.0,5.791443850267379,1.0,522.0,2.79144385026738,33.82,-118.36,3.395
2.1955,34.0,4.136482939632546,0.9553805774278216,1153.0,3.026246719160105,32.62,-117.09,1.297
3.4063,52.0,4.558194774346793,0.9596199524940616,1483.0,3.522565320665083,37.75,-122.41,2.539
4.8542,29.0,5.549618320610687,0.900763358778626,724.0,2.763358778625954,33.79,-117.83,2.181
3.9464,9.0,4.675257731958763,1.0670103092783505,619.0,3.1907216494845363,34.14,-117.96,1.796
4.8052,13.0,5.032731376975169,1.0287810383747178,4518.0,2.549661399548533,37.56,-121.97,2.54
3.285,10.0,5.302491103202847,1.0409252669039146,1593.0,2.8345195729537367,34.93,-120.43,2.183
4.0775,10.0,6.140900195694717,1.025440313111546,1275.0,2.4951076320939336,39.14,-121.03,1.645
4.806,20.0,5.86797385620915,1.0457516339869282,2867.0,3.7477124183006536,34.41,-119.52,2.797
2.9663,39.0,4.813708260105448,1.0070298769771528,1223.0,2.149384885764499,38.45,-122.71,1.854
7.5337,29.0,6.233812949640288,0.9172661870503596,679.0,2.4424460431654675,37.36,-122.05,4.068
2.7159,25.0,5.694852941176471,0.9889705882352942,819.0,3.011029411764706,36.37,-119.83,1.014
2.0455,52.0,3.8979591836734695,1.0612244897959184,106.0,2.163265306122449,35.39,-119.02,0.725
2.09,34.0,3.7880794701986753,0.97682119205298,1271.0,4.208609271523179,32.69,-117.11,0.918
3.8904,21.0,5.211965811965812,0.9948717948717948,2355.0,4.0256410256410255,32.71,-116.99,1.138
3.9583,8.0,5.550552251486831,1.0339847068819032,4797.0,4.075615972812234,32.55,-117.09,1.444
3.5076,25.0,5.188720173535792,1.0281995661605206,1298.0,2.8156182212581347,40.93,-124.11,0.736
1.4418,24.0,4.17831541218638,1.0869175627240144,1851.0,1.6586021505376345,34.02,-117.04,1.035
5.4602,35.0,5.84180790960452,1.0169491525423728,444.0,2.5084745762711864,33.8,-118.11,2.316
2.4886,36.0,2.961864406779661,1.1027542372881356,4033.0,4.272245762711864,33.94,-118.34,1.607
3.474,24.0,5.25095785440613,1.1053639846743295,1551.0,2.971264367816092,34.89,-116.99,0.705
4.7703,52.0,5.070904645476773,0.980440097799511,1136.0,2.7775061124694376,37.75,-122.48,3.31
7.6344,14.0,7.662068965517242,0.9793103448275862,472.0,3.255172413793104,32.65,-117.03,2.905
3.7931,26.0,5.724050632911393,1.121518987341772,1039.0,2.630379746835443,37.61,-122.08,2.039
2.6974,31.0,4.614906832298137,1.0714285714285714,823.0,2.5559006211180124,35.12,-120.61,1.654
4.0077,17.0,4.465478841870824,1.086859688195991,3056.0,2.268745360059391,34.22,-118.59,2.29
2.2794,52.0,4.023076923076923,0.953846153846154,317.0,2.4384615384615387,34.03,-118.46,3.375
3.3333,52.0,5.286415711947627,1.0703764320785598,1765.0,2.888707037643208,37.73,-122.42,2.923
4.7625,13.0,5.265206812652068,1.002433090024331,1087.0,2.6447688564476888,37.41,-121.95,1.375
2.2132,22.0,6.009009009009009,1.1756756756756757,597.0,2.689189189189189,40.17,-120.94,0.892
5.0399,36.0,5.948019801980198,1.00990099009901,917.0,2.26980198019802,37.93,-122.31,2.534
1.9835,43.0,2.5781758957654723,1.0716612377850163,1941.0,3.1612377850162865,34.09,-118.29,2.25
3.8235,10.0,5.34593837535014,1.0070028011204482,1686.0,2.361344537815126,36.32,-119.35,0.946
3.3036,52.0,8.725,1.475,121.0,3.025,37.7,-121.04,1.975
7.5488,25.0,7.550403225806452,1.0524193548387095,1648.0,3.3225806451612905,33.6,-117.66,2.781
3.1923,42.0,4.173575129533679,1.0621761658031088,879.0,2.27720207253886,34.18,-118.52,2.218
5.8519,36.0,6.771812080536913,1.1006711409395973,466.0,3.12751677852349,34.07,-117.9,2.494
4.0855,52.0,5.29723991507431,0.9723991507430998,1081.0,2.29511677282378,37.58,-122.35,4.108
3.6719,43.0,4.482084690553746,1.0504885993485342,1674.0,2.726384364820847,33.86,-118.18,1.613
0.4999,36.0,2.5,0.8333333333333334,15.0,2.5,33.9,-118.04,1.625
2.6833,52.0,4.139013452914798,1.0560538116591929,827.0,1.8542600896860983,37.76,-122.24,2.409
2.0109,15.0,7.124542124542124,1.9633699633699635,515.0,1.8864468864468864,33.4,-115.99,0.543
6.3997,50.0,7.37020316027088,1.1489841986455982,1256.0,2.835214446952596,34.44,-119.72,5.00001
4.2281,26.0,5.990062111801242,1.049689440993789,2288.0,2.8422360248447207,37.71,-121.93,2.06
2.0461,46.0,4.909814323607427,1.127320954907162,1100.0,2.9177718832891246,34.07,-117.34,0.905
2.0161,11.0,3.82312925170068,1.1156462585034013,504.0,3.4285714285714284,34.64,-120.46,1.188
6.0132,25.0,6.675814751286449,0.9819897084048028,3445.0,2.9545454545454546,38.12,-122.59,2.879
2.1107,16.0,5.9106529209622,1.6254295532646048,1427.0,4.903780068728523,36.21,-121.12,0.762
4.9702,14.0,6.546933667083855,1.0225281602002505,2634.0,3.2966207759699624,36.98,-121.57,2.798
1.1522,24.0,6.433155080213904,1.6577540106951871,594.0,3.176470588235294,34.13,-117.24,0.875
4.5469,21.0,4.624576271186441,1.056779661016949,2304.0,1.952542372881356,37.75,-122.44,4.097
3.875,21.0,5.8125,1.056686046511628,1889.0,2.745639534883721,35.41,-118.95,0.995
3.4432,16.0,5.264084507042254,1.028169014084507,472.0,1.6619718309859155,38.01,-122.53,0.675
6.3955,25.0,7.367595818815331,1.0470383275261324,1634.0,2.846689895470383,32.85,-117.23,3.167
2.4659,32.0,5.356415478615071,1.1384928716904277,1069.0,2.177189409368636,33.86,-118.15,2.09
3.8529,17.0,4.916967509025271,1.023465703971119,2213.0,3.9945848375451263,32.58,-117.06,1.477
3.875,49.0,4.933701657458563,0.9779005524861878,468.0,2.585635359116022,37.78,-122.17,1.406
5.3705,5.0,6.646067415730337,1.1310861423220977,1571.0,2.941947565543072,33.45,-117.63,3.635
4.3523,5.0,6.425531914893617,1.0212765957446808,376.0,2.6666666666666665,39.25,-121.2,1.882
2.5234,37.0,4.101167315175097,0.9299610894941636,879.0,3.42023346303502,36.58,-119.44,0.635
1.8618,52.0,4.157718120805369,1.0738255033557047,934.0,3.134228187919463,34.36,-119.06,1.833
7.0691,13.0,6.6896969696969695,1.0096969696969698,2444.0,2.9624242424242424,37.57,-121.87,3.932
3.3675,33.0,4.84144645340751,0.9847009735744088,1726.0,2.400556328233658,32.78,-117.02,1.582
1.5603,41.0,2.70926517571885,1.0319488817891374,1428.0,4.562300319488818,34.02,-118.26,1.096
0.9705,42.0,3.8,1.06,411.0,4.11,33.94,-118.24,0.9
4.7941,24.0,5.986111111111111,1.0527777777777778,1158.0,3.216666666666667,33.15,-117.06,1.475
4.4375,36.0,5.527331189710611,0.9742765273311896,836.0,2.688102893890675,37.7,-122.16,1.935
1.9779,49.0,4.971731448763251,0.950530035335689,889.0,3.1413427561837457,33.99,-118.32,1.142
5.3272,3.0,6.982358402971216,1.0612813370473535,2878.0,2.6722376973073354,36.91,-119.77,1.742
5.4625,9.0,6.999071494893222,1.0445682451253482,3450.0,3.203342618384401,33.85,-117.4,2.236
10.3345,5.0,8.74031007751938,1.0426356589147288,876.0,3.395348837209302,37.76,-121.93,4.614
5.4346,17.0,6.261168384879725,1.5051546391752575,578.0,1.986254295532646,34.08,-119.0,4.286
4.8125,22.0,4.811940298507463,0.9970149253731344,1431.0,4.271641791044776,34.17,-119.15,1.944
4.0521,12.0,3.9623655913978495,0.978494623655914,1009.0,2.712365591397849,32.93,-117.14,1.667
1.9485,27.0,3.0804232804232803,1.0285714285714285,3559.0,3.7661375661375662,33.97,-118.19,1.463
2.875,17.0,4.821276595744681,1.0382978723404257,716.0,3.046808510638298,37.95,-121.83,1.625
3.4821,9.0,5.363537710255019,1.0151926207270754,5372.0,2.914812805208898,37.52,-120.86,1.271
4.0446,36.0,5.726224783861672,1.1152737752161384,1065.0,3.069164265129683,38.43,-122.87,1.722
1.4066,39.0,4.633123689727463,1.0440251572327044,1752.0,3.672955974842768,34.12,-117.32,0.664
3.3558,29.0,3.9864864864864864,0.9432432432432432,965.0,2.608108108108108,33.92,-118.34,1.996
3.3611,23.0,5.326923076923077,0.978021978021978,841.0,2.31043956043956,37.63,-122.06,1.692
3.0347,17.0,4.50580997949419,1.0423786739576213,4459.0,3.047846889952153,34.23,-118.59,2.545
3.2689,31.0,4.409298780487805,1.0510670731707317,2973.0,2.266006097560976,37.73,-122.27,2.31
4.5743,28.0,4.881230116648992,1.0530222693531284,2191.0,2.323435843054083,33.93,-118.42,3.822
1.6806,11.0,3.2058252427184466,1.0349514563106796,947.0,1.8388349514563107,32.64,-117.08,1.417
1.7514,34.0,2.6601371204701274,1.091087169441724,2991.0,2.9294809010773752,34.09,-118.29,1.875
2.9866,45.0,5.441281138790036,1.1281138790035588,793.0,2.8220640569395017,38.89,-121.3,0.913
1.2276,21.0,3.780185758513932,1.1130030959752322,1916.0,2.9659442724458205,33.75,-118.28,2.083
3.6546,30.0,5.250639386189258,0.9411764705882352,1496.0,3.8260869565217392,34.16,-119.18,1.862
2.9784,35.0,4.524390243902439,0.959349593495935,681.0,2.768292682926829,32.78,-116.97,1.364
2.2321,36.0,5.865671641791045,1.4477611940298507,573.0,4.276119402985074,35.52,-119.28,0.375
4.9861,26.0,6.623655913978495,1.0172043010752687,1257.0,2.703225806451613,38.04,-121.25,2.018
3.0613,34.0,4.521444695259594,1.0519187358916475,1226.0,2.7674943566591423,32.58,-117.12,1.367
6.6087,31.0,6.5,0.9684684684684683,627.0,2.824324324324324,37.34,-122.05,4.165
3.1286,19.0,5.23607427055703,1.0424403183023874,799.0,2.119363395225464,37.66,-120.97,1.375
1.9602,38.0,4.3720136518771335,1.0136518771331058,1423.0,4.856655290102389,36.53,-119.38,0.514
2.075,43.0,4.624641833810888,1.146131805157593,926.0,2.653295128939828,34.1,-117.44,0.951
4.5,11.0,6.191111111111111,1.0666666666666669,1250.0,2.7777777777777777,33.36,-117.24,2.226
2.6437,19.0,3.531096563011457,1.067103109656301,2490.0,2.037643207855974,34.2,-118.52,1.95
3.2019,19.0,5.301158301158301,0.9555984555984556,1670.0,3.223938223938224,36.53,-119.56,0.957
2.9293,52.0,4.084905660377358,1.0943396226415094,1067.0,2.013207547169811,37.78,-122.46,3.5
1.6838,14.0,4.745856353591161,1.171270718232044,541.0,2.9889502762430937,34.58,-117.41,0.579
4.4562,25.0,4.907692307692308,0.935897435897436,897.0,2.3,37.74,-122.25,2.062
2.9541,15.0,5.520370370370371,1.1574074074074074,1694.0,3.137037037037037,34.71,-117.76,1.067
2.8594,48.0,5.307339449541284,1.1330275229357798,677.0,3.1055045871559632,34.07,-117.76,1.272
4.6852,34.0,5.332599118942731,1.0462555066079295,1232.0,2.7136563876651985,34.23,-118.25,2.962
9.2858,6.0,8.095533498759306,1.0248138957816375,3146.0,3.903225806451613,32.9,-117.04,4.361
3.015,36.0,4.088709677419355,1.0544354838709675,2751.0,5.546370967741935,34.2,-119.17,1.493
3.9331,32.0,4.944099378881988,0.9668737060041408,1746.0,3.6149068322981366,34.17,-119.18,1.876
1.6213,37.0,4.593220338983051,1.1483050847457628,893.0,3.7838983050847457,37.49,-120.86,0.695
4.0469,27.0,6.542735042735043,1.1367521367521367,822.0,3.5128205128205128,39.13,-123.21,1.274
3.79,52.0,4.643867924528302,0.9174528301886792,877.0,2.068396226415094,32.74,-117.12,1.634
4.4397,16.0,5.615015974440895,1.0,1764.0,2.817891373801917,38.06,-122.17,1.871
3.0469,25.0,6.386666666666667,1.149333333333333,983.0,2.6213333333333333,40.66,-123.74,1.36
2.2685,16.0,3.930355791067373,1.0454201362604087,3261.0,2.468584405753217,32.62,-117.08,1.519
4.3571,16.0,4.142857142857143,0.9523809523809524,32.0,1.5238095238095235,33.03,-117.05,1.446
2.2304,42.0,4.664670658682635,0.9640718562874252,884.0,2.6467065868263475,34.2,-118.5,2.038
0.9946,30.0,3.3317073170731706,1.1219512195121952,920.0,2.2439024390243905,33.91,-118.08,1.599
2.4196,44.0,3.874617737003058,1.0795107033639144,1018.0,3.1131498470948014,37.34,-121.88,1.944
3.6125,36.0,4.969957081545064,0.9356223175965666,619.0,2.6566523605150216,32.73,-117.08,1.225
4.7788,31.0,6.422932330827067,1.0018796992481205,1245.0,2.3402255639097747,32.79,-117.2,2.76
6.632,27.0,5.879218472468916,1.0621669626998225,1402.0,2.4902309058614565,33.65,-117.9,4.411
4.87,19.0,5.662109375,0.974609375,1356.0,2.6484375,33.03,-117.27,2.209
2.875,42.0,4.284263959390863,1.0609137055837563,2038.0,3.44839255499154,33.95,-118.36,1.775
4.3542,36.0,6.3112033195020745,1.049792531120332,736.0,3.0539419087136928,37.59,-122.5,2.375
3.6563,14.0,6.032154340836013,1.0418006430868167,1031.0,3.315112540192926,36.8,-119.85,0.888
9.6047,20.0,8.46788990825688,0.9690366972477064,2795.0,3.205275229357798,34.27,-118.57,5.00001
3.4471,26.0,5.599520383693045,0.9904076738609112,980.0,2.3501199040767387,38.0,-122.28,1.789
3.8261,52.0,4.808510638297872,1.0729483282674772,868.0,2.6382978723404253,37.76,-122.43,2.5
7.1615,36.0,6.226666666666667,0.9688888888888888,667.0,2.9644444444444447,34.16,-118.03,4.847
5.8142,28.0,7.648648648648648,1.237837837837838,898.0,2.427027027027027,36.49,-121.88,5.00001
1.9907,17.0,4.341653666146646,1.0577223088923555,2566.0,4.003120124804992,35.2,-118.85,0.512
2.7045,36.0,4.949367088607595,0.9367088607594936,171.0,2.1645569620253164,38.01,-121.32,1.028
5.5538,34.0,5.414414414414415,1.024024024024024,947.0,2.843843843843844,33.88,-118.32,2.803
1.8295,52.0,2.628169014084507,1.0535211267605633,2957.0,4.164788732394366,37.8,-122.41,2.438
1.746,19.0,4.672566371681416,1.0973451327433628,611.0,2.7035398230088497,39.36,-123.1,1.05
3.6625,38.0,5.612612612612613,0.9954954954954957,637.0,2.869369369369369,37.69,-122.15,1.846
1.2209,38.0,2.907117008443908,1.166465621230398,1091.0,1.316043425814234,38.57,-121.49,0.879
2.4605,20.0,5.200389105058366,1.046692607003891,1282.0,2.4941634241245136,41.76,-124.17,1.059
5.4863,16.0,6.414201183431953,1.014792899408284,1589.0,4.701183431952662,32.67,-117.05,1.538
1.1687,48.0,3.292307692307692,0.9846153846153848,1586.0,3.4857142857142858,34.11,-117.29,0.708
15.0001,43.0,5.6875,0.75,58.0,3.625,37.46,-121.87,5.00001
3.0865,7.0,5.098918083462133,1.2272024729520865,2343.0,3.6213292117465214,34.24,-118.45,2.059
2.3475,34.0,5.27437641723356,1.0680272108843538,1356.0,3.074829931972789,37.93,-122.33,0.903
2.7472,22.0,4.265415549597855,1.1018766756032172,2661.0,3.567024128686327,34.31,-118.44,1.601
2.975,43.0,4.111111111111111,1.0541310541310542,2086.0,1.9810066476733144,37.77,-122.25,2.434
4.1328,52.0,6.710144927536232,1.0318840579710145,894.0,2.591304347826087,34.07,-118.35,5.00001
1.8214,34.0,2.664516129032258,1.0825806451612905,2626.0,3.3883870967741934,34.09,-118.31,2.111
7.5,9.0,6.852631578947369,0.9315789473684212,682.0,3.5894736842105264,38.15,-122.58,4.232
5.0662,46.0,6.224056603773585,1.0566037735849056,938.0,2.212264150943396,37.3,-121.89,3.316
6.4651,25.0,5.481953290870488,1.0509554140127388,1088.0,2.309978768577494,32.97,-117.26,5.00001
7.8005,7.0,19.65625,3.4419642857142856,858.0,1.915178571428572,33.69,-116.37,3.181
2.3267,12.0,5.016483516483516,1.2678571428571428,1677.0,2.3035714285714284,33.14,-117.19,0.92
14.2959,52.0,8.172727272727272,0.8727272727272727,304.0,2.763636363636364,37.79,-122.46,5.00001
5.791,36.0,5.275,0.95625,373.0,2.33125,37.34,-121.96,2.541
5.5,18.0,6.743902439024391,1.2195121951219512,215.0,2.6219512195121952,34.0,-116.91,1.938
3.7206,39.0,3.691891891891892,1.0135135135135136,1237.0,3.343243243243243,34.03,-118.39,2.309
5.9174,23.0,7.102439024390244,1.026829268292683,1132.0,2.7609756097560973,38.59,-121.34,2.259
2.6042,45.0,4.027027027027027,1.0405405405405406,925.0,4.166666666666667,34.03,-118.16,1.45
2.5321,35.0,4.196601941747573,1.0631067961165048,1308.0,3.174757281553398,34.06,-118.12,1.972
4.6406,45.0,5.270029673590504,1.0474777448071215,1180.0,3.5014836795252227,33.9,-118.07,1.692
2.1289,14.0,4.461038961038961,1.0064935064935066,859.0,1.8593073593073592,38.03,-120.41,1.153
5.2185,16.0,11.028571428571428,2.009523809523809,853.0,2.707936507936508,34.24,-117.28,1.286
1.3712,37.0,6.698863636363637,1.6022727272727273,354.0,2.011363636363636,38.48,-123.01,1.183
6.0901,8.0,7.5360623781676415,1.050682261208577,1555.0,3.0311890838206628,37.95,-122.01,2.982
3.3939,23.0,3.7406103286384975,1.0211267605633805,1977.0,2.3204225352112675,33.78,-117.85,2.121
3.2115,20.0,5.263529411764706,1.091764705882353,1169.0,2.7505882352941176,38.27,-122.02,0.991
3.6378,17.0,5.432075471698113,1.0226415094339625,1802.0,3.4,37.81,-121.22,1.261
3.05,33.0,6.868596881959911,1.269487750556793,1753.0,3.904231625835189,34.02,-117.43,0.978
2.6375,19.0,3.4441717791411044,1.083435582822086,1546.0,1.8969325153374232,33.92,-118.36,2.338
4.0968,30.0,3.9354624085163006,1.164337990685296,2136.0,1.4211576846307383,33.74,-118.18,3.1
5.399,34.0,5.35258358662614,1.0,965.0,2.933130699088146,33.83,-118.34,3.585
1.4702,41.0,4.564285714285714,1.1,839.0,2.9964285714285714,38.54,-121.45,0.583
4.0667,35.0,5.10913140311804,0.9153674832962138,1054.0,2.3474387527839644,37.33,-121.96,2.769
7.7068,35.0,7.126984126984127,1.0952380952380951,548.0,2.8994708994708995,37.35,-122.08,5.00001
2.5417,41.0,3.632850241545894,0.9710144927536232,482.0,2.3285024154589373,34.01,-118.47,4.182
3.6875,36.0,3.8521739130434782,1.017391304347826,577.0,5.017391304347826,33.72,-117.9,1.375
7.6933,26.0,7.592885375494071,0.9881422924901184,725.0,2.865612648221344,37.22,-121.87,4.059
1.9257,27.0,4.20303605313093,1.096774193548387,1544.0,2.9297912713472485,34.65,-120.45,1.353
5.359,16.0,8.116279069767442,1.7209302325581397,120.0,2.7906976744186047,32.97,-116.67,1.938
2.218,35.0,5.276393831553974,1.0747330960854091,2736.0,3.245551601423488,33.94,-116.87,0.734
4.0329,16.0,5.8275,1.125,1074.0,2.685,38.34,-121.97,1.268
4.1053,5.0,5.11328125,1.052734375,1320.0,2.578125,33.14,-117.13,1.714
2.4375,37.0,3.549504950495049,0.9752475247524752,1667.0,4.126237623762377,34.19,-118.38,1.763
6.2452,21.0,7.365714285714286,1.0371428571428571,1207.0,3.4485714285714284,33.93,-117.91,2.917
1.6635,14.0,3.740576496674058,1.124168514412417,762.0,1.689578713968958,32.79,-115.58,0.644
7.7201,21.0,7.75375,0.9975,2494.0,3.1175,37.22,-121.85,3.627
4.2422,27.0,3.384180790960452,1.0131826741996233,1610.0,3.032015065913371,37.37,-121.99,2.375
6.746,5.0,7.080645161290323,0.9650537634408602,1173.0,3.153225806451613,34.05,-117.14,2.041
7.9217,4.0,5.106060606060606,1.0,511.0,2.580808080808081,33.66,-117.83,2.962
3.6629,30.0,6.3625,1.0666666666666669,757.0,3.154166666666667,37.58,-120.83,1.714
3.2031,21.0,4.610305958132045,1.1288244766505635,1489.0,2.397745571658615,33.91,-118.06,1.807
1.6389,24.0,3.294294294294294,0.921921921921922,470.0,1.4114114114114114,33.64,-117.94,2.25
1.7386,38.0,4.129032258064516,1.0725806451612905,676.0,5.451612903225806,37.94,-121.27,0.52
2.6607,19.0,2.872340425531915,0.851063829787234,1349.0,3.189125295508274,34.41,-119.7,2.265
4.7328,45.0,5.573913043478261,1.0847826086956522,1056.0,2.2956521739130435,37.78,-122.51,3.511
4.4375,39.0,4.888111888111888,1.048951048951049,358.0,2.503496503496504,34.25,-118.27,1.958
4.235,16.0,5.115492957746479,1.028169014084507,1367.0,3.850704225352113,37.59,-122.08,1.563
4.8125,15.0,6.164179104477612,1.0298507462686568,440.0,3.283582089552239,33.87,-117.32,1.739
4.9286,24.0,5.781065088757397,0.8698224852071006,454.0,2.6863905325443787,32.74,-116.98,1.737
4.3438,42.0,3.8598130841121496,1.0,349.0,3.2616822429906542,34.16,-118.29,1.898
3.0208,27.0,5.640963855421687,1.0072289156626506,1272.0,3.0650602409638554,33.96,-117.41,1.127
3.5096,34.0,5.1525,0.9775,1169.0,2.9225,32.73,-117.03,1.42
6.3245,52.0,4.735294117647059,1.1360294117647058,437.0,1.6066176470588236,37.8,-122.41,5.00001
5.5545,16.0,6.2075,1.1075,1357.0,3.3925,33.57,-117.66,2.142
2.7857,21.0,6.132553606237817,1.1598440545808968,1580.0,3.0799220272904484,36.35,-119.09,0.927
4.665,11.0,15.272727272727272,2.43030303030303,397.0,2.4060606060606062,39.35,-120.27,1.456
2.9643,37.0,5.316326530612245,1.086734693877551,699.0,3.566326530612245,33.89,-118.25,1.032
2.1471,26.0,4.52924791086351,1.0445682451253482,1580.0,4.401114206128134,34.38,-119.86,1.875
4.4211,44.0,5.237154150197629,0.9683794466403162,669.0,2.644268774703557,33.88,-118.37,3.24
7.0526,18.0,6.117283950617284,0.925925925925926,1027.0,3.169753086419753,33.88,-117.82,3.275
6.204,19.0,6.56420233463035,0.9844357976653696,893.0,3.4747081712062258,38.24,-122.62,2.018
1.8696,23.0,5.4278606965174125,1.079601990049751,539.0,2.681592039800995,40.54,-123.12,0.615
1.9531,31.0,5.071264367816092,1.1517241379310346,1194.0,2.7448275862068967,34.03,-118.32,2.278
7.313,35.0,7.061482820976492,1.0216998191681737,1562.0,2.824593128390597,37.43,-122.11,4.637
4.3636,33.0,5.510204081632653,1.0148423005565863,1869.0,3.467532467532468,33.81,-118.0,2.018
6.729,22.0,7.488095238095238,1.0297619047619049,2855.0,2.8323412698412698,34.31,-119.21,4.093
4.4427,31.0,5.633228840125392,1.025078369905956,796.0,2.4952978056426334,37.65,-122.1,2.045
2.0809,52.0,5.631004366812227,1.0786026200873362,1558.0,3.4017467248908297,34.0,-118.29,1.096
3.6346,22.0,6.052132701421801,1.0592417061611374,1147.0,2.7180094786729856,33.19,-117.23,1.925
3.9646,32.0,5.316981132075472,0.9874213836477987,2842.0,3.5748427672955976,32.67,-117.05,1.378
3.9808,20.0,5.678688524590164,1.0065573770491802,999.0,3.275409836065574,38.28,-121.2,1.602
4.8304,25.0,6.46455223880597,1.0559701492537314,1722.0,3.212686567164179,34.12,-117.84,2.289
1.962,43.0,4.557692307692308,1.0625,749.0,3.6009615384615383,37.96,-121.27,0.527
0.7526,5.0,2.5796610169491525,1.0372881355932204,2031.0,6.884745762711864,38.58,-121.5,1.625
1.822,41.0,5.608225108225108,1.2662337662337662,1638.0,3.5454545454545454,37.94,-122.36,0.797
6.7449,44.0,7.690476190476191,1.1156462585034013,763.0,2.595238095238096,34.45,-119.73,4.156
3.5667,13.0,34.84375,7.96875,86.0,2.6875,38.71,-120.32,1.156
3.4013,27.0,4.119402985074627,1.0459242250287026,1891.0,2.171067738231917,34.17,-118.4,2.86
3.2757,24.0,4.708226221079691,1.06426735218509,2718.0,3.493573264781491,34.35,-119.08,1.86
5.1265,40.0,6.498194945848375,1.0469314079422385,761.0,2.747292418772563,38.02,-122.16,1.961
8.7172,32.0,7.693430656934306,1.1277372262773722,769.0,2.8065693430656933,34.16,-118.48,5.00001
1.4665,16.0,4.340106007067138,1.232332155477032,2518.0,2.224381625441696,33.96,-116.51,0.611
4.5337,31.0,5.524390243902439,1.0528455284552845,2544.0,3.4471544715447155,37.68,-122.47,3.067
4.6705,19.0,6.3225030084235865,1.075812274368231,2155.0,2.593261131167268,35.36,-119.07,1.107
4.3036,32.0,5.375621890547263,1.0746268656716418,1503.0,3.7388059701492535,33.8,-117.98,1.914
4.5375,18.0,6.757894736842105,1.0157894736842106,621.0,3.268421052631579,36.72,-119.59,1.306
2.8007,40.0,4.244660194174758,1.0660194174757285,953.0,1.850485436893204,32.74,-117.25,2.571
8.9955,39.0,6.976228209191759,0.9793977812995246,1616.0,2.561014263074485,37.44,-122.19,5.00001
3.9044,20.0,3.714479025710419,1.0581867388362651,1161.0,1.5710419485791611,34.1,-118.35,4.364
2.6781,33.0,3.9130434782608696,1.1358695652173914,1416.0,1.923913043478261,34.05,-118.35,3.288
2.8365,32.0,5.371900826446281,1.0606060606060606,1145.0,3.1542699724517904,38.76,-121.77,0.879
0.9889,40.0,3.611111111111111,1.0,1068.0,3.955555555555556,33.93,-118.25,0.875
4.0417,32.0,5.351515151515152,0.9757575757575756,876.0,2.6545454545454548,33.81,-117.85,2.345
3.4643,42.0,4.763754045307444,1.0032362459546926,768.0,2.485436893203884,37.69,-122.11,1.609
1.5931,18.0,3.92965367965368,0.988095238095238,3565.0,3.858225108225109,32.68,-115.5,0.884
4.0625,38.0,5.487870619946092,1.045822102425876,1096.0,2.954177897574124,34.09,-118.06,2.625
3.4375,17.0,4.155555555555556,1.022222222222222,412.0,2.2888888888888888,37.4,-122.09,2.906
4.6705,19.0,6.3896103896103895,1.1363636363636365,852.0,2.7662337662337664,38.43,-122.91,2.698
5.8632,52.0,6.956228956228956,1.0740740740740742,981.0,3.303030303030303,34.07,-118.34,4.5
3.5878,31.0,4.497375328083989,1.0354330708661417,4131.0,2.7106299212598426,34.14,-118.02,2.228
5.4886,6.0,6.739217652958876,1.0190571715145436,2699.0,2.7071213640922767,38.54,-122.75,2.542
5.9508,16.0,6.039906103286385,1.0023474178403755,1273.0,2.988262910798122,34.64,-118.21,1.811
5.7382,17.0,6.444043321299639,0.9205776173285198,667.0,2.407942238267148,33.04,-117.06,2.78
4.3667,52.0,4.908963585434174,1.0434173669467788,1374.0,1.92436974789916,37.77,-122.44,5.00001
2.9688,39.0,5.579207920792079,1.0272277227722773,1388.0,3.435643564356436,37.72,-122.46,2.32
4.7188,52.0,7.068535825545172,1.0062305295950156,805.0,2.5077881619937696,37.76,-122.23,3.353
1.3287,43.0,4.036723163841808,1.0903954802259888,1412.0,3.9887005649717513,34.01,-118.25,1.072
11.1557,24.0,7.921875,1.0885416666666667,539.0,2.8072916666666665,37.24,-122.04,5.00001
4.0208,15.0,10.4,2.45,51.0,2.55,32.93,-115.88,0.325
1.3532,14.0,5.559718969555036,1.3044496487119437,723.0,1.693208430913349,39.03,-122.91,0.958
1.5,39.0,3.242811501597444,1.1373801916932906,875.0,2.7955271565495208,37.3,-120.48,0.67
1.8681,33.0,3.233644859813084,0.9626168224299064,488.0,4.5607476635514015,34.02,-118.17,1.125
10.3682,37.0,8.077922077922079,1.1233766233766234,394.0,2.5584415584415585,33.61,-117.92,5.00001
2.6292,32.0,4.581005586592179,1.0921787709497206,1312.0,3.664804469273743,34.13,-117.9,1.361
3.9417,33.0,6.194895591647332,1.0092807424593968,1256.0,2.91415313225058,32.8,-117.14,1.798
3.3438,29.0,5.803347280334728,0.98744769874477,671.0,2.807531380753138,33.63,-114.58,0.74
2.0455,21.0,5.615384615384615,1.0555555555555556,1364.0,2.9145299145299144,39.48,-121.52,0.594
2.0673,44.0,5.336842105263158,1.0140350877192983,1074.0,3.768421052631579,33.97,-118.3,0.998
3.6597,10.0,5.412935323383085,1.0099502487562189,533.0,2.6517412935323383,32.81,-115.58,0.875
5.9346,27.0,6.707762557077626,0.9863013698630136,578.0,2.6392694063926943,37.94,-121.95,2.536
5.2949,33.0,4.5,1.1,34.0,3.4,33.85,-117.87,3.5
5.2336,34.0,6.382758620689655,1.0034482758620689,784.0,2.703448275862069,33.88,-117.91,2.356
5.766,30.0,6.608823529411764,0.9808823529411764,1883.0,2.7691176470588235,32.64,-117.06,1.861
10.8634,20.0,5.903448275862069,0.8551724137931035,395.0,2.7241379310344827,34.03,-117.19,3.818
3.1,30.0,4.977491961414791,0.9067524115755627,886.0,2.8488745980707395,36.76,-119.73,0.713
4.6667,13.0,4.937677053824363,1.028328611898017,854.0,2.4192634560906514,32.9,-117.12,1.382
3.4044,18.0,6.171232876712328,1.1369863013698631,945.0,3.2363013698630136,36.68,-119.41,1.153
5.1675,52.0,6.398692810457517,1.1437908496732023,374.0,2.4444444444444446,37.89,-122.29,2.706
3.0052,34.0,3.6564625850340136,1.0816326530612246,906.0,3.0816326530612246,37.66,-122.41,2.425
4.1406,52.0,4.829411764705882,1.0323529411764707,1138.0,3.347058823529412,37.71,-122.46,2.195
15.0001,52.0,10.419354838709678,1.136200716845878,956.0,3.42652329749104,34.12,-118.12,5.00001
5.5,17.0,7.066037735849057,1.069182389937107,973.0,3.059748427672956,32.8,-117.06,2.22
2.5882,33.0,4.144981412639405,1.174721189591078,583.0,2.16728624535316,32.75,-117.19,2.583
3.7857,16.0,5.077504725897921,0.9754253308128544,1553.0,2.935727788279773,38.69,-121.34,1.127
3.8906,15.0,4.832386363636363,0.9829545454545454,723.0,2.053977272727273,38.67,-121.27,1.287
5.3698,20.0,5.34020618556701,1.041237113402062,589.0,3.036082474226804,38.6,-122.47,3.033
1.2029,28.0,5.608208955223881,1.3805970149253732,522.0,1.9477611940298507,38.95,-122.64,0.689
2.6167,42.0,4.061007957559681,0.8647214854111406,1271.0,3.3713527851458887,37.99,-122.34,0.851
5.5176,47.0,5.2644927536231885,0.894927536231884,721.0,2.61231884057971,33.96,-118.32,1.91
3.089,18.0,3.997126436781609,1.0816091954022988,2803.0,1.610919540229885,38.58,-121.41,1.414
6.7546,36.0,7.154471544715447,1.1504065040650406,562.0,2.2845528455284554,37.9,-122.56,4.024
2.6806,52.0,4.806282722513089,1.057591623036649,3062.0,4.007853403141361,34.08,-118.21,1.53
2.1417,12.0,4.390029325513196,1.0557184750733135,943.0,2.7653958944281527,38.02,-121.9,1.222
2.975,21.0,5.816568047337278,0.9763313609467456,672.0,3.9763313609467454,36.07,-118.99,0.639
4.6838,52.0,6.146757679180888,1.068259385665529,714.0,2.436860068259385,34.08,-118.35,4.79
3.4196,43.0,5.023404255319149,1.0404255319148936,824.0,1.7531914893617022,32.76,-117.15,3.022
2.7014,33.0,4.076576576576577,0.9234234234234234,989.0,4.454954954954955,32.6,-117.06,1.082
3.9868,17.0,3.850533807829181,1.0355871886120998,598.0,2.1281138790035588,33.87,-118.36,2.819
3.1885,31.0,4.278947368421052,1.0973684210526315,1411.0,1.856578947368421,34.17,-118.51,2.19
5.3259,16.0,5.466666666666667,1.0888888888888888,886.0,3.2814814814814817,33.69,-117.99,2.164
1.9194,27.0,5.029885057471264,1.1528735632183909,2667.0,3.06551724137931,33.67,-117.33,1.006
1.5474,44.0,4.674931129476584,1.137741046831956,1396.0,3.8457300275482096,32.71,-117.13,0.833
2.0437,36.0,3.9643799472295513,1.017150395778364,2054.0,2.7097625329815305,34.04,-118.38,3.091
6.9544,4.0,9.289879931389365,1.4065180102915953,1753.0,3.006861063464837,33.85,-117.74,3.14
4.3646,42.0,5.336170212765958,0.9574468085106383,929.0,3.953191489361702,33.89,-118.21,1.162
2.8903,31.0,4.477459016393443,1.0730874316939891,2962.0,2.023224043715847,37.98,-122.52,3.242
6.0604,20.0,6.219409282700422,0.9936708860759492,1181.0,2.4915611814346,37.67,-121.89,2.479
4.2054,10.0,5.515837104072398,1.048265460030166,2079.0,3.1357466063348416,34.04,-117.66,1.599
4.0122,20.0,5.437284234752589,1.0138089758342923,2823.0,3.248561565017261,34.35,-119.09,2.148
2.1524,36.0,3.653120464441219,1.2220609579100146,2446.0,3.550072568940493,34.09,-118.31,1.875
2.6579,32.0,4.760456273764259,1.038022813688213,1337.0,5.083650190114068,34.05,-118.04,1.568
4.1734,39.0,6.396825396825397,1.0634920634920637,640.0,2.031746031746032,38.45,-122.7,2.405
3.7976,17.0,4.703571428571428,1.144642857142857,1454.0,2.5964285714285715,33.67,-117.83,2.75
4.0911,19.0,4.802098950524738,1.0614692653673163,1761.0,2.640179910044977,33.88,-118.11,2.397
2.6103,2.0,7.30859375,1.59765625,707.0,2.76171875,37.52,-120.88,1.336
1.4384,5.0,3.7740046838407495,1.100702576112412,3284.0,3.8454332552693207,32.55,-117.06,1.088
2.0899,21.0,4.583497053045186,1.0098231827111983,1308.0,2.569744597249509,40.48,-122.36,0.748
1.125,27.0,5.649122807017544,1.4210526315789471,112.0,1.9649122807017545,33.3,-115.96,0.544
1.9152,28.0,3.782837127845884,1.064798598949212,1339.0,2.3450087565674256,32.76,-117.12,1.281
2.1907,52.0,3.199771689497717,1.0616438356164384,1372.0,1.5662100456621004,37.88,-122.27,2.714
2.6538,31.0,3.357142857142857,1.0357142857142858,997.0,3.237012987012987,34.41,-119.71,2.318
13.8093,7.0,6.517241379310345,0.896551724137931,84.0,2.896551724137931,37.31,-122.11,5.00001
3.4643,16.0,5.072423398328691,1.0027855153203342,969.0,2.6991643454039,40.31,-120.49,0.851
3.5909,25.0,4.055806938159879,1.0844645550527905,1229.0,1.85369532428356,34.05,-118.47,5.00001
5.1356,10.0,5.144312393887946,0.9745331069609507,1623.0,2.7555178268251272,37.26,-121.82,2.187
3.2297,10.0,3.4607961399276235,1.1351025331724969,2162.0,2.6079613992762365,34.2,-118.6,1.5
4.2,35.0,4.49820788530466,0.9032258064516128,685.0,2.455197132616488,33.86,-118.11,2.269
2.0469,39.0,3.530529172320217,1.088195386702849,2178.0,2.955223880597015,33.73,-118.28,2.345
1.5433,11.0,4.462068965517242,1.0827586206896551,713.0,2.4586206896551723,36.32,-119.65,0.504
4.1806,28.0,6.317738791423002,1.0389863547758285,1334.0,2.6003898635477585,32.83,-117.21,1.996
4.0813,24.0,6.0553097345132745,1.0564159292035398,3020.0,3.34070796460177,32.72,-117.04,1.37
15.0001,34.0,8.783018867924529,1.059748427672956,1871.0,2.941823899371069,33.76,-118.34,5.00001
1.4529,25.0,4.087478559176672,0.9879931389365352,1234.0,2.1166380789022297,37.49,-120.84,0.861
3.925,35.0,5.05668016194332,0.9392712550607288,556.0,2.251012145748988,37.35,-121.97,2.871
1.7727,31.0,4.961937716262976,0.9792387543252596,811.0,2.8062283737024223,39.44,-121.55,0.49
1.6579,32.0,5.4491525423728815,1.1483050847457628,694.0,2.940677966101695,40.45,-122.3,0.685
1.6343,38.0,3.670157068062827,0.9685863874345548,970.0,2.5392670157068062,38.63,-121.44,0.71
1.6458,43.0,4.033333333333333,1.0375,664.0,2.7666666666666666,37.88,-121.27,0.836
2.4474,19.0,5.20042643923241,0.9850746268656716,1416.0,3.0191897654584223,36.45,-119.86,0.756
2.3687,31.0,4.815561959654179,1.0720461095100864,1371.0,3.951008645533141,36.7,-119.55,0.639
3.6853,10.0,6.716923076923077,1.1353846153846154,1061.0,3.2646153846153845,40.63,-122.34,1.516
2.1691,39.0,4.023668639053255,1.0887573964497042,589.0,1.742603550295858,38.57,-121.47,1.5
5.1788,16.0,5.245329000812347,1.0852965069049554,4375.0,3.554021121039805,37.7,-122.45,2.67
3.0398,5.0,5.054385964912281,1.024561403508772,1490.0,2.6140350877192984,37.63,-121.03,1.2
3.3472,31.0,6.1305114638447975,1.1358024691358024,1476.0,2.603174603174604,35.63,-120.72,1.952
4.0174,28.0,5.028056112224449,1.0681362725450902,2846.0,2.851703406813628,37.28,-121.96,2.739
5.4694,25.0,5.360441075120606,1.0289455547898,4674.0,3.221226740179187,37.66,-122.53,2.724
5.6013,35.0,5.771428571428571,0.9938775510204082,1439.0,2.936734693877551,33.83,-118.36,3.502
5.2971,34.0,6.386430678466077,1.047197640117994,776.0,2.2890855457227137,37.37,-122.09,4.421
3.3598,34.0,5.087947882736156,0.9413680781758956,898.0,2.925081433224756,38.25,-122.06,1.072
5.276,23.0,6.845559845559846,1.0675675675675675,1533.0,2.95945945945946,33.19,-117.34,2.245
2.3175,26.0,3.813606194690265,1.0381637168141593,8551.0,4.729535398230088,33.97,-118.18,1.545
2.2708,34.0,3.53,1.102,2203.0,4.406,34.07,-118.2,1.596
4.037,37.0,5.093283582089552,1.0298507462686568,952.0,3.5522388059701493,38.38,-121.61,1.569
4.4519,14.0,5.424180327868853,1.055327868852459,1487.0,3.047131147540984,34.63,-120.2,2.279
2.1186,18.0,3.961352657004831,1.1545893719806763,1345.0,6.497584541062802,35.62,-119.69,0.475
3.0156,36.0,5.581081081081081,1.0675675675675675,764.0,3.4414414414414414,38.59,-121.38,1.03
3.2131,4.0,4.373493975903615,1.1506024096385543,1250.0,1.882530120481928,34.05,-117.21,1.375
3.125,40.0,5.36,1.02,940.0,4.7,34.07,-118.15,2.427
6.4891,35.0,5.423357664233577,0.9343065693430656,385.0,2.81021897810219,33.87,-118.33,2.781
3.8625,41.0,4.658018867924528,1.0377358490566038,1528.0,3.60377358490566,37.72,-122.4,2.183
3.7961,28.0,4.705357142857143,1.0580357142857142,2997.0,3.344866071428572,33.84,-118.08,1.627
5.9493,36.0,5.7315175097276265,0.9844357976653696,713.0,2.77431906614786,33.85,-118.1,2.28
1.7564,19.0,5.577720207253886,1.1865284974093264,1317.0,3.411917098445596,36.06,-118.99,0.426
2.881,47.0,3.8613138686131374,1.0766423357664234,1097.0,4.0036496350364965,33.97,-118.22,1.833
3.7007,26.0,6.272311212814645,1.032036613272311,1217.0,2.7848970251716247,39.71,-121.89,1.392
6.7587,18.0,8.470108695652174,1.2907608695652173,904.0,2.4565217391304346,32.85,-117.24,3.885
6.1278,29.0,6.894736842105263,0.986842105263158,455.0,2.9934210526315788,37.71,-122.48,4.176
2.6847,18.0,5.704152249134948,1.1453287197231834,1554.0,2.688581314878893,40.99,-124.08,1.113
3.4722,40.0,4.944649446494465,1.154981549815498,766.0,2.8265682656826567,37.66,-122.09,1.354
1.5147,44.0,4.701587301587302,1.0444444444444445,999.0,3.171428571428572,33.95,-118.26,0.946
2.3438,26.0,4.616438356164384,0.9452054794520548,277.0,3.7945205479452055,36.47,-119.37,1.0
2.7813,35.0,5.49375,1.0645833333333334,1181.0,2.4604166666666667,39.23,-121.09,1.092
5.0698,25.0,6.61,1.102,1149.0,2.298,36.81,-119.82,1.509
4.0625,19.0,6.729064039408867,1.083743842364532,596.0,2.935960591133005,39.11,-121.68,1.417
6.5,20.0,6.451612903225806,0.8064516129032258,83.0,2.677419354838709,37.69,-122.03,3.4
5.3283,28.0,5.903100775193798,0.9825581395348836,1772.0,3.434108527131783,37.54,-121.99,2.279
5.5902,38.0,7.010126582278481,0.979746835443038,994.0,2.516455696202532,37.52,-122.3,4.17
3.1065,48.0,4.978947368421053,1.0315789473684212,1034.0,2.176842105263158,37.88,-122.29,2.292
2.7679,33.0,4.827433628318584,1.0309734513274336,890.0,3.938053097345133,34.01,-118.08,1.764
6.7669,35.0,5.168560606060606,1.018939393939394,969.0,1.8352272727272727,37.86,-122.49,5.00001
3.7258,32.0,5.244736842105263,1.0210526315789474,1385.0,3.6447368421052633,34.05,-117.96,1.819
4.1544,35.0,5.58457711442786,0.9776119402985076,783.0,1.9477611940298507,34.15,-118.35,5.00001
1.6178,21.0,3.487562189054726,1.2056384742951909,1064.0,1.7645107794361523,33.77,-118.19,1.375
5.6986,20.0,5.677050882658359,1.0841121495327102,2310.0,2.398753894080997,37.9,-122.04,2.758
2.6406,32.0,3.8786610878661087,0.9853556485355648,1363.0,2.851464435146444,33.87,-118.16,1.567
4.1397,52.0,5.474777448071217,0.9970326409495548,1015.0,3.0118694362017804,37.76,-122.48,3.313
3.2806,45.0,4.30544747081712,1.0972762645914398,1920.0,3.735408560311284,37.32,-121.88,1.642
3.1818,36.0,6.510067114093959,1.0570469798657718,850.0,2.8523489932885906,35.29,-120.65,2.496
2.0446,9.0,4.035335689045937,1.1095406360424027,620.0,2.190812720848057,36.77,-119.85,0.813
3.3523,25.0,4.997245179063361,1.1129476584022038,1187.0,3.269972451790633,34.07,-117.94,1.708
5.2297,27.0,6.156657963446476,1.08355091383812,1562.0,4.078328981723238,37.35,-121.8,1.928
2.9441,39.0,4.805008944543828,1.0178890876565294,1159.0,2.073345259391771,37.91,-122.3,2.004
4.0417,52.0,6.452830188679245,1.0471698113207548,1301.0,2.4547169811320755,38.56,-121.45,1.738
4.7917,7.0,26.88235294117647,4.676470588235294,85.0,2.5,39.35,-120.21,1.875
5.5429,16.0,6.214421252371917,1.0037950664136623,1863.0,3.535104364326376,37.38,-121.87,2.691
6.5284,16.0,6.3097345132743365,0.9557522123893806,652.0,2.884955752212389,33.9,-117.89,2.887
3.0217,26.0,4.146341463414634,0.9420731707317072,869.0,2.649390243902439,32.58,-117.12,1.316
8.8793,52.0,8.972868217054264,1.131782945736434,861.0,3.3372093023255816,37.81,-122.23,4.103
6.9533,44.0,7.608024691358024,1.0123456790123455,843.0,2.601851851851852,37.55,-122.34,5.00001
2.0586,28.0,4.509433962264151,1.0377358490566038,1434.0,3.8652291105121295,36.13,-119.13,0.409
7.2905,23.0,6.401663695781343,1.0314913844325608,3895.0,2.314319667260844,37.89,-122.47,5.00001
3.0132,44.0,4.90566037735849,1.0943396226415094,392.0,3.69811320754717,33.93,-118.36,2.025
5.1008,47.0,5.338144329896907,0.9587628865979382,1284.0,2.647422680412371,34.17,-118.32,2.471
2.1915,22.0,4.1237721021611,1.117878192534381,1135.0,2.229862475442044,37.95,-122.33,1.208
4.3218,17.0,5.805460750853243,1.0170648464163825,941.0,3.21160409556314,35.51,-120.68,2.091
2.1728,22.0,5.61609907120743,1.0588235294117647,941.0,2.913312693498452,39.41,-121.71,0.594
5.7239,26.0,6.401433691756273,1.096774193548387,771.0,2.763440860215054,37.61,-121.62,4.306
3.8068,19.0,5.214285714285714,0.9761904761904762,873.0,2.5982142857142856,38.11,-122.6,2.016
5.1423,36.0,4.845323741007194,1.0,748.0,2.6906474820143886,33.9,-118.11,1.831
1.75,30.0,3.727272727272727,1.0822510822510822,1062.0,4.597402597402597,33.98,-118.24,1.154
15.0001,52.0,9.867036011080332,1.0914127423822717,1163.0,3.221606648199446,34.07,-118.41,5.00001
4.7235,33.0,4.890824622531939,1.0662020905923344,2389.0,2.7746806039488967,37.31,-122.0,2.422
3.9063,25.0,5.079069767441861,0.8837209302325582,702.0,3.265116279069768,34.31,-119.29,1.927
2.2141,25.0,4.375757575757576,0.990909090909091,2940.0,4.454545454545454,33.67,-116.18,0.667
4.0524,52.0,5.291666666666667,0.9642857142857144,1681.0,3.3353174603174605,34.17,-118.14,1.731
4.8233,8.0,6.061361457334612,0.959731543624161,2969.0,2.8465963566634707,38.37,-122.69,2.14
2.3182,38.0,3.365432098765432,0.9753086419753086,1798.0,4.439506172839506,34.21,-118.38,1.712
4.1154,28.0,5.45506419400856,1.0684736091298146,1790.0,2.553495007132668,34.19,-118.61,2.464
4.4688,43.0,5.353246753246753,1.135064935064935,817.0,2.122077922077922,37.45,-122.18,4.602
3.7143,49.0,6.201086956521739,1.298913043478261,505.0,2.744565217391304,38.53,-122.94,1.488
3.6308,21.0,5.022079116835327,0.999080036798528,3394.0,3.1223551057957684,34.0,-117.88,1.921
5.3292,52.0,5.029900332225914,1.043189368770764,724.0,2.4053156146179404,37.74,-122.43,3.009
2.2845,41.0,3.897887323943662,0.9683098591549296,1213.0,2.13556338028169,37.86,-122.28,1.531
2.5,52.0,4.804761904761905,1.1,929.0,4.423809523809524,37.33,-121.9,1.625
5.2835,33.0,5.928057553956834,0.9658273381294964,1345.0,2.4190647482014387,32.75,-117.02,2.171
2.2311,52.0,2.879120879120879,0.989010989010989,756.0,2.769230769230769,34.1,-118.32,2.063
3.1859,26.0,5.838323353293413,1.1477045908183632,1921.0,3.834331337325349,33.94,-117.6,1.531
7.4882,35.0,6.467268623024831,1.0383747178329572,1072.0,2.419864559819413,37.84,-122.2,3.193
1.5521,30.0,3.8506787330316734,1.002262443438914,1966.0,4.447963800904978,33.99,-118.26,0.975
5.2166,17.0,5.078073089700997,1.0066445182724253,2030.0,3.372093023255814,37.28,-121.83,2.309
1.6089,19.0,2.0087336244541483,1.0524017467248907,890.0,3.88646288209607,34.04,-118.28,1.625
4.8,20.0,5.430232558139535,1.1046511627906976,229.0,2.6627906976744184,37.08,-122.04,2.615
4.5724,6.0,11.865489130434783,2.1739130434782608,2006.0,2.7255434782608696,34.83,-119.15,1.684
5.1784,12.0,6.25,0.98046875,685.0,2.67578125,33.87,-117.86,2.54
4.4318,52.0,5.74384236453202,1.0689655172413792,861.0,2.1206896551724137,37.76,-122.43,4.375
1.4958,31.0,4.5,0.9505208333333334,1167.0,3.0390625,39.09,-121.55,0.534
2.4286,32.0,5.029824561403509,1.0789473684210529,1705.0,2.991228070175439,36.77,-119.83,0.681
4.875,30.0,4.206030150753769,1.07035175879397,606.0,3.0452261306532664,37.69,-122.47,2.588
2.5125,5.0,4.817472698907956,1.109204368174727,1415.0,2.207488299531981,33.98,-117.89,1.845
3.0952,23.0,5.801324503311259,1.1015452538631347,1210.0,2.671081677704194,38.65,-121.32,1.577
1.6354,37.0,2.7058823529411766,1.0235294117647058,952.0,3.733333333333333,34.01,-118.16,1.589
3.9722,34.0,6.027713625866051,1.0762124711316396,1543.0,3.5635103926097,34.16,-119.19,1.89
2.5909,17.0,4.871478873239437,1.028169014084507,1275.0,2.244718309859155,38.66,-121.33,1.254
3.4679,18.0,3.8483935742971886,1.0602409638554218,2192.0,2.200803212851405,33.73,-117.98,2.197
2.2917,34.0,4.367857142857143,1.0035714285714286,824.0,2.942857142857143,37.74,-122.17,0.925
3.8954,27.0,5.5548523206751055,1.0242616033755274,2432.0,2.5654008438818567,38.67,-121.23,1.33
7.3445,13.0,7.897727272727272,1.106060606060606,852.0,3.227272727272727,37.89,-121.93,3.667
3.0446,32.0,4.895074946466809,1.0021413276231264,1741.0,3.728051391862955,32.72,-117.08,1.019
2.0871,20.0,3.5859154929577466,0.9971830985915492,1548.0,4.3605633802816905,33.64,-116.11,0.847
4.5401,28.0,5.544388609715243,0.9614740368509213,1811.0,3.033500837520938,37.99,-122.07,1.669
3.125,44.0,4.11328125,0.98046875,941.0,3.67578125,34.08,-118.15,2.056
5.1519,15.0,5.067019400352733,0.964726631393298,1582.0,2.7901234567901234,37.01,-121.58,2.647
5.308,15.0,6.147668393782383,0.9430051813471504,1280.0,3.316062176165803,36.89,-119.67,1.675
2.4459,40.0,3.839655172413793,1.0241379310344827,2244.0,3.8689655172413793,33.94,-118.21,1.438
6.1966,16.0,6.356495468277946,0.9516616314199396,2592.0,3.915407854984894,33.71,-117.9,2.605
2.5352,13.0,9.793028322440088,1.8649237472766884,1149.0,2.503267973856209,38.25,-120.37,1.137
6.6112,31.0,6.758474576271187,0.9194915254237288,542.0,2.296610169491525,38.51,-121.51,2.516
3.3616,30.0,4.348159509202454,1.0904907975460123,1669.0,2.5598159509202456,33.73,-118.29,2.685
4.4625,32.0,5.374340949033392,0.9876977152899824,1475.0,2.592267135325132,33.67,-117.91,2.535
1.9135,18.0,5.192028985507246,0.960144927536232,1092.0,3.9565217391304346,36.3,-119.21,0.494
3.7115,20.0,6.091549295774648,1.0598591549295775,1707.0,3.005281690140845,38.25,-122.63,1.819
4.7045,17.0,3.237745098039216,1.0416666666666667,683.0,1.6740196078431373,37.55,-122.26,5.00001
3.194,24.0,4.911764705882353,1.1561085972850678,870.0,1.9683257918552035,33.06,-117.3,2.763
7.9125,12.0,6.845238095238095,0.9761904761904762,2042.0,3.4727891156462585,33.7,-117.76,3.449
3.301,27.0,4.439624853458382,1.0703399765533412,1992.0,2.335287221570926,34.13,-118.07,2.512
4.4083,41.0,4.311546840958606,1.0806100217864925,1157.0,2.520697167755991,34.23,-118.25,2.177
6.3822,18.0,7.36013986013986,1.055944055944056,830.0,2.902097902097902,33.65,-117.82,3.625
3.0938,35.0,5.597911227154047,1.0130548302872062,1003.0,2.618798955613577,32.75,-117.05,1.373
0.8952,9.0,4.0,1.1403508771929824,438.0,3.842105263157895,33.94,-118.28,0.813
2.1898,40.0,5.915407854984895,1.1661631419939578,725.0,2.190332326283988,41.23,-122.27,0.655
3.225,46.0,4.326639892904953,1.1178045515394912,1373.0,1.8380187416332,37.81,-122.25,2.188
1.9444,23.0,4.285539215686274,1.0870098039215683,2467.0,3.0232843137254903,37.61,-120.96,0.934
4.9297,31.0,5.309255079006772,1.0383747178329572,1895.0,2.13882618510158,34.19,-118.22,4.0
4.7283,30.0,7.295264623955432,1.0306406685236769,940.0,2.618384401114206,38.63,-121.36,1.645
4.675,24.0,6.412735849056604,1.0235849056603774,1318.0,3.108490566037736,34.19,-118.95,2.288
4.8359,25.0,6.198419666374012,1.0175592625109746,3903.0,3.426690079016681,33.68,-117.9,2.492
1.7225,50.0,3.6004098360655736,1.069672131147541,2080.0,4.262295081967213,34.04,-118.3,1.8
6.0137,17.0,6.129251700680272,1.0147392290249433,2337.0,2.6496598639455784,34.24,-118.61,3.759
6.9737,31.0,7.041436464088398,0.9806629834254144,1044.0,2.883977900552486,33.77,-117.88,2.888
8.1001,27.0,7.301455301455301,0.9812889812889812,1391.0,2.891891891891892,33.67,-117.93,3.365
4.0579,5.0,4.876513317191283,1.0847457627118644,2062.0,2.49636803874092,34.59,-118.61,1.671
1.5833,42.0,4.641821946169772,1.0786749482401656,1359.0,2.813664596273292,36.57,-119.61,0.651
3.4861,18.0,5.905994550408719,1.100817438692098,2041.0,2.7806539509536785,37.65,-122.11,3.316
3.6818,35.0,4.847593582887701,1.0508021390374331,1093.0,2.9224598930481283,37.65,-122.08,1.654
1.5329,39.0,4.263285024154589,1.0,1056.0,2.550724637681159,37.98,-121.25,0.483
4.1775,4.0,5.495446265938069,1.0655737704918034,3527.0,3.2122040072859743,34.04,-117.49,1.437
2.6641,31.0,5.035714285714286,1.088235294117647,1407.0,2.9558823529411766,33.94,-117.96,1.852
3.2578,18.0,5.755154639175258,1.2139175257731958,919.0,2.368556701030928,33.94,-116.47,0.852
3.1691,42.0,3.530092592592593,1.0555555555555556,1688.0,3.907407407407408,34.1,-118.24,1.413
2.4688,16.0,4.789968652037618,1.1003134796238243,729.0,2.2852664576802506,39.19,-121.18,1.388
5.1047,9.0,6.528042328042328,1.0148148148148148,3378.0,3.574603174603175,37.82,-121.24,1.579
2.569,9.0,4.325549450549451,1.0384615384615383,4451.0,3.0570054945054945,32.57,-117.08,0.883
2.2817,25.0,3.1671469740634004,1.0240153698366954,5027.0,4.8290105667627286,33.96,-118.17,1.642
1.8315,28.0,4.510204081632653,1.0790816326530612,1066.0,2.7193877551020407,37.67,-120.99,0.905
5.2533,22.0,5.257093723129836,1.0412725709372312,2983.0,2.564918314703353,37.27,-121.96,2.691
3.0897,24.0,5.136245110821382,1.0788787483702738,3898.0,2.5410691003911343,32.75,-117.03,1.873
2.0577,52.0,3.862745098039216,1.0032679738562091,1029.0,3.362745098039216,37.75,-122.4,2.146
1.175,52.0,4.958158995815899,1.0878661087866108,635.0,2.6569037656903767,36.76,-119.79,0.561
3.4712,40.0,4.798561151079137,0.9928057553956836,1226.0,4.410071942446043,33.93,-118.19,1.443
2.2574,37.0,4.702576112412178,1.0913348946135832,1261.0,2.9531615925058547,38.52,-121.5,0.591
1.9152,28.0,3.782837127845884,1.064798598949212,1339.0,2.3450087565674256,32.76,-117.12,1.281
9.2175,35.0,6.268733850129199,0.9276485788113696,937.0,2.421188630490956,33.62,-117.91,5.00001
5.6417,13.0,6.76,1.0635897435897437,4847.0,2.485641025641025,37.66,-121.84,3.529
5.5925,13.0,5.757981462409886,1.043254376930999,3188.0,3.283213182286303,34.3,-118.9,2.086
5.0962,17.0,6.063551401869159,1.029906542056075,3199.0,2.9897196261682244,34.28,-118.68,2.38
2.3463,16.0,4.196805111821086,1.0242811501597444,6012.0,3.8415335463258784,36.68,-121.64,1.561
3.6042,34.0,5.538461538461538,1.0,621.0,2.985576923076923,32.79,-115.57,0.736
2.0214,36.0,3.01437908496732,1.0627450980392157,2823.0,3.6901960784313728,34.07,-118.26,1.705
1.75,49.0,5.552631578947368,1.3421052631578947,560.0,3.684210526315789,37.81,-122.29,0.75
1.7292,19.0,4.5,1.181818181818182,51.0,2.3181818181818183,36.95,-117.9,1.375
8.3634,14.0,7.475778546712803,1.0069204152249136,2025.0,3.5034602076124566,33.71,-117.76,3.551
5.8635,24.0,7.226315789473684,1.1394736842105264,1076.0,2.831578947368421,34.45,-119.79,3.487
2.6307,36.0,4.803571428571429,1.2633928571428572,773.0,3.450892857142857,34.13,-117.31,0.664
1.4427,36.0,3.798076923076923,1.0769230769230769,426.0,2.048076923076923,35.38,-119.01,0.506
3.1389,35.0,4.813895781637717,0.9528535980148884,1177.0,2.9205955334987594,38.25,-122.03,1.011
7.6709,17.0,7.691379310344828,1.0086206896551724,2095.0,3.6120689655172415,33.72,-117.93,3.195
3.5391,30.0,5.229468599033816,1.2946859903381642,1500.0,3.6231884057971016,37.75,-119.55,0.559
4.0474,22.0,4.745070422535211,1.0859154929577466,2751.0,3.874647887323944,34.28,-118.88,1.821
4.0439,27.0,4.9875,1.115,1417.0,1.77125,34.14,-118.42,5.00001
6.1004,35.0,5.8687258687258685,1.003861003861004,1374.0,2.6525096525096523,37.51,-122.29,4.264
2.1458,22.0,5.287610619469026,1.0707964601769913,1131.0,2.502212389380531,40.71,-122.4,0.847
3.1972,20.0,3.5460122699386503,1.1196319018404908,583.0,1.7883435582822085,37.75,-122.28,1.0
3.1378,13.0,4.135957066189624,1.0590339892665477,2038.0,3.645796064400716,33.92,-117.95,1.37
8.8619,41.0,6.12396694214876,0.987603305785124,617.0,2.549586776859504,34.04,-118.55,5.00001
1.2778,42.0,3.4615384615384617,1.1497975708502024,890.0,3.603238866396761,34.0,-118.28,1.125
5.2662,16.0,5.869337979094077,0.926829268292683,1770.0,3.083623693379791,37.31,-120.44,1.262
3.5745,14.0,4.571428571428571,1.0668693009118542,3258.0,2.475683890577508,37.37,-121.88,3.337
3.8958,52.0,5.362989323843417,1.00355871886121,929.0,3.306049822064057,37.72,-122.44,2.477
3.0789,8.0,4.6518375241779495,1.0386847195357831,1594.0,3.0831721470019344,33.94,-117.23,1.142
4.1058,37.0,4.976588628762542,1.0635451505016722,2117.0,3.540133779264214,34.0,-118.07,1.673
1.1458,48.0,3.2470238095238093,1.199404761904762,926.0,2.755952380952381,38.55,-121.47,0.654
5.293,25.0,7.085365853658536,0.9939024390243902,1087.0,3.3140243902439024,33.85,-118.26,2.07
0.7684,31.0,2.569230769230769,1.0307692307692309,780.0,6.0,40.87,-124.07,1.531
3.5179,36.0,6.339195979899498,1.0075376884422111,927.0,2.329145728643216,38.59,-121.37,2.078
2.8679,44.0,4.951554591467824,1.1453362255965294,3269.0,2.363702096890817,37.75,-122.4,2.433
1.5347,31.0,4.987068965517241,1.1896551724137931,956.0,4.120689655172414,37.96,-122.36,0.804
3.0208,44.0,6.223021582733813,1.233812949640288,782.0,2.8129496402877696,35.34,-119.01,0.637
2.9063,31.0,5.508710801393728,1.0418118466898956,776.0,2.7038327526132404,40.87,-121.67,0.778
2.3625,40.0,6.2727272727272725,1.1727272727272726,305.0,2.772727272727273,39.67,-120.24,0.625
1.8958,28.0,5.959595959595959,1.303030303030303,315.0,3.1818181818181817,37.92,-121.23,0.857
5.6683,24.0,6.080882352941177,1.0073529411764706,1891.0,3.4761029411764706,37.41,-121.87,2.487
4.5769,35.0,5.711267605633803,1.0633802816901408,845.0,2.9753521126760565,33.93,-118.1,1.861
2.3,23.0,4.305699481865285,0.9766839378238342,1318.0,3.414507772020725,32.58,-117.1,1.208
6.7685,21.0,8.452914798206278,1.100896860986547,1410.0,3.161434977578476,32.79,-116.9,2.947
3.7312,31.0,4.635021097046414,1.0569620253164558,944.0,1.9915611814346,34.16,-118.38,3.194
6.4664,25.0,6.1923076923076925,0.878698224852071,983.0,2.908284023668639,37.31,-121.78,2.715
4.0278,29.0,19.86,4.74,337.0,3.37,39.34,-120.35,0.958
3.2663,37.0,4.104868913857678,0.9737827715355806,490.0,1.835205992509364,32.8,-117.25,2.706
5.1228,17.0,5.189822294022617,1.024232633279483,3934.0,3.1777059773828755,37.24,-121.85,2.376
3.5625,43.0,5.64741641337386,1.0486322188449848,1054.0,3.2036474164133737,34.11,-118.01,2.116
6.0994,25.0,6.128767123287672,0.9068493150684932,1121.0,3.0712328767123287,34.18,-118.95,2.549
2.9853,28.0,3.242857142857143,1.05,366.0,2.6142857142857143,37.33,-121.91,1.875
1.7778,44.0,3.448453608247423,0.9432989690721648,1765.0,4.548969072164948,33.96,-118.24,1.099
5.282,24.0,5.918495297805642,1.0,950.0,2.9780564263322886,32.85,-117.0,1.408
2.5417,22.0,3.103448275862069,1.0251989389920424,2226.0,2.952254641909814,34.13,-118.25,2.175
2.5101,15.0,4.148063781321184,1.1753986332574031,1385.0,3.154897494305239,32.75,-117.08,0.953
13.1107,17.0,8.111650485436893,0.9320388349514565,678.0,3.29126213592233,33.89,-117.89,4.676
1.7452,24.0,3.3381147540983607,1.2028688524590163,1012.0,2.0737704918032787,32.76,-117.06,1.568
4.2569,52.0,4.898128898128898,1.0415800415800416,909.0,1.8898128898128896,37.76,-122.43,4.554
2.3611,41.0,4.561001042752868,1.0834202294056308,2387.0,2.489051094890511,38.74,-121.3,0.879
2.2244,36.0,3.2302631578947367,1.1239035087719298,2542.0,2.787280701754386,34.13,-118.25,2.559
4.3487,29.0,5.930711610486892,1.0262172284644195,1554.0,2.9101123595505616,38.65,-121.84,2.007
2.3287,16.0,5.705,1.1,563.0,2.815,40.63,-122.23,1.307
3.4323,41.0,3.9322033898305087,1.055084745762712,1108.0,4.694915254237288,33.94,-118.22,1.446
4.0125,29.0,5.720268006700167,1.0569514237855946,1527.0,2.557788944723618,35.44,-119.02,0.844
2.8348,8.0,3.7813370473537606,1.0445682451253482,2580.0,3.5933147632311977,36.91,-121.77,1.62
7.4111,52.0,6.766381766381766,1.051282051282051,930.0,2.649572649572649,34.11,-118.15,4.691
2.25,41.0,3.505988023952096,1.0,1479.0,4.42814371257485,34.06,-117.65,0.905
2.6149,19.0,4.98389458272328,1.0702781844802345,1421.0,2.0805270863836016,40.2,-122.21,0.844
2.7634,19.0,4.715918367346939,1.0293877551020407,1711.0,1.3967346938775511,33.62,-117.72,0.869
2.1793,36.0,2.882,1.068,1809.0,3.618,34.11,-118.2,1.857
2.6875,23.0,6.357446808510638,1.1702127659574468,678.0,2.885106382978724,36.27,-119.25,0.691
2.0348,17.0,2.6659815005138747,1.0565262076053443,3950.0,4.059609455292908,34.2,-118.39,1.772
4.175,36.0,5.398601398601398,1.0769230769230769,891.0,3.1153846153846154,34.2,-118.56,1.909
2.0694,18.0,6.889855072463768,1.5579710144927537,1366.0,1.9797101449275365,35.72,-118.47,0.812
1.735,14.0,4.599397590361446,0.9789156626506024,1453.0,4.376506024096385,32.73,-115.53,0.612
3.5489,28.0,5.152329749103942,1.003584229390681,1608.0,2.881720430107527,37.68,-121.02,1.064
2.8649,4.0,4.958477508650519,1.1211072664359862,1311.0,2.2681660899653977,34.93,-120.43,1.865
1.1552,44.0,4.273381294964029,1.2158273381294964,325.0,2.338129496402878,36.97,-122.02,2.5
5.9113,37.0,6.438746438746438,1.0085470085470083,809.0,2.304843304843305,32.73,-117.24,3.883
1.7208,27.0,3.669856459330144,1.0207336523125996,847.0,1.350877192982456,33.77,-118.09,0.675
3.4193,45.0,4.537074148296593,1.006012024048096,1970.0,3.947895791583168,33.73,-117.87,1.77
1.8209,29.0,2.524110671936759,1.1478260869565218,2039.0,1.6118577075098814,34.1,-118.34,5.00001
4.2917,17.0,6.222493887530562,1.0464547677261613,3096.0,2.5232273838630808,38.88,-121.06,1.843
2.1969,47.0,5.767676767676767,1.1245791245791246,570.0,1.9191919191919191,37.65,-121.01,1.494
3.1912,24.0,5.0,0.8085106382978723,347.0,2.4609929078014185,37.68,-120.98,1.496
1.8152,17.0,4.22365988909427,1.024029574861368,1412.0,2.6099815157116453,34.06,-117.16,0.943
4.6761,31.0,5.649501661129568,1.0232558139534884,1750.0,2.9069767441860463,38.07,-122.14,1.431
5.2595,20.0,6.941684665226782,0.9632829373650108,1360.0,2.937365010799136,36.83,-119.76,1.109
2.2132,22.0,6.009009009009009,1.1756756756756757,597.0,2.689189189189189,40.17,-120.94,0.892
3.6875,44.0,5.177777777777778,0.9944444444444444,717.0,3.983333333333333,33.98,-118.12,1.781
5.2671,17.0,5.860215053763441,0.974910394265233,960.0,3.4408602150537635,32.73,-116.95,1.571
5.0764,24.0,5.455069124423964,1.1002304147465438,2600.0,2.995391705069125,33.82,-117.94,2.286
2.1071,31.0,3.587044534412956,0.9068825910931174,1154.0,4.672064777327935,33.89,-118.19,0.995
4.5217,23.0,5.1867612293144205,1.0212765957446808,2526.0,2.98581560283688,33.84,-117.84,2.194
2.8542,34.0,3.8587786259541983,1.045801526717557,1164.0,4.442748091603053,34.04,-118.19,1.469
1.125,26.0,3.794339622641509,1.0509433962264152,855.0,1.6132075471698113,38.45,-122.7,2.333
3.6389,4.0,4.237903225806452,1.060483870967742,455.0,1.8346774193548387,38.27,-122.3,1.302
1.125,36.0,4.4409090909090905,1.165909090909091,1437.0,3.265909090909091,37.91,-122.33,0.938
4.9355,34.0,6.5625,1.0791666666666666,1392.0,2.9,34.25,-118.25,3.369
4.875,40.0,5.181818181818182,1.0101010101010102,399.0,4.03030303030303,33.91,-118.1,1.676
5.9339,15.0,6.361313868613139,0.927007299270073,943.0,3.4416058394160585,33.51,-117.64,2.86
1.6581,48.0,4.00561797752809,0.9297752808988764,784.0,2.202247191011236,34.03,-118.34,1.188
3.7066,32.0,4.279627163781624,0.9560585885486018,2316.0,3.0838881491344874,34.09,-118.08,2.068
3.0989,21.0,4.013341419041844,1.0751970891449365,4396.0,2.6658580958156457,33.87,-118.14,1.714
4.8167,16.0,5.072727272727272,1.0493506493506493,798.0,2.0727272727272728,32.74,-117.23,1.698
3.8317,9.0,4.732510288065844,1.1810699588477367,377.0,1.551440329218107,37.56,-122.32,2.375
2.625,42.0,4.788203753351207,0.9597855227882036,1318.0,3.533512064343164,33.91,-118.27,1.011
3.7115,20.0,6.091549295774648,1.0598591549295775,1707.0,3.005281690140845,38.25,-122.63,1.819
8.5621,23.0,7.329861111111111,1.0625,979.0,3.399305555555556,33.89,-117.99,3.478
6.3013,49.0,7.0185528756957325,1.074211502782931,1601.0,2.9703153988868274,34.12,-118.1,5.00001
2.6705,32.0,5.592833876221499,1.0586319218241045,1356.0,4.416938110749186,37.56,-121.09,0.919
2.7226,31.0,4.235119047619048,1.081845238095238,2120.0,3.1547619047619047,34.04,-118.38,2.542
1.9799,28.0,4.260233918128655,1.1608187134502923,672.0,1.9649122807017545,32.76,-117.11,1.227
2.4196,46.0,3.881904761904762,1.0171428571428571,1250.0,2.380952380952381,34.08,-118.32,3.581
3.6786,11.0,6.197590361445784,1.0939759036144578,1402.0,3.378313253012048,36.09,-119.06,0.729
4.85,7.0,6.278894472361809,1.0552763819095476,1314.0,3.301507537688442,33.25,-117.32,1.869
6.2712,47.0,6.949090909090909,1.029090909090909,697.0,2.5345454545454547,37.94,-122.32,2.677
4.81,42.0,4.979498861047836,0.9635535307517084,1145.0,2.6082004555808656,34.26,-118.3,1.919
1.6021,29.0,4.56,1.0745454545454545,1112.0,2.021818181818182,37.98,-120.37,0.914
3.35,36.0,4.285353535353536,0.9949494949494948,1274.0,3.217171717171717,33.8,-118.25,1.631
2.3974,48.0,3.201145311381532,1.1302791696492485,2796.0,2.0014316392269147,34.11,-118.32,4.107
3.6759,44.0,5.429447852760736,1.051124744376278,1102.0,2.25357873210634,32.7,-117.18,3.688
1.5479,31.0,4.14785373608903,1.0254372019077902,1796.0,2.855325914149444,37.06,-120.85,0.82
4.2132,2.0,6.200305810397554,1.1238532110091743,1730.0,2.6452599388379205,36.83,-119.88,0.965
4.9808,42.0,5.424778761061947,1.0206489675516224,1034.0,3.050147492625369,33.93,-118.15,2.123
2.2417,15.0,10.51530612244898,2.372448979591837,573.0,2.923469387755102,38.72,-119.93,0.979
6.6818,25.0,6.345,1.0,1678.0,2.796666666666667,37.3,-122.04,4.113
3.9712,46.0,6.410334346504559,1.17629179331307,922.0,2.802431610942249,37.79,-122.18,2.081
1.6875,33.0,3.6095444685466376,0.9869848156182212,1077.0,2.336225596529284,35.27,-120.66,1.742
1.8242,18.0,5.945859872611465,1.3503184713375795,802.0,2.554140127388535,41.95,-122.64,0.535
2.0147,16.0,4.598997493734336,1.0776942355889725,599.0,1.5012531328320802,33.18,-117.31,0.877
6.6494,35.0,5.06265664160401,1.1303258145363408,724.0,1.8145363408521304,33.88,-118.44,5.00001
9.281,31.0,7.131233595800525,0.9868766404199476,1001.0,2.627296587926509,37.36,-122.08,5.00001
5.8505,22.0,8.056689342403628,1.2018140589569162,1108.0,2.512471655328798,36.59,-121.95,4.171
3.2279,28.0,5.731578947368421,0.9421052631578948,544.0,2.863157894736842,35.51,-119.27,0.958
4.119,28.0,5.075614366729679,1.0982986767485825,1243.0,2.349716446124764,33.86,-118.37,3.24
4.675,34.0,5.3486590038314175,0.9386973180076628,661.0,2.532567049808429,33.88,-117.9,2.154
6.8226,26.0,7.977678571428571,1.0133928571428572,639.0,2.852678571428572,33.66,-117.95,3.298
15.0001,2.0,22.22222222222222,2.2222222222222223,25.0,2.7777777777777777,37.74,-121.96,3.5
2.4459,17.0,3.82487922705314,1.039855072463768,2098.0,2.533816425120773,32.97,-117.1,0.858
3.0673,38.0,4.881019830028329,1.1161473087818696,711.0,2.0141643059490084,37.73,-122.14,2.184
2.9,24.0,4.4019047619047615,1.020952380952381,1005.0,1.9142857142857144,32.77,-117.01,1.852
5.3909,15.0,5.727626459143969,0.8871595330739299,892.0,3.470817120622568,36.31,-119.33,1.13
9.5271,16.0,8.459251101321586,1.0418502202643172,2777.0,3.058370044052864,37.84,-122.0,5.00001
3.6434,14.0,6.637931034482759,1.0,285.0,2.456896551724138,39.13,-120.99,1.554
4.75,36.0,5.92654028436019,1.0497630331753554,1031.0,2.443127962085308,33.88,-118.38,4.421
3.4706,20.0,5.274253731343284,1.0335820895522387,1822.0,3.399253731343284,32.8,-117.17,1.576
2.517,30.0,4.498759305210919,1.034739454094293,1577.0,1.956575682382134,38.63,-121.4,1.304
2.7188,20.0,5.443946188340807,1.1076233183856503,504.0,2.2600896860986546,38.93,-122.89,1.057
2.8194,43.0,4.665413533834586,0.9022556390977444,612.0,2.300751879699248,37.62,-121.03,0.813
3.6429,25.0,4.304232804232805,0.992063492063492,735.0,1.9444444444444444,32.79,-117.25,3.171
3.0495,16.0,5.413872832369942,1.0739884393063583,3073.0,3.552601156069364,32.59,-117.05,0.983
3.5296,43.0,4.644149577804584,1.227985524728589,1497.0,1.805790108564536,37.71,-122.48,4.0
4.1947,16.0,6.384803921568627,1.0784313725490196,1352.0,3.313725490196078,38.0,-121.88,1.403
2.2542,43.0,4.554621848739496,1.0532212885154062,1284.0,3.596638655462185,37.79,-122.24,1.122
1.625,34.0,4.8259668508287294,1.091160220994475,935.0,2.5828729281767955,37.96,-120.24,0.794
3.9028,52.0,12.90188679245283,2.932075471698113,710.0,2.679245283018868,34.08,-116.88,1.286
1.837,27.0,4.152487961476726,1.1701444622792938,1500.0,2.407704654895666,37.96,-122.04,1.75
5.6177,21.0,6.888586956521739,1.0407608695652173,1012.0,2.75,34.71,-120.47,1.838
5.3446,35.0,5.553752535496957,1.0324543610547667,1545.0,3.133874239350913,37.66,-122.45,2.633
10.5045,36.0,6.023668639053255,0.8757396449704142,329.0,1.9467455621301768,33.81,-118.38,5.00001
8.7819,20.0,7.484251968503937,1.062992125984252,704.0,2.7716535433070866,33.96,-118.43,5.00001
4.875,10.0,5.168021680216802,1.0785907859078592,921.0,2.4959349593495936,34.1,-118.18,2.004
3.5179,33.0,4.709677419354839,1.0,75.0,2.419354838709677,38.36,-121.99,0.844
2.7652,13.0,4.670020120724346,1.0845070422535212,1066.0,2.1448692152917506,38.62,-121.27,0.956
3.625,35.0,6.75,1.375,1870.0,4.328703703703703,35.73,-117.73,0.55
2.478,16.0,3.838763575605681,1.1203007518796992,2849.0,2.380116959064328,33.17,-117.35,1.856
2.9452,17.0,5.12933025404157,1.0538876058506543,2840.0,2.18629715165512,38.61,-121.27,1.156
3.8472,33.0,5.033690658499235,0.993874425727412,1783.0,2.7304747320061256,34.05,-118.15,2.933
6.0247,41.0,6.302816901408451,1.2711267605633805,540.0,1.9014084507042253,33.61,-117.89,5.00001
8.0015,35.0,5.408163265306122,0.9744897959183674,444.0,2.26530612244898,33.88,-118.4,5.00001
2.2391,35.0,5.385416666666667,1.0729166666666667,604.0,3.145833333333333,37.85,-121.3,1.2
1.787,14.0,4.168784029038113,1.0399274047186933,1637.0,2.970961887477314,40.15,-122.23,0.516
1.875,39.0,3.2270531400966185,1.0193236714975846,3050.0,4.911433172302737,34.02,-118.27,1.273
0.4999,10.0,6.74,2.04,108.0,2.16,34.69,-116.9,0.55
3.045,36.0,5.140298507462687,1.0537313432835822,1174.0,3.5044776119402985,34.0,-118.09,1.606
15.0001,45.0,10.37065637065637,1.0926640926640927,857.0,3.3088803088803087,34.09,-118.4,5.00001
3.7647,17.0,5.349248452696728,1.0106100795755968,3424.0,3.0274093722369586,32.73,-117.0,1.276
6.6368,42.0,7.191176470588236,0.9950980392156864,577.0,2.82843137254902,34.05,-118.39,5.00001
1.6645,20.0,5.671814671814672,1.16988416988417,1031.0,3.980694980694981,36.35,-119.42,0.48
3.1315,18.0,3.8207024029574863,1.423290203327172,870.0,1.6081330868761552,33.83,-117.96,1.375
3.4183,29.0,7.146031746031746,1.4730158730158731,855.0,2.7142857142857144,34.39,-117.13,1.041
6.4385,24.0,5.693726937269373,0.948339483394834,824.0,3.040590405904059,34.04,-118.09,2.726
2.1413,38.0,4.679245283018868,1.0377358490566038,261.0,4.9245283018867925,34.62,-118.02,0.969
1.8185,23.0,4.026785714285714,1.0267857142857142,1322.0,3.934523809523809,34.97,-120.54,0.978
4.4489,16.0,5.966549295774648,1.051056338028169,1674.0,2.947183098591549,38.69,-121.27,1.456
3.625,52.0,4.290094339622642,1.0943396226415094,1068.0,2.518867924528302,33.84,-118.31,2.707
3.3438,16.0,5.227067669172932,0.9774436090225564,2126.0,3.1969924812030075,37.7,-121.02,1.254
2.6442,34.0,6.185929648241206,1.085427135678392,841.0,4.226130653266332,34.01,-117.41,0.92
2.489,51.0,4.165394402035624,1.178117048346056,1543.0,3.926208651399491,37.78,-122.22,1.191
2.0323,43.0,4.096069868995633,0.9912663755458516,1571.0,3.430131004366812,33.96,-118.25,1.125
5.2539,52.0,4.965337954939342,1.0277296360485269,1029.0,1.783362218370884,37.8,-122.44,5.00001
2.9054,44.0,5.206185567010309,1.0120274914089349,1373.0,2.359106529209622,38.31,-122.27,1.552
1.8641,39.0,4.547861507128309,1.1466395112016294,2031.0,4.136456211812627,36.75,-119.76,0.508
4.1482,7.0,5.674956622325043,1.1069982648930017,5595.0,3.2359745517640253,33.92,-117.25,1.246
7.9294,18.0,7.722488038277512,1.0047846889952152,692.0,3.311004784688995,33.57,-117.67,2.803
2.6364,22.0,3.5874125874125875,0.993006993006993,1254.0,2.1923076923076925,34.18,-118.43,2.711
2.8472,27.0,12.32,2.993333333333333,396.0,2.64,40.16,-123.22,0.413
2.6979,17.0,4.983310152990264,0.9735744089012516,1587.0,2.2072322670375524,34.0,-117.55,0.75
2.3804,37.0,6.238970588235294,1.2279411764705883,740.0,2.7205882352941178,34.64,-120.46,1.48
4.7,36.0,6.0201005025125625,1.0577889447236182,1064.0,2.6733668341708543,34.21,-118.51,2.236
3.7807,9.0,4.997677119628339,1.0452961672473868,2240.0,2.6016260162601625,34.68,-118.16,1.109
3.1538,39.0,5.072463768115942,1.0483091787439611,895.0,4.323671497584541,33.92,-118.2,1.556
2.8821,28.0,4.385653409090909,1.029119318181818,5041.0,3.5802556818181817,34.04,-118.02,1.581
6.5253,26.0,7.297966401414677,1.0194518125552607,3460.0,3.0592396109637487,34.14,-117.83,3.499
2.1949,35.0,3.6588921282798834,1.0029154518950438,1782.0,5.19533527696793,33.89,-118.23,0.951
2.5949,12.0,4.385895404120443,1.1362916006339143,3112.0,2.465927099841521,32.82,-116.95,1.083
3.274,30.0,4.805646036916396,1.0803474484256244,4196.0,4.5559174809989145,33.89,-118.15,1.483
1.7344,35.0,4.4491525423728815,1.0677966101694916,918.0,3.889830508474576,33.93,-118.35,1.469
4.375,51.0,6.502164502164503,1.051948051948052,586.0,2.536796536796537,34.19,-118.3,3.324
3.65,49.0,3.769230769230769,0.9230769230769232,59.0,2.269230769230769,37.87,-121.23,1.625
3.209,14.0,7.239942528735632,1.9727011494252875,1298.0,1.8649425287356325,33.14,-117.38,3.133
6.5945,21.0,8.132992327365729,1.1099744245524297,1413.0,3.613810741687979,33.9,-117.88,2.773
4.4437,16.0,5.9326599326599325,0.9865319865319864,810.0,2.727272727272727,38.37,-122.85,3.05
2.8281,30.0,4.281923714759536,1.077943615257048,1098.0,1.82089552238806,32.77,-117.13,1.717
2.5924,19.0,3.6426426426426426,1.09984984984985,3171.0,2.380630630630631,34.15,-118.24,1.929
3.2229,15.0,2.953216374269006,1.023391812865497,470.0,1.3742690058479532,33.71,-117.76,1.083
8.0784,52.0,6.882191780821918,0.9753424657534246,978.0,2.6794520547945204,33.77,-117.87,3.203
3.5652,14.0,6.838983050847458,1.38135593220339,1000.0,2.824858757062147,39.32,-120.17,1.198
4.5,11.0,6.191111111111111,1.0666666666666669,1250.0,2.7777777777777777,33.36,-117.24,2.226
4.6406,34.0,5.04245283018868,1.0235849056603774,601.0,2.8349056603773586,33.87,-118.34,2.559
4.1375,38.0,5.095070422535211,1.0316901408450705,1042.0,3.6690140845070425,34.03,-118.14,2.115
1.78,38.0,3.9756944444444446,1.125,596.0,2.0694444444444446,38.57,-121.48,1.143
2.5469,38.0,5.1440677966101696,1.076271186440678,723.0,3.0635593220338984,34.0,-117.35,0.878
1.7427,32.0,4.757575757575758,1.0171277997364954,2060.0,2.7140974967061924,40.69,-122.36,0.606
1.7679,36.0,3.9617021276595743,1.0468085106382978,732.0,3.1148936170212767,34.01,-118.16,1.428
3.0091,41.0,5.648837209302326,1.055813953488372,1188.0,2.7627906976744185,32.97,-115.54,0.708
2.1447,43.0,4.4526315789473685,1.0421052631578946,946.0,3.319298245614035,32.79,-117.17,1.333
1.5455,13.0,5.822222222222222,1.4333333333333331,215.0,2.388888888888889,38.94,-122.62,0.55
3.4769,50.0,5.0703125,1.0703125,1170.0,3.046875,37.73,-122.4,2.387
3.7545,52.0,5.242774566473988,1.1194605009633911,1043.0,2.009633911368016,37.75,-122.43,3.837
3.4764,13.0,4.711904761904762,1.0297619047619049,1981.0,2.3583333333333334,33.15,-117.09,1.375
1.7137,16.0,7.070844686648502,1.651226158038147,1046.0,2.8501362397820165,32.74,-116.35,1.107
6.8591,52.0,7.599388379204893,0.9571865443425076,953.0,2.914373088685015,37.81,-122.24,3.524
6.6361,17.0,7.557562076749436,1.0857787810383748,1222.0,2.758465011286681,32.82,-116.75,3.086
4.7168,11.0,5.683684794672586,0.9977802441731408,2258.0,2.5061043285238624,38.55,-121.8,2.232
4.175,18.0,5.709371293001186,1.00711743772242,2333.0,2.767497034400949,38.4,-121.36,1.444
8.5294,35.0,8.186507936507937,1.0555555555555556,676.0,2.6825396825396823,37.36,-122.1,5.00001
3.9875,24.0,6.076517150395778,1.0527704485488127,851.0,2.2453825857519787,33.43,-117.61,3.465
4.359,15.0,4.135021097046414,1.279887482419128,943.0,1.3263009845288327,37.4,-122.07,1.922
5.6234,42.0,5.334224598930481,1.1016042780748665,794.0,2.122994652406417,37.46,-122.15,3.796
4.9318,6.0,5.7944078947368425,1.0921052631578947,1705.0,2.804276315789474,37.7,-122.44,2.581
5.748,28.0,6.002427184466019,1.029126213592233,2683.0,3.2560679611650487,37.63,-122.45,3.021
1.5729,36.0,4.553956834532374,1.064748201438849,557.0,4.0071942446043165,32.7,-117.14,0.827
1.8542,22.0,4.789115646258503,1.1938775510204085,636.0,2.163265306122449,37.26,-121.96,3.333
3.0179,37.0,4.822222222222222,1.0507936507936508,613.0,1.946031746031746,34.19,-118.32,2.725
8.2883,34.0,6.618834080717488,0.9730941704035876,613.0,2.7488789237668163,37.37,-122.21,5.00001
3.5083,43.0,5.084558823529412,1.0110294117647058,853.0,3.136029411764706,37.74,-122.15,1.22
1.125,26.0,3.794339622641509,1.0509433962264152,855.0,1.6132075471698113,38.45,-122.7,2.333
3.1583,34.0,4.832075471698113,0.9377358490566038,1583.0,2.986792452830189,38.52,-121.48,0.958
1.179,23.0,2.3887973640856672,1.057660626029654,1258.0,2.072487644151565,34.42,-119.86,2.25
3.3958,38.0,5.266447368421052,1.1578947368421053,711.0,2.338815789473684,33.79,-118.31,2.5
3.9844,43.0,5.961988304093567,0.9678362573099416,875.0,2.5584795321637426,37.66,-121.0,1.52
2.5035,20.0,4.484782608695652,1.056521739130435,1045.0,2.2717391304347827,38.32,-122.3,1.532
7.5791,18.0,6.783904619970194,1.052160953800298,1918.0,2.8584202682563338,33.59,-117.66,2.881
6.8773,18.0,6.570539419087137,0.991701244813278,1414.0,2.933609958506224,37.11,-121.75,4.677
2.0579,42.0,4.101604278074866,1.106951871657754,2114.0,3.768270944741533,33.8,-118.18,1.327
6.4752,42.0,5.225726141078838,1.0846473029045642,2096.0,1.7394190871369295,37.85,-122.48,5.00001
1.8771,34.0,2.5783505154639177,1.079381443298969,3326.0,3.428865979381443,34.08,-118.3,2.475
2.5865,47.0,4.681818181818182,1.041958041958042,794.0,2.7762237762237763,38.12,-122.25,1.098
1.125,23.0,6.130434782608695,2.565217391304348,47.0,2.0434782608695654,40.99,-123.35,0.66
1.1346,42.0,3.5921052631578947,1.0219298245614037,899.0,3.942982456140351,33.93,-118.25,0.854
3.3958,42.0,4.523809523809524,1.1904761904761905,643.0,2.5515873015873014,34.18,-118.37,1.784
3.0047,9.0,4.008108108108108,1.0405405405405406,1430.0,1.9324324324324325,37.37,-122.03,2.56
10.7937,29.0,7.471786833855799,1.2178683385579938,1500.0,2.3510971786833856,34.07,-118.48,5.00001
2.1731,38.0,4.46969696969697,1.053030303030303,620.0,4.696969696969697,33.96,-118.14,1.438
4.515,15.0,6.379061371841155,1.063778580024067,2335.0,2.809867629362214,38.92,-121.07,1.64
4.4583,18.0,4.918309859154929,1.0169014084507042,3032.0,2.846948356807512,33.81,-118.01,1.901
3.25,38.0,5.978021978021978,0.978021978021978,240.0,2.6373626373626373,40.55,-124.13,0.948
3.1053,12.0,3.942446043165468,0.8633093525179856,1175.0,4.226618705035971,37.92,-121.29,0.731
5.5351,4.0,8.584269662921349,1.25,2088.0,2.932584269662921,33.55,-117.27,4.29
2.9471,33.0,6.68,1.024,528.0,2.112,36.8,-119.82,0.995
3.6597,21.0,5.962121212121212,1.1717171717171715,1146.0,2.893939393939394,34.17,-119.17,1.951
3.9688,15.0,16.55056179775281,3.0786516853932584,622.0,2.3295880149812733,34.24,-116.87,1.828
5.0739,16.0,5.124137931034483,0.9839080459770116,3038.0,3.491954022988505,37.54,-122.03,2.08
1.8056,39.0,2.225165562913907,1.145695364238411,586.0,3.880794701986755,34.09,-118.29,2.625
7.1035,52.0,7.269565217391304,1.0434782608695652,832.0,2.411594202898551,38.55,-121.48,2.287
3.4919,44.0,5.138418079096045,1.0310734463276836,1137.0,3.211864406779661,37.75,-122.5,2.718
4.69,36.0,6.405882352941177,1.0705882352941176,535.0,3.147058823529412,37.25,-121.93,2.526
1.2625,40.0,4.61244019138756,1.1004784688995215,742.0,3.550239234449761,37.95,-121.32,0.43
4.0417,34.0,5.25748502994012,0.9580838323353292,372.0,2.2275449101796405,38.22,-122.63,2.321
3.2964,5.0,5.344444444444444,1.01,2242.0,2.491111111111111,38.68,-120.98,1.769
6.5006,16.0,7.445,1.0275,1531.0,3.8275,38.0,-122.25,2.377
3.0221,25.0,4.350364963503649,0.8394160583941606,426.0,3.1094890510948905,33.18,-117.17,2.143
1.1483,36.0,2.956451612903226,1.1096774193548389,1128.0,1.8193548387096767,33.77,-118.18,1.125
3.1944,29.0,5.979591836734694,1.0233236151603498,915.0,2.6676384839650145,36.22,-119.35,1.068
2.1912,42.0,4.122093023255814,1.058139534883721,547.0,3.1802325581395348,38.44,-122.7,1.65
3.9696,44.0,4.693396226415095,1.0424528301886793,1141.0,2.6910377358490565,37.58,-122.31,2.583
3.407,33.0,4.401854714064915,0.990726429675425,2319.0,3.5842349304482224,33.89,-118.15,1.908
3.3906,36.0,5.0785340314136125,1.044502617801047,1076.0,2.816753926701571,32.58,-117.16,1.478
2.3935,14.0,4.762195121951219,1.1371951219512195,609.0,1.8567073170731707,33.92,-117.89,1.25
9.281,31.0,7.131233595800525,0.9868766404199476,1001.0,2.627296587926509,37.36,-122.08,5.00001
4.325,37.0,5.074380165289257,0.9793388429752066,572.0,2.363636363636364,33.81,-118.13,2.239
3.6417,16.0,5.760820045558087,1.099088838268793,3388.0,3.85876993166287,34.13,-117.45,1.19
3.5625,34.0,3.948186528497409,0.9430051813471504,611.0,3.1658031088082903,37.38,-121.84,2.018
3.2891,29.0,6.062962962962963,1.1,753.0,2.7888888888888888,40.77,-122.96,0.931
2.652,17.0,5.248543689320388,1.0679611650485437,1241.0,2.4097087378640776,38.3,-122.48,1.713
1.6122,41.0,3.2764976958525347,1.101382488479263,1640.0,3.778801843317973,34.05,-118.22,1.571
15.0001,32.0,8.84504132231405,1.0351239669421488,1318.0,2.7231404958677685,37.44,-122.22,5.00001
4.1953,5.0,6.161695447409733,1.0627943485086342,6686.0,3.4986917844060703,33.89,-117.23,1.366
5.3913,46.0,4.785992217898833,0.9610894941634242,895.0,3.482490272373541,37.71,-122.44,2.489
6.4781,37.0,5.585657370517929,1.0119521912350598,722.0,2.8764940239043826,33.88,-118.32,2.69
4.025,27.0,5.242009132420091,0.9406392694063926,521.0,2.3789954337899544,40.6,-124.14,1.281
3.6875,29.0,5.015410958904109,1.095890410958904,1618.0,2.77054794520548,33.82,-117.95,2.132
3.0,37.0,5.129363449691992,0.969199178644764,1291.0,2.650924024640657,34.13,-117.25,0.834
5.9546,39.0,5.669064748201439,0.920863309352518,413.0,2.971223021582734,34.13,-118.08,3.967
4.0507,30.0,4.816326530612245,1.0760667903525047,1662.0,3.0834879406307976,33.88,-118.14,1.795
3.29,32.0,4.281675392670157,1.0209424083769634,3775.0,3.952879581151832,34.07,-118.08,2.055
4.3393,52.0,5.272536687631027,1.0356394129979036,1583.0,3.318658280922432,37.75,-122.48,3.176
8.6573,16.0,7.598615916955017,0.9930795847750864,949.0,3.283737024221453,34.14,-117.65,3.54
1.0096,52.0,3.0,1.125,89.0,1.8541666666666667,38.3,-122.29,1.625
2.375,17.0,4.238095238095238,0.9047619047619048,79.0,3.761904761904762,33.69,-116.18,1.55
4.43,25.0,5.344660194174757,0.9466019417475728,1415.0,3.434466019417476,34.15,-119.14,2.077
2.6319,15.0,4.877729257641922,1.056768558951965,551.0,2.406113537117904,39.02,-120.83,0.977
4.45,37.0,5.256267409470752,0.9832869080779943,895.0,2.4930362116991645,37.95,-122.32,1.966
2.125,38.0,3.759864712514093,1.0383314543404736,3612.0,4.072153325817362,34.0,-118.28,1.188
3.9514,27.0,5.017804154302671,0.8367952522255193,869.0,2.578635014836795,36.75,-119.72,0.869
3.2,35.0,4.627450980392157,0.9477124183006536,471.0,3.07843137254902,33.97,-118.12,1.974
3.2708,35.0,5.4916943521594686,1.079734219269103,1072.0,3.5614617940199333,33.91,-118.1,1.597
1.7301,5.0,3.1649122807017545,1.08187134502924,3148.0,3.68187134502924,32.56,-117.06,1.25
3.4228,7.0,4.466539196940727,1.0717017208413002,2534.0,2.422562141491396,34.05,-117.3,1.157
3.875,22.0,4.313775510204081,1.020408163265306,2688.0,3.4285714285714284,33.93,-118.03,1.647
1.55,17.0,5.425149700598802,1.0808383233532934,672.0,2.0119760479041915,37.56,-120.93,1.661
3.7452,14.0,5.688212927756654,1.0893536121673004,1631.0,3.1007604562737643,35.05,-118.19,0.832
2.05,11.0,3.571111111111111,1.0622222222222222,1384.0,3.075555555555556,32.75,-117.11,1.0
4.0446,40.0,5.608391608391608,1.041958041958042,445.0,3.111888111888112,37.37,-121.82,1.963
3.2431,14.0,52.848214285714285,11.410714285714286,265.0,2.3660714285714284,37.64,-119.02,2.214
5.2861,6.0,6.435957696827262,1.034077555816686,8222.0,3.220524872698786,33.85,-117.58,1.951
1.7165,30.0,4.345679012345679,1.0061728395061729,1184.0,3.654320987654321,36.54,-119.39,0.591
2.3464,11.0,3.4922118380062304,1.088785046728972,1203.0,1.8738317757009344,38.35,-122.71,1.042
7.5594,18.0,5.232456140350878,1.0219298245614037,475.0,2.083333333333333,33.71,-118.39,5.00001
4.0556,37.0,8.833333333333334,1.5,27.0,2.25,34.01,-117.09,1.313
2.8,47.0,3.7642045454545454,1.1164772727272727,1557.0,4.423295454545454,34.04,-118.21,1.484
3.3003,13.0,3.70873786407767,1.0449029126213591,1600.0,1.941747572815534,33.78,-118.15,2.078
2.8603,14.0,5.493265993265993,1.095959595959596,1910.0,3.2154882154882154,36.01,-118.73,1.289
7.6348,4.0,6.534079348931841,1.0600203458799593,2607.0,2.6520854526958293,32.98,-117.24,3.37
8.1117,8.0,7.873990306946688,1.012924071082391,2070.0,3.344103392568659,33.88,-117.77,4.102
3.6292,27.0,4.636058230683091,1.0851063829787233,2135.0,2.390817469204927,37.31,-121.95,2.646
4.526,21.0,6.285714285714286,1.0259165613147914,4185.0,2.645385587863464,33.8,-118.29,3.294
5.3062,16.0,6.572072072072072,1.0,1697.0,3.822072072072072,32.93,-117.13,1.955
5.4493,6.0,5.772687986171133,1.0060501296456352,3196.0,2.762316335350043,34.33,-118.83,2.426
3.0079,25.0,4.170229007633588,1.0312977099236642,2758.0,2.1053435114503816,37.3,-121.97,2.773
3.5125,10.0,7.090128755364807,1.356223175965665,725.0,3.111587982832618,33.65,-117.25,1.556
6.0516,30.0,6.780612244897959,0.9744897959183674,1135.0,2.895408163265306,33.94,-117.93,2.45
2.375,52.0,4.289719626168225,1.0467289719626167,276.0,2.5794392523364484,34.27,-119.27,1.984
6.9096,33.0,7.392592592592592,0.9925925925925926,686.0,2.5407407407407407,37.73,-122.13,3.418
3.7083,33.0,5.797687861271676,1.1011560693641618,1410.0,4.07514450867052,34.01,-117.97,1.655
6.0,26.0,5.442666666666667,0.7813333333333333,936.0,2.496,34.15,-117.24,1.402
6.8677,25.0,6.785454545454545,0.9854545454545456,840.0,3.0545454545454547,37.4,-121.84,2.885
5.2417,36.0,6.005813953488372,1.1656976744186047,942.0,2.738372093023256,37.11,-122.02,1.964
3.4695,6.0,6.402402402402402,1.1246246246246243,2005.0,3.0105105105105103,34.42,-117.56,1.388
3.3958,39.0,5.006211180124224,1.062111801242236,912.0,2.8322981366459627,37.77,-122.17,1.419
7.5426,15.0,7.00297176820208,0.9970282317979198,2197.0,3.264487369985141,33.65,-117.65,2.948
1.5962,46.0,4.344,0.996,880.0,3.52,33.97,-118.26,0.957
2.9085,21.0,3.962922573609597,1.1025081788440567,1985.0,2.164667393675028,36.6,-121.86,1.563
8.2335,37.0,5.098468271334792,0.949671772428884,846.0,1.851203501094092,34.11,-118.33,4.302
2.4107,21.0,6.568627450980392,1.1764705882352942,947.0,3.094771241830065,41.69,-122.56,0.701
5.592,35.0,6.700374531835206,1.093632958801498,897.0,3.359550561797753,34.21,-118.41,2.399
4.7333,33.0,6.796143250688705,1.0385674931129476,1052.0,2.8980716253443526,34.28,-119.22,2.575
4.5221,36.0,5.26797385620915,0.9607843137254902,446.0,2.915032679738562,34.11,-117.89,1.513
4.3427,15.0,6.969843184559711,1.5500603136308806,1722.0,2.077201447527141,34.12,-119.21,3.058
2.2292,5.0,4.579778830963665,1.1769352290679305,1593.0,2.5165876777251186,37.51,-120.85,1.275
3.6607,25.0,4.771084337349397,1.0602409638554218,569.0,2.285140562248996,33.62,-117.94,5.00001
4.1514,10.0,5.4706439393939394,1.053030303030303,2917.0,2.762310606060606,34.32,-118.46,1.941
2.4053,21.0,4.945132743362832,1.1716814159292035,2236.0,3.957522123893805,36.93,-121.78,1.784
4.0332,8.0,6.047619047619048,1.3214285714285714,229.0,2.7261904761904763,34.82,-118.93,1.283
6.5851,26.0,7.989949748743719,0.984924623115578,654.0,3.28643216080402,34.21,-118.88,3.0
7.8061,2.0,11.110599078341014,1.631336405529954,703.0,3.23963133640553,33.58,-117.65,3.314
3.1204,44.0,5.295774647887324,1.0586854460093895,1057.0,2.4812206572769955,38.1,-122.22,1.108
7.001,26.0,7.885245901639344,1.0040983606557377,775.0,3.1762295081967213,34.2,-118.87,2.868
4.0347,34.0,5.311015118790497,1.0561555075593954,1139.0,2.4600431965442766,34.16,-118.43,3.536
3.7143,39.0,4.994186046511628,0.9534883720930232,673.0,3.9127906976744176,33.93,-118.08,1.582
3.9722,52.0,4.71608040201005,1.0728643216080402,712.0,1.7889447236180904,37.76,-122.39,2.909
4.7241,46.0,5.375757575757576,0.9545454545454546,753.0,2.2818181818181817,34.17,-118.1,2.796
5.3307,25.0,5.12037037037037,0.9583333333333334,888.0,4.111111111111111,33.84,-118.23,2.07
2.9402,33.0,5.550617283950618,1.0716049382716049,1461.0,3.607407407407408,35.3,-118.99,0.562
2.9194,41.0,4.211920529801325,1.1103752759381895,1557.0,3.437086092715232,34.12,-118.2,1.62
2.7051,26.0,5.602179836512262,1.125340599455041,933.0,2.542234332425068,38.37,-121.92,1.938
2.5562,27.0,3.454945054945055,0.989010989010989,1039.0,2.2835164835164834,34.2,-118.45,1.905
3.55,17.0,4.794007490636704,0.951310861423221,707.0,2.647940074906367,37.09,-119.65,1.063
4.775,35.0,5.073558648111332,1.083499005964215,1850.0,3.677932405566601,34.24,-118.4,1.795
3.875,22.0,4.313775510204081,1.020408163265306,2688.0,3.4285714285714284,33.93,-118.03,1.647
0.7473,22.0,3.116650987770461,1.1618062088428975,2381.0,2.239887111947319,34.03,-118.29,1.688
2.1766,36.0,2.835555555555556,1.1177777777777778,1502.0,3.3377777777777777,34.08,-118.3,2.056
3.8512,47.0,5.280112044817927,1.011204481792717,954.0,2.672268907563025,33.96,-118.32,1.713
2.9815,20.0,5.954285714285715,1.0457142857142858,509.0,2.9085714285714284,36.07,-119.0,0.73
3.5528,27.0,4.073627844712182,1.0535475234270415,1398.0,1.8714859437751004,33.77,-118.15,2.711
2.1339,20.0,6.674489795918367,1.4295918367346938,2631.0,2.6846938775510205,34.4,-116.94,0.785
4.1442,22.0,5.493464052287582,1.0294117647058822,1471.0,2.40359477124183,32.66,-117.04,3.039
4.6765,45.0,5.444067796610169,1.0169491525423728,735.0,2.4915254237288136,33.87,-118.13,1.984
2.9107,35.0,3.5783132530120483,1.0301204819277108,1373.0,4.135542168674699,34.0,-118.08,1.509
1.4615,20.0,4.210982658959537,1.0751445086705202,1000.0,2.8901734104046244,37.35,-120.62,0.692
0.949,52.0,2.5241090146750524,0.9643605870020964,2016.0,4.226415094339623,37.87,-122.25,3.5
3.5223,8.0,8.591549295774648,1.7195902688860436,2069.0,2.649167733674776,33.81,-116.43,1.151
3.312,17.0,6.451757666417352,1.3904263275991025,3497.0,2.6155572176514585,33.72,-116.37,1.213
0.9797,32.0,4.843283582089552,1.3544776119402986,716.0,2.671641791044776,37.95,-122.37,0.764
1.8495,23.0,2.1724941724941726,1.092074592074592,2795.0,3.257575757575758,34.08,-118.29,2.125
3.2756,21.0,3.963163064833006,1.067779960707269,4369.0,2.145874263261297,34.1,-117.75,1.568
4.9777,34.0,6.407894736842105,1.006578947368421,957.0,3.148026315789474,33.85,-117.99,2.126
3.4722,30.0,4.578804347826087,0.8559782608695652,1290.0,3.505434782608696,34.96,-120.44,1.125
3.1972,8.0,5.685325264750378,1.0847201210287445,1744.0,2.638426626323752,39.05,-120.94,1.515
4.793,44.0,4.854910714285714,1.0602678571428572,1019.0,2.274553571428572,34.01,-118.47,4.708
5.1418,32.0,5.030508474576271,1.0,928.0,3.145762711864407,33.79,-117.88,1.903
1.7188,40.0,5.458333333333333,1.1666666666666667,329.0,3.427083333333333,37.33,-121.09,1.125
5.5196,45.0,5.444444444444445,1.0123456790123455,1474.0,2.599647266313933,33.83,-118.13,2.276
2.0995,15.0,3.430830039525692,0.9644268774703556,1133.0,4.478260869565218,34.93,-120.44,0.875
6.2892,22.0,6.127214170692431,0.9597423510466988,2118.0,3.4106280193236715,37.43,-121.87,2.542
3.8864,42.0,6.2264808362369335,1.0313588850174216,921.0,3.2090592334494774,37.61,-121.09,1.714
2.4567,18.0,4.379310344827586,0.9673321234119784,1129.0,2.0490018148820326,32.71,-116.96,1.55
2.8182,29.0,5.427083333333333,1.0173611111111112,883.0,3.0659722222222223,36.84,-120.44,0.905
6.541,21.0,7.202439024390244,1.0219512195121951,1397.0,3.407317073170732,34.16,-118.95,2.915
1.8625,32.0,3.399568034557235,0.9654427645788336,1772.0,3.827213822894168,34.95,-120.45,0.902
7.629,34.0,6.00658978583196,1.0049423393739705,1390.0,2.28995057660626,34.14,-118.47,5.00001
2.0258,20.0,4.599231754161331,1.111395646606914,1865.0,2.3879641485275287,40.56,-122.36,0.648
3.3598,34.0,5.087947882736156,0.9413680781758956,898.0,2.925081433224756,38.25,-122.06,1.072
2.8333,52.0,5.473317865429235,1.37122969837587,1100.0,2.5522041763341066,33.34,-118.33,4.147
5.0679,30.0,6.18849840255591,0.9424920127795527,695.0,2.220447284345048,34.27,-119.22,2.343
3.9464,7.0,6.167582417582418,1.1181318681318682,1016.0,2.791208791208791,34.87,-117.03,1.015
4.7357,24.0,6.016985138004246,0.9978768577494692,1815.0,3.853503184713376,34.05,-117.7,1.625
7.6245,21.0,6.663822525597269,0.9948805460750854,1528.0,2.6075085324232083,36.55,-121.7,3.366
3.7143,35.0,5.205882352941177,0.9595588235294118,995.0,3.6580882352941178,34.24,-118.43,1.787
3.2833,33.0,6.329004329004329,1.0432900432900434,569.0,2.463203463203463,39.5,-121.52,0.826
2.1937,20.0,3.625766871165644,1.1625766871165644,678.0,2.079754601226994,32.75,-117.14,1.625
2.5991,28.0,3.489130434782609,1.0891304347826087,936.0,2.034782608695652,32.76,-117.12,1.475
3.35,25.0,4.121468926553672,1.0225988700564972,1150.0,3.248587570621469,33.88,-118.35,2.375
6.1504,16.0,6.935229067930489,1.042654028436019,2146.0,3.390205371248025,33.86,-117.78,2.66
1.9375,52.0,2.927083333333333,1.0729166666666667,470.0,4.895833333333333,34.02,-118.28,0.388
4.125,34.0,5.87218045112782,1.0225563909774436,825.0,3.101503759398496,34.09,-117.9,2.208
3.5417,17.0,6.150943396226415,1.161725067385445,974.0,2.6253369272237195,39.3,-120.89,1.551
11.3176,28.0,8.082289803220036,1.033989266547406,1489.0,2.663685152057245,37.38,-122.21,5.00001
1.2852,51.0,3.759036144578314,1.248995983935743,517.0,2.076305220883534,37.83,-122.26,1.5
2.712,38.0,4.5895196506550215,1.0873362445414847,799.0,3.489082969432314,34.1,-118.23,1.438
1.4661,44.0,4.492273730684326,1.0507726269315674,1030.0,2.273730684326711,39.14,-121.61,0.652
2.76,26.0,5.520871143375681,1.08529945553539,1720.0,3.121597096188748,34.01,-117.45,0.952
4.3333,31.0,4.8384279475982535,1.039301310043668,1151.0,5.026200873362446,34.01,-118.09,1.495
5.0785,33.0,5.681715575620768,1.1196388261851016,1158.0,2.613995485327314,37.35,-122.01,2.895
4.9286,25.0,6.735537190082645,1.0137741046831956,983.0,2.7079889807162534,34.63,-120.45,1.801
3.6852,3.0,5.698989898989899,1.0484848484848486,1353.0,2.7333333333333334,35.3,-119.09,1.098
3.369,30.0,4.378830083565459,1.0083565459610029,1351.0,3.763231197771588,33.76,-117.99,1.909
3.3304,20.0,4.425790754257908,1.0559610705596107,2326.0,2.829683698296837,33.87,-118.13,1.946
4.8667,34.0,5.712418300653595,1.0,549.0,3.588235294117647,33.84,-117.97,1.868
2.6127,36.0,4.858156028368795,1.024822695035461,812.0,2.879432624113475,36.78,-119.82,0.696
2.6689,12.0,2.9295154185022025,1.0684287812041116,7429.0,2.181791483113069,33.91,-118.34,1.923
2.0417,24.0,6.979910714285714,1.5044642857142858,1015.0,2.265625,39.08,-122.86,0.788
3.2857,37.0,4.712962962962963,1.021604938271605,1504.0,4.641975308641976,34.12,-117.99,1.301
5.3561,29.0,5.337349397590361,0.9718875502008032,1318.0,2.646586345381526,37.27,-121.98,2.989
4.665,11.0,15.272727272727272,2.43030303030303,397.0,2.4060606060606062,39.35,-120.27,1.456
4.8194,45.0,5.197860962566845,0.9679144385026738,554.0,2.962566844919786,34.21,-118.4,1.813
1.7056,49.0,5.08550185873606,1.0483271375464684,790.0,2.936802973977695,37.76,-122.19,0.914
4.3512,24.0,4.976100628930817,1.021383647798742,3196.0,4.020125786163522,33.76,-117.95,1.914
4.8125,34.0,5.873417721518988,1.0553797468354431,1521.0,2.4066455696202533,33.67,-118.0,3.878
4.6125,26.0,5.965277777777778,1.0046296296296295,1086.0,2.513888888888889,33.78,-117.84,2.292
2.7909,26.0,5.62993762993763,1.0862785862785862,4531.0,4.70997920997921,37.81,-122.37,2.5
1.3385,24.0,4.19404915912031,1.0284605433376457,2764.0,3.575679172056921,36.78,-119.84,0.588
1.9125,36.0,3.332720588235294,1.0294117647058822,1501.0,2.7591911764705883,34.14,-118.24,2.38
1.9485,48.0,4.705639614855571,1.009628610729023,1441.0,1.9821182943603848,38.54,-121.45,0.866
2.6014,15.0,4.099201824401368,1.0992018244013684,1839.0,2.096921322690992,34.14,-117.97,1.503
6.4218,19.0,7.153846153846154,1.0384615384615383,786.0,3.358974358974359,33.89,-117.87,2.75
3.153,42.0,3.9234642497482377,0.9879154078549848,4496.0,4.527693856998993,33.95,-118.22,1.509
4.6406,50.0,6.1,1.0560975609756098,1050.0,2.5609756097560976,37.55,-122.32,5.00001
2.3,16.0,4.498084291187739,0.9272030651340996,464.0,1.7777777777777777,38.14,-121.25,1.333
2.8365,21.0,5.975728155339806,0.9902912621359224,609.0,2.9563106796116503,36.25,-119.32,0.9
3.101,29.0,4.004744958481614,1.0462633451957295,1513.0,1.7947805456702255,32.8,-117.24,2.382
2.8085,16.0,5.648760330578512,1.0351239669421488,1413.0,2.919421487603306,40.46,-122.45,1.057
2.7292,24.0,4.393053016453382,1.0786106032906764,2103.0,3.8446069469835455,34.0,-118.11,1.938
1.7031,20.0,4.895985401459854,1.0091240875912408,1497.0,2.7317518248175183,36.07,-119.06,0.646
2.0,15.0,6.479423868312757,1.4670781893004117,1281.0,2.635802469135802,34.85,-116.51,0.647
4.3068,26.0,6.5493421052631575,1.0855263157894737,1014.0,3.335526315789474,33.24,-117.23,2.401
4.7861,34.0,5.980997624703088,1.0190023752969122,1309.0,3.109263657957245,33.91,-118.02,2.107
6.0199,49.0,5.752411575562701,0.9260450160771704,848.0,2.7266881028938905,34.12,-118.15,5.0
4.7431,35.0,4.621730382293762,1.0,1428.0,2.8732394366197185,37.39,-122.02,2.397
3.025,25.0,3.982378854625552,0.9691629955947136,1342.0,2.9559471365638768,33.88,-117.87,1.569
5.273,27.0,5.399355877616747,1.0515297906602254,1571.0,2.529790660225443,37.34,-121.99,3.156
2.1212,16.0,5.330532212885154,1.112044817927171,1501.0,2.1022408963585435,37.35,-118.18,1.083
4.0156,8.0,6.009009009009009,1.0067567567567568,1713.0,3.858108108108108,38.04,-121.3,1.176
2.9145,21.0,6.498771498771498,1.1400491400491402,1245.0,3.058968058968059,36.19,-119.12,1.142
4.8894,17.0,5.634460547504026,1.0,1911.0,3.077294685990338,34.11,-117.84,1.917
6.2073,31.0,5.934020618556701,0.9855670103092784,1276.0,2.6309278350515464,37.58,-121.99,2.825
5.0804,22.0,5.596923076923077,1.106153846153846,1329.0,2.0446153846153847,37.38,-122.11,5.00001
6.3331,37.0,6.521994134897361,0.9706744868035192,821.0,2.407624633431085,32.73,-117.25,4.0
5.5563,52.0,5.159663865546219,0.9495798319327732,1032.0,2.8907563025210083,37.74,-122.41,2.508
5.2723,40.0,5.103030303030304,0.9575757575757576,795.0,2.409090909090909,34.1,-118.21,2.183
4.9716,16.0,14.851851851851851,2.651851851851852,1749.0,3.238888888888889,34.26,-117.22,1.625
3.6053,34.0,6.029227557411273,1.0354906054279749,1168.0,2.4384133611691023,38.61,-121.38,1.486
5.3032,52.0,5.095744680851064,1.0283687943262412,980.0,3.475177304964539,34.08,-118.12,2.457
3.9408,46.0,4.695945945945946,0.918918918918919,408.0,2.756756756756757,37.09,-122.09,2.226
4.5938,5.0,5.767141009055627,0.9715394566623544,2392.0,3.094437257438551,34.08,-117.19,1.265
3.9816,10.0,4.735235567352356,1.1220968812209688,2959.0,1.9635036496350364,37.96,-122.06,1.82
6.3521,45.0,5.616438356164384,0.9178082191780822,565.0,2.5799086757990866,34.02,-118.45,4.934
1.951,17.0,3.83845126835781,1.081441922563418,1876.0,2.504672897196261,38.67,-121.79,1.525
1.5156,52.0,2.1691842900302114,1.1148036253776434,1688.0,2.5498489425981874,37.79,-122.41,2.375
1.4688,8.0,10.0,1.9166666666666667,63.0,2.625,33.32,-115.98,0.538
3.3989,25.0,3.8832913518052057,1.0973971452560871,1739.0,1.4601175482787574,34.08,-118.38,4.85
3.462,7.0,5.4436701509872245,1.0725900116144018,4827.0,2.803135888501742,37.7,-121.06,1.519
5.2099,35.0,5.80327868852459,1.009367681498829,1333.0,3.1217798594847777,33.86,-117.95,1.914
6.8299,18.0,6.390243902439025,0.9420731707317072,1044.0,3.182926829268293,34.38,-118.54,2.621
1.7365,24.0,2.629823413996076,1.1164159581425768,3727.0,2.437540876389797,34.07,-118.29,1.125
6.101,42.0,6.496815286624204,0.9936305732484076,398.0,2.535031847133758,34.16,-118.0,3.118
2.9167,8.0,6.50251256281407,1.3668341708542713,457.0,2.2964824120603016,33.61,-116.48,1.153
15.0001,36.0,7.549090909090909,0.9854545454545456,1461.0,2.6563636363636363,34.05,-118.5,5.00001
1.3289,38.0,5.2290909090909095,1.1272727272727272,779.0,2.8327272727272725,39.5,-121.54,0.394
2.6399,34.0,4.809009009009009,1.1657657657657658,1341.0,2.4162162162162164,37.91,-122.32,1.196
3.996,25.0,5.643598615916955,1.0173010380622838,1834.0,3.1730103806228374,37.68,-121.02,1.145
2.9083,32.0,5.586056644880174,1.1176470588235294,1198.0,2.610021786492375,37.8,-120.99,1.134
3.2976,41.0,5.282208588957055,1.1134969325153374,1432.0,4.392638036809816,33.92,-118.21,1.512
3.1771,52.0,4.8279069767441865,1.0232558139534884,482.0,2.2418604651162792,37.77,-122.25,2.102
4.6696,32.0,4.743243243243243,0.9324324324324323,1038.0,4.675675675675675,33.92,-117.94,1.655
4.25,43.0,6.0814814814814815,1.1037037037037036,370.0,2.740740740740741,37.37,-121.83,2.091
5.9359,24.0,6.786307053941909,1.053941908713693,1496.0,3.103734439834025,32.81,-117.23,4.222
2.4167,36.0,4.732984293193717,1.0,627.0,3.282722513089005,34.19,-118.39,1.929
2.8036,18.0,3.2740088105726874,1.2303964757709251,3596.0,1.5841409691629955,34.1,-118.35,2.25
3.2963,52.0,5.223958333333333,1.0729166666666667,825.0,2.1484375,38.57,-121.45,2.361
5.0175,4.0,5.424050632911392,1.0268987341772151,2158.0,3.4145569620253164,34.04,-117.5,1.434
1.6078,28.0,4.2514792899408285,1.183431952662722,806.0,2.3846153846153846,37.66,-121.02,1.25
3.1944,32.0,3.992574257425743,0.8935643564356436,1283.0,3.1757425742574257,34.09,-118.01,1.817
6.0175,15.0,7.13681592039801,1.007462686567164,1526.0,3.796019900497512,32.96,-117.12,2.383
5.9547,18.0,6.5473251028806585,1.102880658436214,547.0,2.251028806584362,32.95,-117.24,3.293
3.4722,40.0,4.944649446494465,1.154981549815498,766.0,2.8265682656826567,37.66,-122.09,1.354
1.3894,16.0,2.508298755186722,0.9896265560165975,627.0,1.3008298755186722,37.98,-122.03,1.563
2.1383,31.0,3.334494773519164,1.0278745644599303,1300.0,4.529616724738676,34.06,-118.04,1.534
3.775,14.0,5.519572953736655,1.0569395017793597,785.0,2.793594306049822,38.1,-121.29,1.633
4.375,27.0,5.142857142857143,0.9958391123439668,1921.0,2.664355062413315,33.93,-117.99,2.104
2.625,42.0,4.152777777777778,1.0208333333333333,312.0,2.1666666666666665,34.1,-118.25,1.643
2.9554,19.0,8.154545454545454,1.6363636363636365,276.0,2.5090909090909093,40.13,-120.71,0.894
3.3482,30.0,5.680412371134021,0.979381443298969,800.0,2.7491408934707904,37.67,-121.09,2.2
2.7917,40.0,4.173333333333333,1.0933333333333333,337.0,2.2466666666666666,36.6,-121.89,2.25
3.9531,17.0,4.411526794742164,1.0525783619818,1640.0,1.658240647118301,37.89,-122.52,4.176
4.8611,29.0,5.950177935943061,0.9501779359430604,891.0,3.170818505338078,33.8,-117.93,2.319
2.1705,10.0,5.03,1.18,228.0,2.28,37.87,-122.3,1.5
1.9875,52.0,3.1875,0.90625,54.0,1.6875,34.32,-118.35,1.917
4.8438,28.0,5.075829383886256,1.0545023696682465,1140.0,2.7014218009478674,33.81,-118.32,3.462
3.6989,32.0,5.192037470725995,0.9882903981264636,1064.0,2.4918032786885247,34.25,-118.46,2.086
4.2679,25.0,4.942,1.036,1539.0,3.078,33.84,-117.97,1.917
4.1042,35.0,5.001865671641791,0.9477611940298508,1580.0,2.9477611940298507,37.69,-122.12,1.791
12.367,28.0,8.014634146341463,1.053658536585366,594.0,2.897560975609756,37.34,-122.08,5.00001
2.8698,23.0,5.475471698113208,1.1018867924528302,1052.0,3.969811320754717,37.38,-120.73,0.729
3.1667,23.0,5.225531914893617,1.0,569.0,2.421276595744681,32.8,-115.64,1.25
4.0417,23.0,10.639455782312924,2.027210884353741,339.0,2.306122448979592,38.94,-119.98,0.993
3.05,33.0,6.868596881959911,1.269487750556793,1753.0,3.904231625835189,34.02,-117.43,0.978
5.6206,44.0,4.84375,0.9340277777777778,736.0,2.555555555555556,37.59,-122.34,3.864
3.4732,52.0,5.962864721485412,1.1193633952254642,870.0,2.3076923076923075,37.89,-122.29,2.462
1.9485,48.0,4.705639614855571,1.009628610729023,1441.0,1.9821182943603848,38.54,-121.45,0.866
1.9647,23.0,3.431693989071038,1.1484517304189434,3940.0,3.588342440801457,33.78,-118.17,1.862
3.4792,18.0,4.633802816901408,1.1070422535211268,1490.0,4.197183098591549,33.51,-117.67,1.264
6.0661,24.0,6.329787234042553,0.9817629179331308,2194.0,3.3343465045592704,34.27,-119.17,2.348
2.3516,21.0,4.540983606557377,0.9918032786885246,426.0,3.4918032786885247,35.97,-119.42,0.475
3.83,35.0,5.593283582089552,1.078358208955224,1112.0,4.149253731343284,34.03,-117.94,1.49
4.5536,10.0,11.098130841121495,1.97196261682243,1220.0,2.850467289719626,34.24,-117.26,1.324
1.5872,38.0,4.610526315789474,1.1157894736842104,1080.0,3.789473684210526,33.94,-118.27,0.898
6.1064,33.0,6.233817701453105,1.0013210039630118,1980.0,2.6155878467635403,37.51,-122.28,4.05
5.152,26.0,6.209302325581396,1.041860465116279,742.0,3.4511627906976745,32.6,-117.03,1.434
4.875,5.0,7.101721439749609,1.176056338028169,7694.0,6.020344287949921,34.69,-118.2,1.634
5.6228,42.0,6.4453125,1.0703125,645.0,2.51953125,37.9,-122.27,3.754
9.9055,19.0,9.830769230769231,1.1692307692307693,822.0,3.1615384615384614,33.81,-117.82,4.569
5.2903,20.0,6.550161812297735,1.0129449838187703,879.0,2.8446601941747574,38.89,-121.15,2.394
3.175,20.0,4.774590163934426,1.102459016393443,459.0,1.8811475409836065,32.74,-117.18,1.917
2.5192,43.0,4.8807017543859645,1.0280701754385966,855.0,3.0,37.73,-122.18,0.764
4.3897,35.0,6.141304347826087,1.0434782608695652,543.0,2.9510869565217392,37.65,-122.09,1.906
2.5313,46.0,4.816115702479339,1.0495867768595042,1210.0,2.5,37.62,-121.03,0.777
1.9122,38.0,4.379052369077307,0.9875311720698254,837.0,2.0872817955112217,39.15,-121.58,0.555
2.809,20.0,4.305135951661631,1.1132930513595165,1855.0,2.802114803625378,33.9,-118.15,1.446
2.1406,41.0,3.67027027027027,0.9945945945945946,788.0,4.25945945945946,33.95,-118.2,1.653
8.4546,46.0,8.537931034482758,1.013793103448276,377.0,2.6,34.13,-118.08,5.00001
1.9832,26.0,4.92814371257485,1.06187624750499,1068.0,2.131736526946108,34.16,-117.28,1.221
1.6156,34.0,4.035019455252918,1.093385214007782,1913.0,3.7217898832684826,33.96,-118.28,1.021
12.5915,8.0,10.511627906976743,1.186046511627907,140.0,3.255813953488372,37.74,-121.92,4.324
1.1311,29.0,3.8753180661577606,1.1195928753180662,1302.0,3.312977099236641,32.67,-115.49,0.847
5.6292,24.0,6.454954954954955,0.983108108108108,2444.0,2.7522522522522523,37.94,-122.04,2.314
7.898,23.0,6.665217391304348,0.982608695652174,693.0,3.0130434782608697,33.9,-117.89,2.582
7.1687,22.0,7.615720524017467,0.9868995633187772,1479.0,3.2292576419213974,34.46,-119.81,3.844
5.6876,17.0,6.348265895953757,1.0245664739884393,2292.0,3.3121387283237,37.27,-121.86,2.465
3.682,32.0,5.453194650817236,1.136701337295691,1986.0,2.9509658246656763,34.69,-118.13,1.088
3.5522,11.0,6.0494044993383325,1.015438906043229,6511.0,2.8720776356418174,40.55,-122.31,1.001
1.942,31.0,4.3116057233704295,0.9984101748807632,1519.0,2.414944356120827,33.74,-116.97,0.862
3.194,24.0,4.911764705882353,1.1561085972850678,870.0,1.9683257918552035,33.06,-117.3,2.763
2.9422,32.0,4.931608133086876,1.1256931608133087,1512.0,2.7948243992606283,34.1,-118.03,2.331
1.9063,13.0,3.453125,0.984375,286.0,4.46875,33.97,-118.16,1.75
3.6369,16.0,5.271186440677966,1.0254237288135593,696.0,2.949152542372881,38.33,-122.7,1.587
4.7566,23.0,5.762917933130699,0.9483282674772036,1988.0,3.021276595744681,33.09,-117.08,1.783
2.425,17.0,5.48575712143928,1.1019490254872564,1970.0,2.953523238380809,39.4,-121.46,0.962
1.3571,26.0,4.492647058823529,1.0343137254901962,939.0,2.301470588235294,40.39,-122.27,0.59
4.4427,31.0,5.633228840125392,1.025078369905956,796.0,2.4952978056426334,37.65,-122.1,2.045
3.0938,25.0,4.039130434782609,1.0717391304347823,865.0,1.880434782608696,34.4,-119.7,3.125
4.875,18.0,6.028871391076115,1.0918635170603674,1086.0,2.8503937007874014,37.5,-122.47,3.346
1.7386,38.0,4.129032258064516,1.0725806451612905,676.0,5.451612903225806,37.94,-121.27,0.52
4.9118,26.0,6.391304347826087,1.1014492753623188,1597.0,3.3064182194616976,37.55,-122.03,2.173
2.4701,28.0,3.622262773722628,1.062043795620438,1092.0,1.9927007299270072,34.44,-119.76,2.909
3.7045,30.0,4.596928982725528,1.0844529750479843,1214.0,2.330134357005758,33.94,-117.99,2.123
2.9479,32.0,4.306709265175719,1.022364217252396,2330.0,3.7220447284345046,33.82,-117.91,1.846
3.9286,10.0,3.4014466546112114,1.0325497287522605,1769.0,3.1989150090415914,33.81,-118.27,1.14
3.0189,29.0,5.557065217391305,1.0815217391304348,912.0,2.4782608695652173,32.8,-117.0,1.441
1.5195,42.0,2.3997539975399755,1.040590405904059,2500.0,3.075030750307503,34.09,-118.31,2.182
2.1406,19.0,2.847741935483871,1.0451612903225806,1304.0,1.6825806451612904,37.45,-122.16,4.025
3.0625,52.0,6.108958837772397,1.1138014527845037,1167.0,2.8256658595641646,33.96,-118.31,1.274
2.25,24.0,4.498168498168498,1.1721611721611722,537.0,1.967032967032967,33.84,-118.19,1.92
5.0874,36.0,5.637254901960785,0.9640522875816994,799.0,2.611111111111111,33.73,-118.31,3.685
1.2412,36.0,2.186111111111111,1.1666666666666667,1506.0,4.183333333333334,34.09,-118.31,2.167
2.3508,37.0,5.094138543516874,1.019538188277087,2055.0,3.650088809946714,34.12,-117.32,0.705
3.4784,36.0,4.974317817014446,0.971107544141252,1322.0,2.1219903691813804,38.61,-121.41,1.055
2.8214,13.0,5.028616852146264,1.152623211446741,1675.0,2.662957074721781,33.2,-117.26,1.219
0.8926,10.0,6.0,1.100840336134454,381.0,3.201680672268908,34.14,-117.46,1.161
5.5061,17.0,6.6871165644171775,1.0061349693251531,473.0,2.901840490797546,38.48,-122.65,2.318
5.3339,19.0,6.466230936819172,1.0958605664488017,1430.0,3.1154684095860565,33.88,-117.81,3.717
0.8804,36.0,2.713235294117647,1.0808823529411764,145.0,1.0661764705882353,34.06,-118.31,4.5
6.0743,3.0,6.577235772357724,1.08130081300813,710.0,2.886178861788618,33.55,-117.69,2.743
2.4485,34.0,5.214723926380368,0.9969325153374232,972.0,2.98159509202454,37.65,-120.96,0.955
3.9699,14.0,5.375397667020149,1.0335807705903146,6301.0,2.2272887946270767,34.23,-118.96,2.17
4.125,30.0,5.384615384615385,2.923076923076923,20.0,1.5384615384615383,38.92,-122.65,1.125
3.293,31.0,4.788679245283019,1.041509433962264,1581.0,1.9886792452830189,37.98,-122.55,3.375
3.7303,32.0,4.315789473684211,1.0526315789473684,1376.0,2.5864661654135337,33.78,-117.95,1.885
4.475,47.0,5.628571428571429,1.0952380952380951,1083.0,3.4380952380952383,37.72,-122.45,2.212
3.4784,32.0,5.223880597014926,0.9940298507462688,997.0,2.976119402985075,32.73,-117.03,1.544
2.425,39.0,5.832844574780059,1.1759530791788857,805.0,2.360703812316716,34.14,-117.29,0.9
6.3542,8.0,6.199324324324325,0.9054054054054054,1723.0,2.910472972972973,32.95,-117.12,2.181
7.226,12.0,8.24468085106383,0.9946808510638298,685.0,3.643617021276596,38.35,-122.69,2.553
3.4955,15.0,3.709447415329768,0.946524064171123,1617.0,2.8823529411764706,33.77,-117.99,1.609
3.9167,28.0,8.839142091152816,1.8123324396782845,923.0,2.474530831099196,38.38,-123.08,2.326
4.1406,44.0,5.289817232375979,1.0339425587467364,908.0,2.370757180156658,37.29,-121.88,2.741
4.7566,23.0,5.762917933130699,0.9483282674772036,1988.0,3.021276595744681,33.09,-117.08,1.783
4.3571,20.0,6.212765957446808,1.0638297872340423,1679.0,2.747954173486088,37.96,-122.1,2.282
5.4842,22.0,5.1553956834532375,1.0906474820143883,1792.0,2.57841726618705,37.3,-122.03,3.353
5.4091,22.0,6.819182389937107,1.0581761006289307,2347.0,3.690251572327044,34.26,-118.74,2.224
1.5288,14.0,5.187285223367698,1.104810996563574,1639.0,2.816151202749141,34.41,-117.31,1.034
3.12,23.0,5.366492146596858,1.0732984293193717,263.0,1.3769633507853405,37.86,-122.07,1.55
2.9315,46.0,5.135265700483092,0.9879227053140096,1292.0,3.1207729468599035,33.98,-118.34,1.49
4.0118,8.0,4.4335812964930925,1.0860786397449522,2585.0,2.747077577045696,33.06,-117.28,2.458
3.8893,25.0,4.576399394856279,1.042360060514372,1755.0,2.655068078668684,37.26,-121.88,2.186
4.2727,46.0,5.837349397590361,1.0271084337349397,768.0,2.3132530120481927,37.8,-122.19,2.469
1.9107,23.0,3.721495327102804,1.091588785046729,1380.0,2.5794392523364484,33.95,-118.17,1.819
4.35,28.0,4.615384615384615,0.7692307692307693,46.0,3.5384615384615383,36.72,-119.83,0.675
6.2715,20.0,6.90990990990991,1.0585585585585586,871.0,3.923423423423424,32.78,-115.57,0.972
2.1437,17.0,3.7344508160564622,1.1592412880458756,7014.0,3.093956771063079,33.13,-117.08,1.137
2.8043,27.0,4.062745098039216,1.0470588235294118,1118.0,2.1921568627450982,32.75,-117.21,2.621
2.9812,22.0,4.8955696202531644,1.0569620253164558,773.0,2.4462025316455698,34.09,-117.68,1.488
1.0375,35.0,5.146520146520147,1.194139194139194,1086.0,3.978021978021978,33.95,-118.25,0.898
5.5051,31.0,5.345549738219895,1.0,495.0,2.5916230366492146,34.11,-118.23,2.235
2.9389,18.0,4.308965517241379,1.0979310344827586,1855.0,2.5586206896551724,34.21,-118.53,2.132
4.0417,52.0,6.452830188679245,1.0471698113207548,1301.0,2.4547169811320755,38.56,-121.45,1.738
3.2546,32.0,5.041121495327102,0.988785046728972,1417.0,2.6485981308411213,38.79,-123.01,1.341
4.1181,36.0,4.8753709198813056,1.0356083086053411,1414.0,4.195845697329377,34.23,-118.4,1.727
3.6797,21.0,4.233418367346939,1.042091836734694,3240.0,2.066326530612245,33.79,-118.32,2.711
5.2321,46.0,5.664233576642336,1.0724312184166198,3728.0,2.093206064008984,37.22,-121.98,5.00001
2.0057,34.0,3.977722772277228,1.1126237623762376,3086.0,3.819306930693069,33.97,-118.18,1.894
5.0594,41.0,5.851985559566787,1.0072202166064983,756.0,2.729241877256318,33.92,-118.42,3.46
2.92,37.0,4.091139240506329,1.0658227848101265,650.0,1.6455696202531649,32.81,-117.26,3.265
2.6705,26.0,6.185344827586207,1.0086206896551724,544.0,2.3448275862068964,40.55,-122.37,1.367
4.0833,35.0,4.7898550724637685,0.929951690821256,1577.0,3.8091787439613527,37.69,-122.46,2.667
3.865,30.0,6.060669456066946,1.0585774058577406,1508.0,3.154811715481172,38.69,-121.39,0.884
2.625,32.0,4.135860979462875,1.0932069510268565,1961.0,3.0979462875197474,34.19,-118.53,1.923
5.078,26.0,5.922680412371134,0.9948453608247424,500.0,2.577319587628866,38.66,-121.32,1.634
5.4395,25.0,6.638403990024938,1.0024937655860349,1247.0,3.109725685785536,33.81,-117.82,2.44
3.0833,41.0,4.384615384615385,0.9903846153846154,1244.0,3.9871794871794872,33.95,-118.19,1.648
3.1453,23.0,5.483582089552239,0.991044776119403,1064.0,3.1761194029850746,36.2,-119.31,0.745
3.0319,49.0,4.402272727272727,1.0113636363636365,1339.0,3.043181818181818,33.87,-118.17,1.628
1.4913,32.0,4.901785714285714,1.0089285714285714,726.0,3.2410714285714284,36.83,-119.69,0.546
3.8273,16.0,4.029850746268656,1.0535557506584723,2195.0,1.927129060579456,34.16,-118.46,3.349
4.0329,16.0,5.8275,1.125,1074.0,2.685,38.34,-121.97,1.268
1.7378,39.0,3.553775743707094,1.0549199084668193,2271.0,5.196796338672769,33.98,-118.25,1.219
5.4197,24.0,5.923497267759563,1.0191256830601092,934.0,2.551912568306011,34.45,-119.83,2.809
1.9818,33.0,2.3061889250814334,1.1172638436482083,2013.0,3.278501628664495,34.06,-118.27,2.083
6.0957,32.0,5.50597609561753,0.952191235059761,705.0,2.808764940239044,37.24,-121.95,4.054
4.9286,13.0,6.5285714285714285,1.1311688311688313,1912.0,2.483116883116883,38.12,-122.58,3.095
7.4219,31.0,4.806569343065694,1.0364963503649636,523.0,1.9087591240875912,34.06,-118.43,5.00001
2.875,24.0,5.344827586206897,1.1422413793103448,1035.0,4.461206896551724,36.72,-119.76,0.606
6.0809,21.0,6.474167623421355,1.026406429391504,2670.0,3.065442020665901,37.08,-122.07,2.7
5.0359,51.0,6.892109500805153,1.0177133655394526,1486.0,2.392914653784219,38.55,-121.49,2.241
3.0854,39.0,5.344969199178645,1.1232032854209446,1196.0,2.455852156057495,34.11,-118.06,2.487
3.6964,47.0,4.117249154453213,1.0901916572717023,1438.0,1.62119503945885,34.06,-118.4,5.00001
3.2148,14.0,5.251028806584362,1.0555555555555556,3513.0,3.614197530864197,33.93,-117.22,1.17
10.3587,33.0,7.793388429752066,0.9917355371900828,1010.0,2.7823691460055096,34.15,-118.49,5.00001
4.3281,19.0,5.499288762446657,1.1024182076813656,1554.0,2.210526315789474,32.8,-117.03,2.2
2.65,10.0,6.805343511450381,1.286259541984733,638.0,2.435114503816794,38.5,-120.65,1.167
3.1528,21.0,6.104838709677419,1.010752688172043,1145.0,3.077956989247312,36.13,-119.08,1.137
4.65,39.0,5.157622739018088,1.005167958656331,1029.0,2.6589147286821704,33.97,-118.03,2.243
2.275,28.0,4.218553459119497,1.1132075471698113,2047.0,3.2185534591194966,34.02,-117.34,0.854
3.5912,52.0,4.657407407407407,1.0666666666666669,1209.0,2.238888888888889,37.75,-122.41,2.849
3.025,35.0,4.446511627906977,0.9906976744186048,488.0,2.269767441860465,38.81,-123.02,1.406
4.0739,21.0,5.98816029143898,1.006375227686703,3358.0,3.058287795992714,38.69,-121.3,1.154
3.125,48.0,6.430711610486892,1.149812734082397,610.0,2.284644194756554,34.14,-117.29,0.976
6.057,21.0,6.674358974358975,1.035897435897436,1350.0,3.4615384615384617,33.85,-117.82,2.359
3.5528,27.0,4.073627844712182,1.0535475234270415,1398.0,1.8714859437751004,33.77,-118.15,2.711
3.6083,33.0,5.445,1.1125,1153.0,2.8825,34.09,-118.07,2.12
3.2396,52.0,4.02156862745098,1.0823529411764703,1400.0,2.7450980392156863,37.78,-122.46,3.75
2.1859,38.0,4.472222222222222,1.0462962962962965,389.0,3.601851851851852,33.89,-118.16,1.438
5.6488,25.0,6.2253668763102725,1.0366876310272537,3275.0,3.432914046121593,37.25,-121.84,2.346
0.76,10.0,2.6515151515151514,1.0545454545454545,546.0,1.6545454545454543,37.81,-122.27,1.625
3.7917,32.0,5.133709981167608,1.0470809792843692,1513.0,2.849340866290019,33.82,-117.96,1.974
5.0653,35.0,5.602836879432624,0.9432624113475178,926.0,3.283687943262412,33.93,-118.31,1.58
3.7562,34.0,5.475218658892128,1.0583090379008746,2237.0,3.260932944606414,37.98,-122.35,1.329
5.3316,37.0,4.548929663608563,1.0779816513761469,1291.0,1.974006116207951,34.06,-118.39,5.00001
6.2073,31.0,5.934020618556701,0.9855670103092784,1276.0,2.6309278350515464,37.58,-121.99,2.825
3.6728,25.0,2.671201814058957,1.2358276643990929,592.0,1.342403628117914,37.81,-122.41,5.00001
3.9718,13.0,5.035478547854786,1.0882838283828382,2986.0,2.463696369636964,34.18,-119.21,2.152
2.3352,34.0,3.4571428571428573,0.8825396825396825,995.0,3.1587301587301586,33.94,-118.29,1.077
6.1805,18.0,5.876388888888889,1.011111111111111,2030.0,2.8194444444444446,32.86,-117.19,2.724
3.1573,12.0,4.978303747534516,1.106508875739645,2209.0,2.178500986193294,37.96,-121.98,1.267
3.3542,10.0,28.11290322580645,5.604838709677419,298.0,2.403225806451613,38.29,-120.27,1.038
3.0944,37.0,4.923728813559322,0.9830508474576272,1328.0,3.751412429378531,33.95,-118.08,1.628
4.1319,43.0,3.694656488549618,1.010178117048346,897.0,2.282442748091603,37.78,-122.45,3.227
3.3906,36.0,5.0785340314136125,1.044502617801047,1076.0,2.816753926701571,32.58,-117.16,1.478
3.816,7.0,5.658705216844751,1.0930232558139534,4445.0,2.793840351979887,38.8,-121.28,1.479
3.0927,40.0,4.818181818181818,1.0129870129870129,584.0,2.528138528138528,33.98,-118.36,3.16
4.4728,17.0,6.042857142857143,1.0464285714285717,934.0,3.335714285714286,33.73,-117.92,2.058
6.0281,18.0,6.538065843621399,1.131687242798354,2304.0,2.3703703703703702,36.96,-121.88,3.211
2.5521,38.0,2.859848484848485,1.0113636363636365,2899.0,3.660353535353536,34.08,-118.27,1.575
2.4459,40.0,3.839655172413793,1.0241379310344827,2244.0,3.8689655172413793,33.94,-118.21,1.438
4.7813,39.0,4.70935960591133,1.0295566502463054,970.0,2.3891625615763545,37.73,-122.44,2.755
4.175,52.0,5.396694214876033,1.0578512396694215,296.0,2.446280991735537,37.78,-122.17,1.44
6.3955,25.0,7.367595818815331,1.0470383275261324,1634.0,2.846689895470383,32.85,-117.23,3.167
1.3904,30.0,3.919753086419753,1.126543209876543,840.0,2.592592592592593,40.44,-122.29,0.481
3.5909,25.0,4.126506024096385,1.0647590361445782,1420.0,2.13855421686747,34.07,-118.32,4.045
3.0139,39.0,5.175732217573222,1.0711297071129706,638.0,2.6694560669456067,36.63,-119.68,0.653
3.071,8.0,4.5962962962962965,1.0851851851851853,1427.0,2.6425925925925924,34.64,-120.47,1.204
2.3583,26.0,4.881987577639752,1.0434782608695652,494.0,3.0683229813664594,39.23,-123.2,1.054
2.35,40.0,3.971830985915493,0.8309859154929577,213.0,3.0,35.24,-118.99,0.917
7.2559,20.0,7.364179104477612,0.991044776119403,731.0,2.182089552238806,32.82,-117.24,3.923
3.5,43.0,5.287081339712919,1.1220095693779903,1042.0,2.492822966507177,33.82,-118.18,2.167
1.6006,52.0,4.427083333333333,1.0173611111111112,1246.0,2.1631944444444446,34.07,-117.75,1.462
4.5687,33.0,4.962546816479401,1.0262172284644195,909.0,3.404494382022472,37.55,-122.02,1.772
2.5575,12.0,5.202676864244742,1.0497131931166348,1294.0,2.474187380497132,35.32,-119.03,1.002
3.8542,30.0,6.249363867684479,0.9923664122137404,1022.0,2.600508905852417,32.8,-117.18,1.985
4.1678,11.0,5.117122851686824,1.0929344366645448,3445.0,2.192870782940802,33.59,-117.7,1.909
2.415,16.0,4.923270440251573,1.030188679245283,1524.0,1.916981132075472,34.71,-118.1,1.375
4.4485,21.0,6.097039473684211,1.2351973684210529,1420.0,2.335526315789474,36.97,-121.9,2.952
2.85,38.0,3.793478260869565,0.9934782608695653,1547.0,3.3630434782608694,34.09,-118.14,2.19
1.6534,44.0,4.487804878048781,1.0278745644599303,723.0,2.519163763066202,36.96,-120.06,0.614
6.1089,38.0,6.8,1.056140350877193,823.0,2.887719298245614,38.31,-122.24,2.808
3.2229,15.0,2.953216374269006,1.023391812865497,470.0,1.3742690058479532,33.71,-117.76,1.083
1.7579,10.0,3.744800693240901,1.072790294627383,9851.0,2.1340987868284227,33.98,-117.34,1.034
2.7321,8.0,5.139386189258312,1.0959079283887467,1959.0,2.5051150895140664,37.81,-121.19,1.75
7.2315,35.0,7.158607350096712,1.0212765957446808,1511.0,2.9226305609284333,37.88,-122.1,3.671
5.0462,34.0,6.370491803278688,1.0491803278688523,895.0,2.9344262295081966,34.21,-118.59,2.277
4.5744,52.0,5.429245283018868,1.0778301886792452,1154.0,2.721698113207548,37.74,-122.49,3.152
2.7885,34.0,4.384068278805121,0.9985775248933144,1795.0,2.553342816500712,38.26,-122.04,1.059
3.415,52.0,4.627639155470249,1.0095969289827256,2165.0,4.155470249520153,33.74,-117.87,1.725
1.3801,25.0,4.7375,1.725,604.0,2.5166666666666666,33.78,-116.46,0.55
2.1417,12.0,4.390029325513196,1.0557184750733135,943.0,2.7653958944281527,38.02,-121.9,1.222
2.225,37.0,5.270114942528736,1.1293103448275863,1198.0,3.442528735632184,34.14,-117.34,0.816
3.0375,25.0,18.71551724137931,3.327586206896552,248.0,2.1379310344827585,39.14,-120.18,1.719
12.4429,30.0,8.267326732673267,1.0841584158415842,606.0,3.0,32.86,-117.25,5.00001
5.9158,27.0,5.700996677740863,0.9634551495016612,817.0,2.7142857142857144,37.34,-122.0,3.431
3.1453,23.0,5.483582089552239,0.991044776119403,1064.0,3.1761194029850746,36.2,-119.31,0.745
1.8438,35.0,4.623853211009174,1.1559633027522935,323.0,2.963302752293578,37.74,-122.18,0.905
2.3712,14.0,5.304651162790698,0.9906976744186048,894.0,2.0790697674418603,33.74,-116.9,1.279
2.6016,14.0,4.6989733059548255,1.104722792607803,6068.0,2.491991786447638,38.68,-121.28,1.212
2.4333,25.0,4.168292682926829,1.078048780487805,1177.0,2.870731707317073,33.9,-118.18,1.55
2.0769,34.0,5.527777777777778,1.25,673.0,4.673611111111111,33.94,-118.24,0.883
2.2,42.0,3.22,0.8,157.0,3.14,33.81,-117.99,1.531
10.1447,26.0,7.203409090909091,0.9954545454545456,2540.0,2.886363636363636,33.77,-118.37,5.00001
4.2269,14.0,5.874371859296482,0.9824120603015076,1003.0,2.520100502512563,38.0,-122.26,1.705
4.3839,36.0,5.283636363636363,0.9818181818181818,808.0,2.938181818181818,34.25,-118.45,2.046
3.8523,25.0,5.5,1.1807909604519775,900.0,2.542372881355932,37.66,-121.78,1.93
5.3168,18.0,6.638888888888889,1.0833333333333333,92.0,2.555555555555556,37.53,-120.88,1.75
1.6471,52.0,2.833333333333333,0.927536231884058,520.0,3.768115942028986,37.77,-122.22,0.95
3.7459,33.0,5.198821796759941,1.0309278350515465,2959.0,4.357879234167894,34.01,-117.97,1.529
3.6852,52.0,4.710280373831775,1.0,651.0,2.02803738317757,32.74,-117.13,1.853
4.5615,14.0,6.242718446601942,1.0764563106796117,2846.0,3.453883495145631,34.56,-118.08,1.372
4.005,7.0,4.966767371601208,1.0211480362537764,1143.0,3.4531722054380665,36.84,-121.44,1.804
3.7857,16.0,5.077504725897921,0.9754253308128544,1553.0,2.935727788279773,38.69,-121.34,1.127
6.1103,35.0,7.438709677419355,1.0774193548387097,828.0,2.670967741935484,32.77,-116.99,3.016
3.9243,34.0,5.601343784994401,1.026875699888018,2597.0,2.908174692049272,34.0,-118.06,2.198
2.6544,17.0,5.926553672316384,1.0451977401129944,912.0,2.5762711864406778,38.0,-120.4,1.126
5.9171,14.0,6.017241379310345,1.0206896551724138,1710.0,2.9482758620689653,34.52,-118.35,3.333
3.1667,36.0,4.6318407960199,0.7960199004975125,746.0,3.711442786069652,34.05,-117.97,1.58
2.1797,26.0,5.617283950617284,1.154320987654321,1001.0,3.0895061728395063,33.16,-116.68,1.563
1.6767,26.0,5.720779220779221,1.3571428571428572,855.0,2.7759740259740258,37.64,-120.9,0.813
4.4125,38.0,6.014285714285714,0.9942857142857144,956.0,2.731428571428572,33.96,-118.12,2.46
4.1325,32.0,5.439618644067797,1.0858050847457628,2152.0,2.2796610169491527,32.64,-117.07,1.728
3.3669,29.0,4.589877835951135,1.0767888307155322,1071.0,1.869109947643979,34.15,-118.37,3.761
3.8906,15.0,4.832386363636363,0.9829545454545454,723.0,2.053977272727273,38.67,-121.27,1.287
3.5333,36.0,5.185483870967742,0.9758064516129032,788.0,3.177419354838709,34.21,-118.56,1.968
4.8971,24.0,4.200704225352113,1.0246478873239435,1152.0,2.028169014084507,33.86,-118.39,4.007
3.5214,35.0,5.024570024570025,1.1056511056511056,1166.0,2.864864864864865,34.25,-118.28,1.976
1.9063,52.0,1.553030303030303,0.9015151515151516,228.0,1.7272727272727273,37.97,-122.53,2.0
3.8913,40.0,5.666666666666667,1.003921568627451,849.0,3.3294117647058825,37.75,-122.15,1.263
3.0958,39.0,5.009493670886076,1.1044303797468351,857.0,2.712025316455696,37.77,-122.16,1.458
7.912,26.0,7.209068010075566,0.9924433249370276,1030.0,2.5944584382871536,37.72,-122.13,3.673
4.3658,4.0,6.799092676604018,1.0991574854180168,10329.0,3.347051198963059,38.47,-121.4,1.306
3.5076,39.0,4.08,1.0693333333333332,1074.0,2.864,34.03,-118.48,3.818
5.1629,20.0,6.178787878787879,1.1303030303030304,862.0,2.6121212121212123,37.73,-121.46,2.229
6.3047,23.0,6.591677503250975,1.0013003901170352,2473.0,3.2158647594278285,33.7,-118.02,2.857
2.5662,31.0,3.973579920739762,1.0092470277410832,2088.0,2.7582562747688244,32.67,-117.08,1.182
2.3241,43.0,3.556962025316456,0.940928270042194,1590.0,3.354430379746836,33.96,-118.21,1.593
4.267,35.0,5.5315985130111525,0.9628252788104088,1424.0,2.646840148698885,37.68,-122.14,2.103
3.9099,33.0,4.55108877721943,1.1088777219430486,1546.0,2.589614740368509,34.18,-118.43,2.675
2.125,40.0,4.056768558951965,1.1222707423580789,576.0,2.51528384279476,38.14,-121.27,1.375
3.6023,25.0,4.813953488372093,0.9534883720930232,87.0,2.0232558139534884,37.71,-121.02,1.313
5.3398,36.0,5.814220183486238,1.0344036697247707,1390.0,3.188073394495413,37.66,-122.46,2.609
5.2327,34.0,4.731182795698925,0.967741935483871,217.0,2.333333333333333,37.35,-121.74,5.00001
3.9485,52.0,5.440251572327044,1.0352201257861635,1927.0,2.4238993710691825,34.1,-118.15,4.191
2.3375,26.0,2.847297297297297,1.022972972972973,2660.0,3.5945945945945947,34.07,-118.3,2.823
7.3715,17.0,5.0060975609756095,0.9939024390243902,229.0,1.396341463414634,34.15,-118.16,2.63
4.4423,18.0,6.076512455516014,1.0320284697508897,1912.0,3.402135231316726,37.83,-121.2,1.614
4.5556,34.0,5.710073710073711,0.9901719901719902,2282.0,2.803439803439804,37.57,-122.48,2.49
2.9559,16.0,4.284403669724771,1.0160550458715596,1323.0,3.0344036697247705,36.2,-121.13,1.632
6.8686,35.0,6.666666666666667,1.053030303030303,352.0,2.6666666666666665,37.89,-122.09,4.065
3.6583,37.0,3.625,0.9679054054054054,2009.0,3.393581081081081,33.96,-118.36,1.773
3.3869,30.0,5.135384615384615,0.966153846153846,837.0,2.5753846153846154,36.55,-119.39,0.804
4.7361,22.0,6.08021978021978,1.0362637362637364,2474.0,2.718681318681319,37.7,-121.8,2.168
5.4533,33.0,5.837628865979381,0.9432989690721648,986.0,2.5412371134020617,33.73,-118.31,4.098
6.2242,13.0,6.121320890165111,0.9791816223977028,4597.0,3.3000717875089736,33.65,-117.66,2.379
3.2404,36.0,4.955882352941177,1.0147058823529411,223.0,3.2794117647058822,36.97,-122.03,2.25
4.5272,17.0,5.895161290322581,1.0376344086021505,1148.0,3.086021505376344,38.36,-121.29,1.917
4.3098,22.0,5.8498168498168495,1.0256410256410255,657.0,2.4065934065934065,38.64,-121.27,2.135
2.9167,32.0,4.501440922190202,1.0518731988472625,2145.0,6.181556195965418,33.74,-117.89,1.584
3.1142,12.0,5.538591549295775,1.0822535211267603,4644.0,2.616338028169014,39.76,-121.83,1.126
4.2212,52.0,4.506696428571429,0.9330357142857144,999.0,2.2299107142857144,37.74,-122.42,2.713
3.5313,36.0,5.092409240924092,0.9801980198019802,1355.0,4.471947194719472,34.09,-117.73,1.178
4.2386,6.0,7.723076923076923,1.1692307692307693,228.0,3.507692307692308,33.83,-117.55,5.00001
3.125,12.0,5.786377708978328,1.1021671826625388,1007.0,3.117647058823529,33.66,-117.22,1.172
2.7852,37.0,3.7540983606557377,1.0758196721311477,955.0,1.9569672131147544,32.75,-117.14,1.292
3.8542,34.0,5.68384074941452,1.0679156908665106,2089.0,2.446135831381733,32.8,-117.2,2.0
6.174,52.0,7.639830508474576,1.0169491525423728,572.0,2.4237288135593222,37.9,-122.27,3.588
3.0357,33.0,4.359756097560975,1.048780487804878,1165.0,3.551829268292683,34.08,-118.09,2.06
2.5179,42.0,4.424242424242424,1.0722610722610724,1503.0,3.503496503496504,33.93,-118.28,0.974
1.9208,37.0,4.150793650793651,1.1063492063492064,2484.0,3.942857142857143,34.0,-118.26,1.034
2.2156,26.0,3.773076923076923,1.0384615384615383,1236.0,2.376923076923077,33.94,-117.94,1.45
5.742,25.0,5.886075949367089,1.0746835443037974,2503.0,3.168354430379747,33.76,-118.03,2.219
2.1366,47.0,5.0190311418685125,1.0916955017301038,1276.0,2.207612456747405,38.76,-121.28,1.019
1.9338,44.0,3.10377358490566,1.028301886792453,869.0,4.099056603773585,32.7,-117.14,0.894
5.0423,25.0,5.85590465872156,1.017334777898158,2831.0,3.067172264355363,37.53,-121.99,2.222
1.8375,21.0,5.372670807453416,1.0869565217391304,982.0,3.049689440993789,39.86,-122.23,0.798
4.825,26.0,5.257009345794392,0.9813084112149532,943.0,4.406542056074766,37.32,-121.83,1.81
7.0215,6.0,6.534090909090909,0.8295454545454546,318.0,3.613636363636364,33.94,-117.56,2.571
3.5192,9.0,4.863716814159292,0.9221238938053096,1663.0,2.943362831858407,38.57,-121.31,1.133
6.0224,15.0,6.635802469135802,1.0092592592592593,1094.0,3.376543209876543,38.02,-122.21,1.985
4.0294,41.0,7.472527472527473,1.3763736263736264,987.0,2.7115384615384617,38.61,-122.82,2.017
4.9107,34.0,5.585365853658536,0.9878048780487804,552.0,3.365853658536585,33.91,-118.13,2.22
5.2129,34.0,5.937190082644628,1.018181818181818,2138.0,3.533884297520661,33.79,-117.93,1.934
4.0096,35.0,5.4366925064599485,1.0310077519379846,1659.0,4.286821705426356,33.96,-118.08,1.65
5.2998,30.0,6.646182495344506,1.0260707635009312,1540.0,2.8677839851024207,33.74,-117.8,2.472
1.2375,52.0,3.2962962962962963,1.057239057239057,975.0,3.282828282828283,32.71,-117.14,1.0
3.0972,25.0,3.853467561521253,1.0044742729306488,5558.0,6.217002237136465,34.2,-119.15,1.693
4.575,36.0,5.625,0.9852941176470588,306.0,2.25,37.36,-121.97,2.476
2.4318,5.0,4.33609958506224,0.9730290456431536,1911.0,3.964730290456432,34.97,-120.64,0.861
2.8036,24.0,4.399759903961584,1.0444177671068426,1954.0,2.345738295318127,36.97,-121.97,2.285
2.2981,46.0,4.584686774941996,1.088167053364269,1409.0,3.269141531322506,34.02,-118.31,1.121
4.1449,37.0,5.769230769230769,1.0532544378698223,1183.0,3.5,33.93,-118.09,1.753
3.8571,42.0,5.132780082987552,0.9626556016597512,900.0,3.734439834024896,37.37,-121.84,1.875
3.5859,17.0,4.0,1.0094562647754135,903.0,2.1347517730496453,33.67,-117.99,2.625
3.3942,36.0,3.811965811965812,0.9230769230769232,410.0,3.5042735042735043,33.98,-118.11,1.472
4.1652,37.0,5.205673758865248,1.0780141843971631,1038.0,3.6808510638297873,37.64,-122.06,1.582
3.6875,22.0,4.510948905109489,1.0583941605839415,413.0,1.5072992700729928,37.39,-122.06,0.4
2.8342,34.0,4.69375,1.0515625,5477.0,8.5578125,33.75,-117.88,1.872
5.7912,52.0,7.291666666666667,1.005952380952381,412.0,2.452380952380953,37.89,-122.28,3.271
3.2171,14.0,3.284369114877589,1.009416195856874,1494.0,2.8135593220338984,34.15,-118.27,2.308
3.7596,21.0,4.112227805695143,1.105527638190955,1015.0,1.7001675041876048,32.84,-117.28,3.813
2.4063,31.0,5.6,1.0266666666666666,429.0,2.86,37.73,-120.91,1.702
6.6122,4.0,7.568645219755324,1.2251925690983234,6187.0,2.803352967829633,34.18,-118.75,3.576
2.6149,19.0,4.98389458272328,1.0702781844802345,1421.0,2.0805270863836016,40.2,-122.21,0.844
6.8591,52.0,7.599388379204893,0.9571865443425076,953.0,2.914373088685015,37.81,-122.24,3.524
3.8,36.0,4.601466992665037,1.1075794621026895,1005.0,2.45721271393643,34.26,-118.31,2.171
4.875,52.0,5.125181950509462,1.1164483260553129,1415.0,2.059679767103348,37.75,-122.43,3.622
1.1125,28.0,5.548275862068966,1.1724137931034482,1064.0,3.668965517241379,37.72,-122.39,2.063
6.5755,23.0,5.137640449438202,0.9297752808988764,891.0,2.502808988764045,33.87,-118.37,3.599
0.9204,43.0,4.1645569620253164,1.0126582278481011,1253.0,5.286919831223629,38.59,-121.48,0.821
9.7037,8.0,8.94675925925926,1.0717592592592593,1548.0,3.583333333333333,37.76,-121.96,4.251
4.7105,22.0,6.5,1.07421875,1309.0,2.556640625,38.46,-122.85,2.662
3.0513,15.0,4.756916996047431,1.1640316205533596,1591.0,3.144268774703557,33.8,-118.18,1.481
4.9125,41.0,6.35251798561151,1.0359712230215827,753.0,2.70863309352518,34.04,-117.18,1.407
3.8705,36.0,5.562770562770563,0.987012987012987,679.0,2.9393939393939394,34.08,-117.92,1.919
10.5793,16.0,7.75,1.0625,567.0,2.7259615384615383,37.27,-122.06,5.00001
4.9432,4.0,6.341708542713568,1.085427135678392,622.0,3.1256281407035176,36.81,-119.67,1.144
3.9519,50.0,5.439330543933054,1.100418410041841,691.0,2.8912133891213387,38.01,-122.12,1.265
6.0487,15.0,7.616883116883117,0.948051948051948,450.0,2.9220779220779223,38.26,-122.07,1.977
4.7083,28.0,5.8,1.0321428571428573,755.0,2.696428571428572,33.88,-118.0,2.681
3.0,32.0,5.292792792792793,0.9369369369369368,774.0,3.4864864864864864,37.4,-120.94,1.094
2.655,22.0,4.305555555555555,1.0208333333333333,768.0,2.6666666666666665,35.12,-120.62,1.6
1.0585,26.0,4.362279511533242,1.1221166892808685,2041.0,2.7693351424694708,39.5,-121.55,0.451
2.5568,35.0,3.98533724340176,1.0527859237536656,655.0,1.920821114369501,34.01,-118.34,3.125
1.2034,52.0,5.582582582582583,1.1861861861861862,968.0,2.906906906906907,34.13,-117.3,0.795
9.4356,8.0,6.5588235294117645,0.9117647058823528,188.0,2.764705882352941,33.55,-117.43,4.656
4.0878,22.0,5.046747967479675,1.0731707317073171,1478.0,3.0040650406504064,38.32,-122.32,1.644
3.1766,52.0,3.184553660982949,1.0601805416248746,1594.0,1.5987963891675026,34.07,-118.34,2.25
2.9201,32.0,3.7255244755244754,1.0926573426573427,1229.0,2.1486013986013988,37.79,-122.55,3.222
3.3444,13.0,5.33458177278402,1.1061173533083646,2328.0,2.906367041198502,33.18,-117.22,1.839
4.983,30.0,4.916943521594685,0.9767441860465116,1126.0,3.740863787375415,37.47,-122.13,1.667
2.8679,44.0,4.951554591467824,1.1453362255965294,3269.0,2.363702096890817,37.75,-122.4,2.433
2.4137,21.0,5.386075949367089,1.1329113924050631,1347.0,4.262658227848101,36.73,-119.83,0.621
2.8438,44.0,3.745,1.075,848.0,2.12,37.39,-122.08,3.071
4.6019,8.0,5.05175983436853,1.0393374741200827,1113.0,2.3043478260869565,33.67,-117.81,2.425
6.2135,28.0,6.408577878103838,0.9661399548532732,1372.0,3.0970654627539504,37.97,-121.99,2.172
1.5479,31.0,4.14785373608903,1.0254372019077902,1796.0,2.855325914149444,37.06,-120.85,0.82
2.9063,31.0,5.508710801393728,1.0418118466898956,776.0,2.7038327526132404,40.87,-121.67,0.778
8.9172,34.0,7.107784431137724,0.9920159680638724,1336.0,2.6666666666666665,37.39,-122.12,5.00001
5.8461,34.0,6.323529411764706,0.9950980392156864,664.0,3.2549019607843137,33.81,-117.94,2.274
1.75,17.0,5.474358974358975,1.4711538461538465,633.0,2.0288461538461537,38.96,-122.63,0.64
11.7064,17.0,9.361702127659576,1.127659574468085,1722.0,12.212765957446807,37.84,-122.08,5.00001
2.3071,41.0,4.444253859348199,1.169811320754717,2366.0,4.058319039451115,34.12,-118.19,1.464
4.225,34.0,4.635311143270623,0.9450072358900145,2072.0,2.9985528219971056,33.83,-118.03,1.984
4.5398,52.0,4.324055666003976,1.013916500994036,809.0,1.6083499005964217,37.86,-122.49,4.42
2.9545,47.0,5.632241813602015,1.052896725440806,1042.0,2.624685138539043,36.75,-119.74,0.596
4.7813,36.0,5.167701863354037,1.0124223602484472,963.0,2.9906832298136647,37.67,-122.45,2.464
1.6654,15.0,4.90625,1.115625,1645.0,2.5703125,41.78,-124.19,0.746
2.3611,30.0,3.4295302013422817,1.0268456375838926,1152.0,7.731543624161074,34.06,-118.21,1.568
4.1116,45.0,4.108187134502924,0.9883040935672516,733.0,2.1432748538011697,37.72,-122.48,1.875
5.1057,45.0,5.381578947368421,0.9671052631578948,546.0,3.5921052631578947,33.85,-117.97,1.707
2.1944,52.0,5.074285714285714,0.96,360.0,2.057142857142857,37.8,-122.24,2.115
3.1653,44.0,4.47675962815405,1.0544488711819389,1738.0,2.308100929614874,37.78,-122.48,3.353
6.6265,30.0,6.022292993630574,1.1592356687898089,635.0,2.022292993630573,33.6,-117.86,5.00001
4.9239,35.0,5.975609756097561,0.9796747967479674,885.0,3.597560975609756,34.12,-117.89,1.688
5.133,17.0,6.334500875656743,1.0455341506129596,1176.0,2.0595446584938704,33.51,-117.72,3.24
5.7097,15.0,4.357142857142857,1.0649350649350648,2269.0,1.84172077922078,34.05,-118.44,3.167
3.8816,27.0,6.070796460176991,1.0265486725663715,1340.0,2.9646017699115044,38.65,-121.29,1.473
2.5506,23.0,3.6280701754385967,1.1543859649122807,1898.0,3.329824561403509,34.42,-119.71,2.308
1.6888,44.0,3.071844660194175,1.0563106796116506,1998.0,3.8796116504854368,34.04,-118.2,1.25
4.7708,44.0,4.767123287671233,1.082191780821918,154.0,2.1095890410958904,37.5,-122.25,2.538
3.5231,37.0,5.54337899543379,1.0410958904109588,1508.0,2.295281582952816,38.53,-121.5,1.143
5.5,34.0,5.84472049689441,1.0351966873706004,1429.0,2.958592132505176,33.87,-118.35,2.796
4.0855,45.0,6.012531328320802,1.050125313283208,1225.0,3.0701754385964914,37.72,-122.46,2.441
3.8542,30.0,6.249363867684479,0.9923664122137404,1022.0,2.600508905852417,32.8,-117.18,1.985
3.6422,26.0,4.3539094650205765,0.9547325102880658,891.0,3.6666666666666665,34.94,-120.45,1.206
3.5859,30.0,5.051204819277109,1.120481927710843,1021.0,3.075301204819277,33.9,-117.99,1.997
5.2292,52.0,6.293457943925234,1.0186915887850467,1427.0,2.667289719626168,34.11,-118.14,4.445
2.3533,39.0,4.842778793418647,1.0457038391224862,1815.0,3.3180987202925047,35.49,-119.27,0.654
2.8125,42.0,4.402985074626866,0.9589552238805972,877.0,3.2723880597014925,37.77,-122.18,0.973
4.7475,28.0,5.325513196480938,1.064516129032258,2100.0,2.0527859237536656,37.88,-122.5,4.746
2.625,42.0,3.930817610062893,0.89937106918239,533.0,3.352201257861635,37.98,-121.29,0.654
2.45,52.0,3.976271186440678,0.9627118644067796,814.0,2.759322033898305,34.02,-118.31,1.114
7.8476,52.0,7.908284023668639,1.032544378698225,876.0,2.591715976331361,37.73,-122.46,5.00001
3.2976,49.0,5.617283950617284,0.9907407407407408,757.0,2.33641975308642,34.15,-117.29,1.026
2.4167,28.0,6.493506493506493,1.3376623376623376,545.0,3.538961038961039,34.42,-118.75,1.917
5.2541,5.0,5.469879518072289,1.0860585197934596,1467.0,2.5249569707401034,33.8,-117.69,2.371
8.847,14.0,8.093959731543624,0.953020134228188,572.0,3.838926174496644,33.81,-117.8,3.887
2.7038,26.0,3.237424547283702,1.0744466800804828,1868.0,3.758551307847082,34.08,-118.31,2.271
1.9787,39.0,4.398119122257054,1.037617554858934,1659.0,2.6003134796238245,38.68,-121.78,0.978
4.05,35.0,4.074742268041237,1.0876288659793814,580.0,1.4948453608247425,37.76,-122.44,4.231
3.5296,43.0,4.644149577804584,1.227985524728589,1497.0,1.805790108564536,37.71,-122.48,4.0
5.0395,36.0,4.309352517985611,0.8992805755395683,361.0,2.597122302158273,33.89,-118.13,2.258
3.1384,46.0,5.627249357326479,1.0874035989717223,866.0,2.2262210796915167,33.95,-117.4,1.115
1.7596,40.0,2.09375,0.53125,50.0,1.5625,38.68,-121.38,0.938
4.2232,33.0,6.1896955503512885,1.0866510538641687,1015.0,2.377049180327869,37.46,-122.23,3.637
4.7,36.0,6.0201005025125625,1.0577889447236182,1064.0,2.6733668341708543,34.21,-118.51,2.236
2.0323,43.0,4.096069868995633,0.9912663755458516,1571.0,3.430131004366812,33.96,-118.25,1.125
4.9801,36.0,6.327472527472527,1.054945054945055,1235.0,2.7142857142857144,37.71,-122.07,2.415
6.065,5.0,5.626865671641791,1.0621890547263682,1016.0,2.527363184079602,33.55,-117.68,3.155
2.5223,35.0,5.011204481792717,1.0,933.0,2.6134453781512605,36.78,-119.83,0.662
3.5313,36.0,5.092409240924092,0.9801980198019802,1355.0,4.471947194719472,34.09,-117.73,1.178
3.0568,19.0,4.267898383371825,0.9884526558891455,1130.0,2.6096997690531176,38.47,-122.67,1.903
3.6437,2.0,3.319559228650138,1.2892561983471074,577.0,1.5895316804407713,37.78,-122.43,2.75
2.398,18.0,5.395299145299146,1.0705128205128205,1726.0,3.688034188034188,38.54,-121.42,0.876
3.6989,32.0,5.192037470725995,0.9882903981264636,1064.0,2.4918032786885247,34.25,-118.46,2.086
1.6667,30.0,5.265217391304348,1.2565217391304349,611.0,2.6565217391304348,34.83,-116.96,0.447
4.9118,26.0,6.391304347826087,1.1014492753623188,1597.0,3.3064182194616976,37.55,-122.03,2.173
3.3047,24.0,4.306709265175719,1.036741214057508,1908.0,3.047923322683706,33.74,-117.81,2.169
1.7,48.0,2.86,0.82,222.0,4.44,33.79,-118.22,1.042
1.6318,19.0,4.403536977491961,1.1366559485530547,2004.0,3.2218649517684885,32.75,-117.09,1.177
2.6182,34.0,3.234,0.986,1530.0,3.06,33.91,-118.3,1.726
3.3955,19.0,3.524737631184408,1.103448275862069,2636.0,1.9760119940029983,34.02,-118.41,2.25
5.1507,34.0,6.257396449704142,1.0414201183431953,1253.0,3.707100591715976,33.77,-118.02,2.075
3.6845,41.0,3.823293172690763,1.0321285140562249,1666.0,3.345381526104417,34.12,-118.21,1.758
5.0505,52.0,4.653846153846154,0.9881656804733728,725.0,2.1449704142011834,37.75,-122.44,3.804
2.7303,51.0,4.972014925373134,1.0708955223880596,1258.0,2.3470149253731343,37.83,-122.27,1.097
2.9219,28.0,4.15347721822542,1.0431654676258992,1198.0,2.8729016786570742,34.2,-118.44,2.413
4.9676,22.0,5.598290598290598,1.1076923076923078,1746.0,2.9846153846153847,34.23,-118.57,2.219
5.1097,29.0,5.55510752688172,1.0349462365591398,1691.0,2.2728494623655915,37.9,-122.08,2.88
3.1711,41.0,6.0945558739255015,1.0257879656160458,911.0,2.6103151862464182,40.78,-124.15,1.042
3.2151,7.0,3.353846153846154,1.0717948717948718,766.0,1.964102564102564,32.92,-117.14,1.063
4.3438,16.0,5.941176470588236,0.9584775086505192,903.0,3.124567474048443,36.3,-119.79,0.931
3.5673,47.0,5.543766578249337,1.026525198938992,1053.0,2.793103448275862,38.23,-122.7,3.103
7.75,17.0,8.23076923076923,1.1282051282051282,92.0,2.358974358974359,34.49,-119.14,3.75
3.9615,17.0,5.493506493506493,1.0086580086580086,494.0,2.1385281385281387,38.65,-121.52,3.313
4.0893,38.0,3.814432989690722,0.8814432989690721,599.0,3.0876288659793816,33.99,-118.42,2.489
3.3421,30.0,5.032119914346895,1.0107066381156318,945.0,2.02355460385439,34.08,-118.11,2.01
4.1995,34.0,5.607792207792208,1.0025974025974025,1443.0,3.748051948051948,34.13,-117.89,1.474
2.5402,42.0,6.25,1.1510416666666667,647.0,3.3697916666666665,37.52,-120.89,1.575
13.947,29.0,8.494816211121583,1.052780395852969,2919.0,2.751178133836004,34.11,-118.51,5.00001
3.6312,48.0,8.130434782608695,1.173913043478261,240.0,3.4782608695652173,38.11,-121.23,2.028
5.0832,29.0,6.045918367346939,1.0051020408163265,588.0,3.0,34.1,-117.86,1.969
2.875,44.0,5.3933333333333335,1.0333333333333334,667.0,2.223333333333333,35.37,-119.04,0.827
5.2542,24.0,6.830645161290323,1.0241935483870968,1078.0,2.8978494623655915,32.89,-116.94,2.278
7.3445,13.0,7.897727272727272,1.106060606060606,852.0,3.227272727272727,37.89,-121.93,3.667
2.3393,19.0,3.695402298850575,1.042528735632184,3072.0,3.5310344827586206,34.07,-118.11,2.023
2.8828,36.0,5.7,1.0666666666666669,861.0,2.87,37.94,-121.7,1.311
1.9818,33.0,2.3061889250814334,1.1172638436482083,2013.0,3.278501628664495,34.06,-118.27,2.083
4.2019,46.0,5.427230046948357,0.9530516431924884,514.0,2.4131455399061035,34.11,-118.28,3.521
3.1297,23.0,5.3973128598848366,1.1017274472168903,2842.0,2.727447216890595,35.39,-118.96,0.79
5.1074,27.0,5.283582089552239,0.9365671641791044,1024.0,3.82089552238806,34.28,-118.77,1.852
2.6818,35.0,4.38801261829653,1.0378548895899051,726.0,2.2902208201892744,32.75,-117.14,1.594
7.7743,27.0,6.799373040752351,0.9561128526645768,905.0,2.8369905956112853,37.53,-122.35,4.531
2.625,43.0,3.534682080924856,1.1040462427745663,1699.0,2.4552023121387285,33.98,-118.04,1.633
3.3629,8.0,4.115044247787611,1.0584070796460177,1511.0,2.674336283185841,33.75,-117.92,1.375
4.4033,15.0,6.885207100591716,1.093491124260355,2324.0,2.750295857988166,35.13,-120.56,2.676
2.7045,36.0,4.949367088607595,0.9367088607594936,171.0,2.1645569620253164,38.01,-121.32,1.028
4.1997,17.0,5.732758620689655,1.0603448275862069,2866.0,3.0883620689655173,38.66,-121.76,1.334
4.0517,36.0,5.380597014925373,1.0111940298507462,990.0,3.694029850746269,33.91,-118.09,1.622
6.1383,23.0,7.203562340966921,1.0330788804071247,1284.0,3.267175572519084,34.3,-118.7,2.441
1.3438,48.0,3.8484848484848486,1.170995670995671,1237.0,2.6774891774891776,37.96,-121.29,1.031
2.2156,26.0,3.773076923076923,1.0384615384615383,1236.0,2.376923076923077,33.94,-117.94,1.45
5.1071,41.0,6.918128654970761,1.1871345029239766,455.0,2.6608187134502925,37.47,-122.24,3.141
3.925,12.0,6.089795918367347,1.035374149659864,2255.0,3.068027210884354,34.52,-117.2,1.185
4.0982,11.0,5.7898550724637685,1.0434782608695652,1757.0,3.182971014492753,33.8,-117.32,1.733
7.52,16.0,7.070769230769231,1.0846153846153843,1480.0,2.276923076923077,37.83,-122.16,3.702
4.3513,12.0,6.184840425531915,1.0658244680851063,4074.0,2.708776595744681,33.07,-117.14,1.996
2.4233,5.0,4.361111111111111,0.8888888888888888,880.0,3.055555555555556,33.69,-117.81,4.5
2.537,24.0,4.637305699481865,1.1761658031088082,1137.0,2.94559585492228,37.75,-122.16,1.079
5.7422,37.0,5.836448598130841,1.0186915887850467,583.0,2.7242990654205608,33.86,-118.36,3.307
3.8162,36.0,5.274406332453826,1.029023746701847,887.0,2.340369393139841,33.82,-118.11,2.219
8.7397,19.0,7.091370558375634,1.3756345177664977,491.0,2.4923857868020303,33.71,-118.09,5.00001
5.6437,52.0,5.545774647887324,1.0,629.0,2.214788732394366,37.3,-121.9,3.12
4.3676,28.0,6.392857142857143,1.011904761904762,1304.0,3.104761904761905,34.18,-117.3,1.111
1.47,36.0,4.377777777777778,1.0055555555555555,405.0,2.25,36.29,-119.14,0.619
2.5083,52.0,5.373563218390805,1.0977011494252873,1325.0,2.5383141762452106,35.39,-118.99,0.701
2.5504,26.0,3.725552050473186,1.1093585699263933,2742.0,2.883280757097792,33.96,-118.36,1.513
2.7083,19.0,6.475,1.35,216.0,2.7,40.34,-123.48,0.645
7.9977,20.0,7.169960474308301,1.1146245059288538,658.0,2.600790513833992,37.87,-122.53,4.0
1.875,26.0,5.077702702702703,1.1587837837837838,699.0,2.3614864864864864,39.77,-121.6,0.84
3.1551,16.0,3.7899159663865545,1.1148459383753502,1211.0,3.392156862745098,34.17,-118.3,2.05
4.25,28.0,5.653295128939828,0.982808022922636,970.0,2.7793696275071635,36.47,-121.74,2.791
1.6369,15.0,6.003115264797508,1.3302180685358256,810.0,2.5233644859813085,39.13,-122.87,0.865
2.4211,20.0,3.844544095665172,1.094170403587444,1534.0,2.2929745889387143,33.73,-117.84,1.75
2.8833,29.0,5.793911007025761,1.0608899297423888,1130.0,2.646370023419204,40.79,-124.13,0.83
5.2305,34.0,6.092006033182503,1.0467571644042233,2269.0,3.422322775263952,33.92,-118.01,2.051
4.1146,41.0,4.938997821350762,1.0588235294117647,1045.0,2.276688453159041,37.68,-122.4,2.722
4.0833,42.0,5.1078838174273855,1.1265560165975104,857.0,1.7780082987551866,34.11,-118.32,4.344
5.3416,31.0,5.444759206798867,0.9320113314447592,1030.0,2.917847025495751,33.85,-118.02,2.13
4.6696,17.0,4.841911764705882,0.9411764705882352,679.0,2.4963235294117645,33.8,-117.92,1.595
8.8612,24.0,7.901639344262295,1.0163934426229508,1514.0,2.757741347905282,34.25,-118.51,5.00001
7.3769,16.0,7.68299711815562,1.1152737752161384,1227.0,3.536023054755044,33.71,-117.81,3.024
5.3446,35.0,5.553752535496957,1.0324543610547667,1545.0,3.133874239350913,37.66,-122.45,2.633
3.3516,33.0,6.913461538461538,1.1394230769230769,569.0,2.735576923076923,37.64,-121.05,1.5
5.6482,35.0,6.551587301587301,1.0674603174603174,707.0,2.805555555555556,33.9,-118.37,2.948
4.5368,20.0,6.113095238095238,1.0089285714285714,934.0,2.7797619047619047,38.43,-121.22,2.193
4.625,19.0,6.155709342560554,1.0173010380622838,1439.0,2.48961937716263,33.01,-117.05,2.111
0.8571,21.0,1.6296296296296295,1.2222222222222223,64.0,2.3703703703703702,32.79,-114.65,0.25
3.0507,52.0,4.427645788336933,1.062634989200864,1277.0,2.758099352051836,38.11,-122.24,1.073
2.7333,38.0,3.9209621993127146,1.1443298969072164,1028.0,3.532646048109965,37.36,-121.9,1.825
2.2141,25.0,4.375757575757576,0.990909090909091,2940.0,4.454545454545454,33.67,-116.18,0.667
1.2404,52.0,4.757575757575758,0.8636363636363636,178.0,2.696969696969697,36.7,-119.81,0.525
4.22,33.0,6.278688524590164,1.036885245901639,1355.0,2.776639344262295,32.81,-117.17,1.787
4.4688,35.0,5.166666666666667,1.0173611111111112,1112.0,3.861111111111111,34.24,-118.43,1.825
2.7222,36.0,4.297551789077213,1.0056497175141244,918.0,1.728813559322034,32.75,-117.18,2.847
4.1875,16.0,4.22457627118644,1.0360169491525424,1173.0,2.485169491525424,37.4,-122.11,2.664
4.5694,28.0,6.219512195121951,1.0304878048780488,504.0,3.073170731707317,38.38,-122.33,2.875
2.125,21.0,5.146067415730337,1.0898876404494382,451.0,2.533707865168539,40.01,-122.13,0.633
2.1964,44.0,4.033333333333333,0.9666666666666668,153.0,5.1,33.79,-118.21,1.5
3.963,28.0,5.427893738140417,0.976280834914611,2672.0,2.535104364326376,32.8,-116.98,1.644
4.4954,34.0,5.388329979879276,1.028169014084507,1540.0,3.0985915492957745,33.9,-118.02,2.029
3.7802,10.0,5.087403598971722,1.167095115681234,1117.0,2.87146529562982,34.08,-117.7,1.073
8.19,20.0,8.240170031880977,1.0371944739638683,3094.0,3.287991498405951,37.23,-121.89,3.616
3.3348,52.0,4.929133858267717,1.031496062992126,722.0,1.89501312335958,38.56,-121.46,1.228
9.6885,20.0,8.16842105263158,1.0921052631578947,1061.0,2.792105263157895,34.4,-119.79,5.00001
2.3152,25.0,5.412844036697248,1.055045871559633,1424.0,3.26605504587156,36.21,-119.32,0.631
6.0597,29.0,6.176039119804401,0.9486552567237164,1092.0,2.6699266503667483,34.45,-119.74,3.831
4.15,14.0,6.517578125,1.115234375,1385.0,2.705078125,33.23,-117.08,2.722
7.6986,23.0,7.141501294219155,1.1130284728213975,3176.0,2.740293356341674,33.75,-118.38,5.00001
6.0777,35.0,5.918681318681319,1.0835164835164834,1343.0,2.951648351648352,37.36,-122.06,3.275
4.4387,20.0,5.563876651982379,1.0469897209985315,3637.0,2.670337738619677,37.94,-122.29,1.9
2.5978,52.0,2.649122807017544,0.9824561403508772,392.0,3.43859649122807,34.42,-119.69,2.583
15.0001,46.0,8.365591397849462,0.967741935483871,238.0,2.5591397849462365,34.08,-118.43,5.00001
2.975,21.0,5.816568047337278,0.9763313609467456,672.0,3.9763313609467454,36.07,-118.99,0.639
1.7568,49.0,3.168646080760095,1.168646080760095,634.0,1.505938242280285,38.57,-121.49,0.938
4.45,15.0,5.047218628719276,1.036869340232859,2957.0,1.91267787839586,37.93,-122.05,1.849
4.9803,29.0,5.33378196500673,1.0390309555854644,2104.0,2.831763122476447,33.83,-118.01,2.086
4.3148,25.0,5.310107948969578,0.9793915603532876,2243.0,2.201177625122669,34.12,-117.75,2.407
2.5882,33.0,4.376146788990826,1.1055045871559632,655.0,3.0045871559633026,33.91,-118.26,0.928
1.6607,6.0,4.664251207729468,1.0193236714975846,1344.0,3.246376811594203,36.62,-119.65,0.58
2.7685,29.0,3.658252427184466,1.1757281553398058,2320.0,2.25242718446602,34.14,-118.27,2.045
4.4643,35.0,5.710059171597633,0.970414201183432,805.0,2.381656804733728,38.6,-121.36,1.33
4.6167,25.0,5.777292576419214,0.9082969432314412,852.0,3.7205240174672487,33.75,-117.96,2.373
3.6937,33.0,6.563318777292577,1.2314410480349345,652.0,2.8471615720524017,38.64,-121.39,0.993
2.1818,35.0,4.473413379073756,1.0634648370497428,1566.0,2.686106346483705,35.4,-119.03,0.635
2.6165,52.0,5.174418604651163,1.069767441860465,1145.0,2.6627906976744184,37.87,-122.29,1.5
2.3917,10.0,6.589686098654709,1.3565022421524664,1167.0,2.616591928251121,35.27,-118.34,0.79
1.8281,29.0,3.963740458015267,1.1011450381679388,1418.0,2.706106870229008,34.13,-117.28,0.768
3.1691,42.0,3.530092592592593,1.0555555555555556,1688.0,3.907407407407408,34.1,-118.24,1.413
6.3835,31.0,10.211764705882352,1.4705882352941178,497.0,2.9235294117647057,36.61,-121.95,4.078
3.9128,30.0,5.90138067061144,1.017751479289941,1521.0,3.0,33.94,-117.44,1.269
4.5179,25.0,5.40117994100295,1.0176991150442478,809.0,2.3864306784660765,33.81,-118.01,1.771
6.2344,50.0,5.826254826254826,1.1235521235521235,690.0,2.664092664092664,34.06,-118.38,5.00001
2.6897,33.0,4.467661691542289,0.945273631840796,470.0,2.3383084577114426,38.62,-121.32,1.483
3.3984,36.0,5.739130434782608,1.016304347826087,829.0,2.252717391304348,40.78,-124.15,0.9
4.1103,8.0,5.385964912280702,1.0676691729323309,950.0,2.380952380952381,33.65,-117.83,2.504
6.8007,9.0,6.694444444444445,0.9913194444444444,1646.0,2.857638888888889,33.55,-117.69,3.183
4.8787,33.0,6.104602510460251,1.0334728033472804,1365.0,2.8556485355648538,34.7,-118.16,1.277
7.5557,36.0,7.743396226415094,1.0830188679245285,699.0,2.637735849056604,32.73,-117.23,4.414
1.9531,29.0,4.190972222222222,1.0451388888888888,804.0,2.7916666666666665,32.84,-115.57,0.611
5.5124,34.0,3.9156626506024095,0.7228915662650602,433.0,5.216867469879518,34.26,-118.44,1.743
4.0985,45.0,5.737179487179487,1.0128205128205128,1035.0,3.3173076923076925,34.19,-118.17,1.731
3.5156,52.0,4.496183206106871,1.0076335877862594,288.0,2.198473282442748,37.87,-122.28,2.0
4.4167,28.0,4.282846715328467,1.1094890510948905,785.0,1.4324817518248176,34.09,-118.39,4.25
1.4007,7.0,4.466424682395644,1.1742286751361162,1587.0,2.88021778584392,36.73,-119.73,2.25
2.6417,19.0,5.014516129032258,1.032258064516129,1457.0,2.35,35.13,-118.46,0.949
2.785,36.0,5.289029535864979,0.9831223628691984,1227.0,2.588607594936709,36.77,-119.76,0.723
3.9,37.0,4.35279805352798,1.0316301703163018,2279.0,5.545012165450122,34.26,-118.42,1.386
6.9664,11.0,7.592705167173253,1.03951367781155,4495.0,3.4156534954407296,32.66,-117.01,2.939
2.5792,16.0,4.9147058823529415,1.0411764705882354,935.0,2.75,35.12,-120.61,1.638
3.95,40.0,5.517571884984026,0.987220447284345,932.0,2.977635782747604,34.02,-118.11,2.102
5.0709,33.0,6.048421052631579,1.0294736842105263,1946.0,4.096842105263158,37.28,-121.82,1.764
4.2813,17.0,6.463414634146342,1.008130081300813,1118.0,3.029810298102981,33.13,-117.05,1.699
2.3339,16.0,3.761658031088083,1.151986183074266,1192.0,2.058721934369603,38.01,-121.36,0.871
1.808,26.0,3.92512077294686,1.0628019323671498,533.0,1.28743961352657,33.76,-118.09,0.585
1.9014,24.0,5.024326672458732,1.0912250217202433,1990.0,1.7289313640312771,33.7,-117.19,0.835
4.6932,40.0,4.492424242424242,1.0378787878787878,371.0,2.810606060606061,34.02,-118.4,3.328
1.2863,52.0,2.7590361445783134,0.891566265060241,1283.0,7.728915662650603,32.7,-117.15,0.863
4.4219,34.0,5.850220264317181,1.0748898678414096,795.0,3.502202643171806,34.4,-118.98,3.381
3.5156,31.0,4.945848375451264,1.0252707581227436,1062.0,3.833935018050541,34.07,-118.07,1.993
3.524,45.0,5.213963963963964,1.0157657657657655,1006.0,2.265765765765766,37.72,-122.13,1.862
5.5036,16.0,6.548117154811716,1.0753138075313808,893.0,3.736401673640168,32.92,-117.13,1.923
4.3333,31.0,4.8384279475982535,1.039301310043668,1151.0,5.026200873362446,34.01,-118.09,1.495
7.7865,34.0,6.303258145363409,1.005012531328321,1079.0,2.7042606516290726,37.34,-122.05,4.239
1.9238,39.0,3.996941896024465,0.9694189602446484,1862.0,2.8470948012232418,38.13,-121.27,0.707
3.6375,26.0,4.933774834437086,1.0662251655629138,247.0,1.6357615894039734,33.86,-117.92,1.339
1.4063,51.0,4.446428571428571,1.0267857142857142,368.0,3.2857142857142856,34.06,-117.73,0.988
3.6118,24.0,7.536796536796537,1.251082251082251,564.0,2.441558441558441,38.53,-122.4,2.484
6.0653,18.0,6.556732223903177,0.9697428139183056,1777.0,2.688350983358548,35.63,-117.68,1.053
5.3922,26.0,7.085858585858586,0.946969696969697,1617.0,4.083333333333333,37.64,-122.46,3.537
1.2171,52.0,4.5625,1.1217105263157894,1074.0,3.5328947368421053,37.82,-122.28,0.803
2.0804,34.0,4.24,1.104,1215.0,4.86,33.91,-118.23,0.847
6.0621,20.0,6.512195121951219,1.018970189701897,1149.0,3.113821138211382,37.06,-122.0,3.044
3.3621,36.0,5.310064935064935,0.978896103896104,2593.0,4.209415584415584,33.96,-118.09,1.697
7.8532,8.0,6.961538461538462,1.043956043956044,1527.0,4.195054945054945,37.44,-121.89,4.228
7.3252,24.0,6.7384615384615385,0.9717948717948718,2474.0,3.171794871794872,34.22,-118.61,3.337
5.1647,5.0,5.942942942942943,0.9984984984984984,2456.0,3.687687687687688,34.04,-117.5,1.547
2.5326,24.0,5.532085561497326,1.1657754010695187,909.0,2.43048128342246,39.12,-120.96,1.391
4.0469,45.0,4.125,0.95,282.0,3.525,37.75,-122.18,0.807
3.3713,29.0,4.359805510534846,1.06807131280389,1747.0,2.831442463533225,33.87,-118.15,1.982
6.7785,19.0,7.801052631578948,1.1,2814.0,2.962105263157895,34.2,-118.63,3.361
5.6818,17.0,6.331606217616581,0.9706390328151986,2104.0,3.633851468048359,33.86,-118.07,3.389
6.0571,17.0,6.207598371777476,1.0366350067842605,2054.0,2.7869742198100407,33.92,-117.87,2.724
1.2098,38.0,4.410638297872341,1.0638297872340423,1657.0,3.525531914893617,33.93,-118.27,0.884
2.4943,45.0,4.447368421052632,1.086466165413534,900.0,3.3834586466165413,32.68,-117.1,0.996
1.125,27.0,5.649122807017544,1.4210526315789471,112.0,1.9649122807017545,33.3,-115.96,0.544
3.0057,35.0,4.095307917888563,1.0058651026392962,2255.0,3.306451612903226,33.79,-118.3,2.353
2.9375,45.0,4.492331288343558,1.1579754601226997,1635.0,2.5076687116564416,33.83,-118.31,2.73
6.8075,18.0,7.454436450839329,1.0287769784172662,2703.0,3.241007194244604,34.17,-118.75,3.259
3.3571,17.0,6.083333333333333,1.1027131782945736,1612.0,3.124031007751938,34.06,-117.38,1.123
8.3839,52.0,8.061371841155236,1.144404332129964,769.0,2.776173285198556,34.04,-118.5,5.00001
2.2,14.0,3.605231866825208,1.187871581450654,1691.0,2.010701545778834,34.09,-118.34,2.1
3.3536,27.0,7.061776061776062,1.4749034749034748,1278.0,2.467181467181468,38.54,-123.25,1.575
3.3984,36.0,5.739130434782608,1.016304347826087,829.0,2.252717391304348,40.78,-124.15,0.9
2.9432,49.0,6.029315960912052,1.1596091205211727,849.0,2.765472312703583,38.1,-122.24,1.035
3.8464,17.0,3.699692307692308,1.0689230769230769,3539.0,2.1778461538461538,37.36,-122.0,2.394
0.6991,26.0,2.669021190716448,1.014127144298688,1660.0,1.6750756811301717,36.72,-119.73,0.895
1.9688,28.0,3.3271604938271606,1.0432098765432098,1158.0,2.382716049382716,33.98,-118.04,1.656
3.2813,46.0,4.392523364485982,1.0233644859813085,599.0,2.799065420560748,33.89,-118.16,1.909
5.9582,38.0,6.453441295546559,1.008097165991903,633.0,2.562753036437247,34.16,-118.04,3.507
4.0196,17.0,6.139767054908486,1.0449251247920133,1888.0,3.141430948419301,36.83,-119.76,0.842
5.7984,20.0,7.1869565217391305,1.0934782608695652,1374.0,2.9869565217391303,38.28,-122.45,2.976
0.6775,52.0,1.7482866043613707,1.211214953271028,2232.0,1.3906542056074769,34.05,-118.25,3.5
3.5525,7.0,5.273611111111111,1.1805555555555556,2369.0,3.290277777777778,33.9,-117.57,1.376
1.8438,29.0,3.2056962025316458,1.240506329113924,1083.0,3.4272151898734178,33.78,-118.19,1.625
5.0044,38.0,6.0251572327044025,1.2720125786163523,1332.0,2.0943396226415096,33.48,-117.76,3.812
3.375,48.0,4.790836653386454,1.049800796812749,1868.0,3.721115537848605,34.05,-118.33,2.578
3.5435,52.0,4.021638330757342,1.1035548686244203,1330.0,2.05564142194745,37.77,-122.45,2.786
4.6719,32.0,5.03781512605042,0.96218487394958,814.0,3.4201680672268906,37.36,-121.98,2.521
5.0029,26.0,5.72626931567329,0.9845474613686536,2341.0,2.5838852097130243,38.1,-122.55,2.556
3.5521,35.0,4.82532751091703,1.0829694323144106,2425.0,3.529839883551674,33.84,-117.89,1.828
2.4663,39.0,4.22020725388601,1.0958549222797926,804.0,2.082901554404145,36.6,-121.9,2.365
5.3008,16.0,6.1062124248497,0.9919839679358716,1507.0,3.0200400801603204,32.9,-116.96,1.865
2.119,18.0,4.636971046770602,1.0723830734966593,2032.0,2.2628062360801784,38.66,-121.34,1.331
4.8624,11.0,5.68,1.0447058823529412,5826.0,2.741647058823529,37.71,-121.75,1.924
3.2594,36.0,4.05958549222798,0.9378238341968912,1054.0,2.7305699481865284,33.88,-118.35,2.339
3.5388,30.0,5.050713153724248,0.9381933438985736,2082.0,3.299524564183835,32.71,-117.02,1.185
2.1719,42.0,3.823308270676692,0.9511278195488722,798.0,3.0,38.01,-121.82,0.991
3.6845,41.0,3.823293172690763,1.0321285140562249,1666.0,3.345381526104417,34.12,-118.21,1.758
4.8059,52.0,6.572815533980583,1.1019417475728157,531.0,2.5776699029126213,34.16,-118.0,2.706
2.0227,22.0,4.837837837837838,1.1317567567567568,746.0,2.52027027027027,33.87,-117.95,0.55
4.5625,25.0,5.5046728971962615,0.9626168224299064,709.0,3.3130841121495327,37.6,-120.86,1.336
4.2212,52.0,4.506696428571429,0.9330357142857144,999.0,2.2299107142857144,37.74,-122.42,2.713
1.837,27.0,4.152487961476726,1.1701444622792938,1500.0,2.407704654895666,37.96,-122.04,1.75
2.2976,32.0,3.2487046632124352,1.0336787564766838,1281.0,3.3186528497409324,33.93,-118.34,1.557
4.7685,5.0,4.331352154531946,1.0950965824665675,3959.0,1.96087171867261,37.39,-122.04,2.801
5.3363,9.0,6.284931506849315,1.0657534246575342,1142.0,3.128767123287671,38.01,-121.93,1.608
2.6719,28.0,3.884156729131176,1.039182282793867,1255.0,2.137989778534924,37.66,-122.07,1.612
6.5928,28.0,5.05730659025788,1.1174785100286533,832.0,2.383954154727794,33.62,-117.94,4.391
5.2549,28.0,4.519911504424779,0.9513274336283186,1108.0,2.4513274336283186,33.65,-117.9,2.618
4.6364,17.0,6.16986301369863,1.0356164383561643,1776.0,4.865753424657535,32.57,-117.06,1.411
4.005,48.0,5.702702702702703,1.054054054054054,539.0,2.427927927927928,34.05,-118.37,2.75
6.2135,28.0,6.408577878103838,0.9661399548532732,1372.0,3.0970654627539504,37.97,-121.99,2.172
5.7068,9.0,5.861561119293078,1.0839469808541973,1705.0,2.511045655375552,37.7,-121.76,2.567
4.7961,4.0,4.825174825174825,1.1258741258741258,755.0,2.63986013986014,33.12,-117.29,1.688
5.0756,52.0,5.4010507880910685,1.042031523642732,1324.0,2.318739054290718,37.58,-122.36,3.742
2.4848,35.0,4.760416666666667,1.0354166666666669,1738.0,3.620833333333333,35.36,-118.96,0.54
8.8693,8.0,6.307801418439716,1.0113475177304965,1680.0,2.382978723404255,33.64,-117.8,4.504
5.2015,6.0,5.69647847959754,1.0519843487982112,4377.0,2.446618222470654,38.0,-122.09,2.042
2.5313,46.0,4.816115702479339,1.0495867768595042,1210.0,2.5,37.62,-121.03,0.777
2.1518,44.0,5.1443569553805775,1.031496062992126,1286.0,3.375328083989501,36.73,-119.77,0.53
1.8125,25.0,3.782442748091603,1.0381679389312977,941.0,3.5916030534351147,36.76,-120.38,0.58
2.9821,45.0,4.481481481481482,0.925925925925926,67.0,2.4814814814814814,34.33,-118.68,3.25
6.0532,12.0,5.97153024911032,0.8576512455516014,765.0,2.7224199288256226,35.6,-117.68,1.028
5.0917,52.0,5.628458498023716,1.1422924901185771,550.0,2.1739130434782608,37.82,-122.25,2.625
4.8906,36.0,6.34703196347032,1.0502283105022832,683.0,3.1187214611872145,33.85,-118.36,3.344
5.4337,11.0,5.901162790697675,1.0116279069767442,1563.0,3.0290697674418605,36.3,-119.33,1.338
4.1304,18.0,4.674367436743674,1.0264026402640265,2047.0,2.251925192519252,34.2,-118.5,2.291
3.83,35.0,5.593283582089552,1.078358208955224,1112.0,4.149253731343284,34.03,-117.94,1.49
2.8106,26.0,4.1106719367588935,1.1067193675889329,2096.0,4.142292490118577,33.82,-118.3,1.844
4.1429,33.0,4.984025559105431,1.0063897763578276,1467.0,4.686900958466453,34.05,-117.98,1.598
4.7917,36.0,5.970223325062035,1.0818858560794045,1189.0,2.9503722084367245,37.57,-122.3,2.761
2.3,25.0,3.5812101910828025,1.0843949044585988,2621.0,4.173566878980892,33.96,-118.17,1.642
2.8958,10.0,3.5535714285714284,0.7321428571428571,61.0,1.0892857142857142,33.93,-118.37,2.458
7.7197,26.0,5.714285714285714,1.1428571428571428,52.0,7.428571428571429,37.42,-121.89,2.25
3.9118,32.0,5.527058823529412,1.0635294117647058,1479.0,3.48,33.94,-117.44,1.141
2.4271,42.0,4.344827586206897,1.0031347962382444,1163.0,3.64576802507837,33.9,-118.25,0.895
1.462,27.0,4.335329341317365,1.0239520958083832,1514.0,2.266467065868264,34.12,-117.27,0.702
5.4851,31.0,5.525651144435675,1.011838989739542,2755.0,2.1744277821625886,37.91,-122.5,4.411
7.8588,34.0,7.176678445229682,1.0547703180212014,1525.0,2.6943462897526502,34.17,-118.07,4.548
5.3922,34.0,6.362758620689656,1.033103448275862,2050.0,2.827586206896552,37.28,-121.9,3.029
3.7869,17.0,5.815927873779113,1.0525920360631105,3153.0,2.368895567242675,38.66,-121.28,2.161
5.1805,36.0,5.945132743362832,1.0548672566371682,1522.0,2.6938053097345134,33.79,-118.1,2.494
4.5428,52.0,5.283495145631068,1.050485436893204,1185.0,2.300970873786408,37.8,-122.22,2.398
2.2604,21.0,4.176360225140713,1.125703564727955,1085.0,2.0356472795497185,32.76,-117.11,1.263
2.2599,20.0,4.367307692307692,1.1576923076923078,992.0,1.907692307692308,32.75,-117.13,1.576
2.0385,47.0,5.017543859649122,0.9941520467836256,365.0,2.134502923976608,34.17,-118.35,2.25
2.1382,46.0,2.935828877005348,1.13903743315508,1510.0,4.037433155080214,34.02,-118.28,1.563
4.2241,20.0,5.630769230769231,1.0216783216783216,5094.0,3.5622377622377623,32.6,-117.04,1.398
4.0147,34.0,6.024691358024692,1.0599647266313934,1929.0,3.4021164021164023,34.58,-118.07,1.074
2.1838,27.0,9.05511811023622,2.0,526.0,2.070866141732284,38.98,-122.68,1.097
12.5381,29.0,6.888888888888889,1.2222222222222223,50.0,2.7777777777777777,33.96,-117.44,1.125
4.0878,22.0,5.046747967479675,1.0731707317073171,1478.0,3.0040650406504064,38.32,-122.32,1.644
2.3241,42.0,5.111436950146628,1.1378299120234605,889.0,2.607038123167156,38.11,-122.24,0.992
5.1645,11.0,5.358267716535433,1.0905511811023625,1565.0,3.0807086614173227,33.64,-117.67,1.641
1.5536,39.0,3.2965931863727453,1.0961923847695392,1339.0,2.6833667334669338,33.77,-118.18,1.55
2.2813,29.0,3.446397188049209,0.9929701230228472,1002.0,1.7609841827768014,32.75,-117.14,1.181
1.7167,24.0,5.4,1.273170731707317,768.0,3.7463414634146335,39.1,-121.59,0.488
2.3062,34.0,4.414814814814815,1.1185185185185185,2073.0,3.838888888888889,34.17,-118.14,1.58
3.9375,48.0,4.643939393939394,1.0909090909090908,370.0,1.4015151515151516,34.08,-118.38,4.5
2.5893,33.0,3.8908045977011496,1.0459770114942528,984.0,5.655172413793103,33.91,-118.23,0.889
4.9464,43.0,6.216949152542373,0.9898305084745764,997.0,3.3796610169491523,33.93,-118.31,1.503
3.9519,15.0,6.907496012759171,1.1148325358851674,2046.0,3.263157894736842,32.64,-116.99,1.935
2.7153,35.0,3.45928338762215,0.993485342019544,1026.0,3.342019543973941,34.0,-118.41,2.655
2.875,17.0,4.417040358744394,1.0448430493273542,811.0,3.636771300448431,32.56,-117.05,1.345
4.6719,17.0,5.980327868852459,1.140983606557377,934.0,3.062295081967213,38.48,-121.99,2.5
2.1417,31.0,2.6511627906976742,1.149501661129568,699.0,2.3222591362126246,34.43,-119.83,2.05
2.2865,38.0,4.784386617100372,1.055762081784387,1047.0,3.892193308550186,34.13,-117.31,0.655
3.0921,14.0,16.67153284671533,4.54014598540146,342.0,2.4963503649635035,37.64,-118.97,0.875
2.0962,28.0,6.4132420091324205,1.3812785388127853,1093.0,2.4954337899543377,40.28,-123.84,0.74
5.7021,15.0,6.437007874015748,0.9330708661417324,2711.0,3.557742782152231,34.0,-117.7,1.931
3.3839,36.0,5.621621621621622,0.9954954954954957,672.0,3.027027027027027,38.26,-122.06,1.059
3.3844,6.0,5.420807453416149,1.0201863354037266,2075.0,3.222049689440994,37.67,-120.93,1.385
1.85,27.0,4.039755351681957,1.033639143730887,779.0,2.382262996941896,39.4,-123.35,0.718
2.2234,19.0,2.752393980848153,1.0013679890560876,3483.0,4.764705882352941,34.2,-118.39,1.813
3.9917,17.0,4.394136807817589,1.007817589576547,2688.0,1.7511400651465798,33.63,-117.95,2.716
2.551,37.0,4.840466926070039,1.1245136186770428,1854.0,3.607003891050584,37.93,-121.29,0.591
4.0556,38.0,6.408695652173913,1.0391304347826087,1123.0,2.4413043478260867,38.67,-121.78,1.469
4.0473,5.0,4.851305334846765,1.3087400681044268,1503.0,1.706015891032917,37.93,-122.05,2.665
1.4,20.0,5.9301533219761495,1.4310051107325383,1694.0,2.885860306643952,34.52,-116.9,0.777
3.4659,31.0,5.144288577154309,1.0160320641282563,1198.0,2.400801603206413,32.78,-117.02,1.63
2.0802,22.0,5.577681874229347,1.1288532675709002,4276.0,2.636251541307028,41.61,-120.55,0.479
1.9032,15.0,4.3313953488372094,1.056201550387597,1376.0,2.6666666666666665,39.14,-123.21,1.0
5.5161,15.0,8.126016260162602,1.1666666666666667,585.0,2.3780487804878048,39.04,-121.06,3.619
3.2235,52.0,4.317596566523605,1.0772532188841202,349.0,1.497854077253219,37.8,-122.43,5.0
4.1354,52.0,5.202868852459017,1.0184426229508197,1152.0,2.360655737704918,33.82,-118.17,2.682
4.7386,21.0,5.7405405405405405,0.9675675675675676,631.0,3.4108108108108106,37.16,-121.72,3.941
2.8039,21.0,3.984918307498953,1.0724759111855886,7282.0,3.0506912442396312,34.21,-118.6,2.275
2.7917,34.0,4.4366925064599485,1.0155038759689925,1224.0,3.1627906976744184,38.55,-121.73,1.308
2.7266,45.0,4.763993948562784,0.9667170953101362,1160.0,1.7549167927382754,32.76,-117.17,3.542
0.7591,16.0,3.42,1.084,486.0,1.944,33.74,-118.28,3.5
3.18,28.0,4.27,1.0325,1694.0,2.1175,38.0,-122.54,2.77
7.0173,16.0,8.073783359497645,1.023547880690738,2209.0,3.467817896389325,33.67,-117.96,3.821
4.3,41.0,5.445468509984639,1.0721966205837177,1221.0,1.87557603686636,34.15,-118.36,5.00001
4.6042,51.0,6.66412213740458,1.025445292620865,922.0,2.346055979643766,37.73,-122.14,2.519
2.4271,42.0,4.344827586206897,1.0031347962382444,1163.0,3.64576802507837,33.9,-118.25,0.895
3.9722,21.0,17.25,3.1944444444444446,309.0,2.145833333333333,39.14,-120.16,1.278
2.6368,25.0,3.662534435261708,1.0537190082644627,2629.0,3.621212121212121,33.82,-118.3,1.759
4.9375,44.0,6.168776371308017,1.0126582278481011,562.0,2.371308016877637,33.97,-118.42,3.652
1.5195,42.0,2.3997539975399755,1.040590405904059,2500.0,3.075030750307503,34.09,-118.31,2.182
4.1845,13.0,4.957166392092257,0.9686985172981878,1439.0,2.370675453047776,34.26,-119.2,1.995
3.8304,52.0,5.395437262357414,1.0779467680608366,1411.0,2.682509505703422,37.73,-122.44,2.614
3.5,14.0,5.5528455284552845,1.0785907859078592,1071.0,2.902439024390244,38.16,-121.32,2.408
4.0905,18.0,5.401213755900202,1.0377612946729602,3982.0,2.685097774780849,34.27,-119.17,2.365
3.9741,15.0,6.645652173913043,1.108695652173913,1154.0,2.508695652173913,34.06,-117.14,1.411
4.7813,5.0,5.703994760969221,1.0569744597249509,4372.0,2.863130320890636,32.75,-116.91,2.409
5.1626,40.0,6.067193675889328,1.1264822134387351,1264.0,2.49802371541502,33.83,-118.38,4.327
4.125,5.0,5.734177215189874,1.1835443037974684,1453.0,9.19620253164557,33.93,-118.07,1.719
2.7961,10.0,4.352441613588111,1.0042462845010616,1302.0,2.764331210191082,33.2,-117.25,1.313
2.5474,40.0,4.8879551820728295,1.0364145658263306,1293.0,3.6218487394957983,34.09,-118.07,1.981
2.0227,22.0,4.837837837837838,1.1317567567567568,746.0,2.52027027027027,33.87,-117.95,0.55
2.8015,12.0,4.467041389882473,1.080224833929484,4854.0,2.4803270311701584,33.13,-117.06,1.435
7.2779,16.0,5.351851851851852,0.9166666666666666,455.0,2.1064814814814814,37.35,-122.03,2.929
4.7708,52.0,6.727699530516432,1.0751173708920188,612.0,2.8732394366197185,37.81,-122.23,3.147
6.5116,16.0,6.157303370786517,0.9400749063670412,1033.0,3.868913857677904,37.58,-122.07,2.443
6.0704,26.0,7.359090909090909,1.018181818181818,706.0,3.209090909090909,37.94,-122.01,2.68
6.1825,27.0,6.756637168141593,0.9734513274336284,756.0,3.345132743362832,34.3,-118.7,2.27
2.1,17.0,4.335740072202166,0.967509025270758,555.0,2.003610108303249,39.51,-122.22,0.669
1.64,45.0,4.224043715846994,1.0136612021857925,1186.0,3.240437158469945,33.97,-118.27,0.968
8.0287,11.0,8.007211538461538,0.9855769230769232,1460.0,3.5096153846153846,33.92,-117.85,3.718
5.6918,12.0,12.910485933503836,2.153452685421995,883.0,2.258312020460358,33.67,-116.29,2.313
2.9621,52.0,3.9790794979079496,1.0209205020920502,848.0,1.7740585774058577,34.08,-118.36,1.75
0.9573,19.0,2.951219512195122,1.0,658.0,16.048780487804876,37.64,-121.0,1.625
2.8106,26.0,4.1106719367588935,1.1067193675889329,2096.0,4.142292490118577,33.82,-118.3,1.844
3.5769,41.0,4.94,1.1,925.0,18.5,34.07,-118.16,1.357
4.75,44.0,5.726114649681529,1.124203821656051,835.0,2.659235668789809,34.0,-118.44,3.558
2.0625,44.0,4.056022408963585,1.100840336134454,1066.0,2.985994397759104,37.01,-121.57,1.703
1.9464,16.0,4.4646464646464645,0.9629629629629628,509.0,1.713804713804714,37.79,-121.18,1.125
5.5266,12.0,7.1404682274247495,1.0936454849498327,1624.0,2.7157190635451505,38.41,-122.21,3.313
5.1545,37.0,4.540372670807454,0.9503105590062112,678.0,2.1055900621118013,34.43,-119.7,4.184
2.5868,16.0,5.617414248021108,1.108179419525066,932.0,2.45910290237467,34.11,-117.64,1.469
3.93,11.0,6.474264705882353,1.1452205882352942,1456.0,2.676470588235294,38.81,-121.04,1.634
2.3,23.0,4.305699481865285,0.9766839378238342,1318.0,3.414507772020725,32.58,-117.1,1.208
3.6534,46.0,5.297709923664122,1.1145038167938932,1047.0,2.66412213740458,34.18,-118.52,2.16
2.4444,36.0,6.154121863799283,1.2473118279569892,1054.0,3.7777777777777777,34.16,-117.35,0.734
3.7011,34.0,4.637931034482759,0.913793103448276,834.0,2.875862068965517,34.1,-117.43,0.995
4.2143,37.0,5.288235294117647,0.973529411764706,860.0,2.5294117647058822,33.81,-118.12,2.285
5.8792,17.0,5.51031894934334,1.046904315196998,1662.0,3.118198874296436,37.4,-121.97,2.555
4.125,36.0,5.748971193415638,1.1893004115226338,661.0,2.720164609053498,37.09,-122.12,2.396
3.2371,33.0,4.289699570815451,1.0085836909871244,2170.0,4.656652360515022,33.92,-118.05,1.547
4.6094,52.0,6.185542168674699,1.0506024096385542,1119.0,2.6963855421686747,37.76,-122.24,2.293
1.2232,31.0,4.405882352941177,1.0558823529411765,1168.0,3.4352941176470586,35.36,-118.99,0.493
7.916,23.0,8.572538860103627,1.038860103626943,1116.0,2.89119170984456,32.8,-117.05,3.306
3.7102,22.0,4.764568764568764,0.9370629370629372,1925.0,4.487179487179487,37.31,-121.82,1.775
3.0054,17.0,4.885864793678666,1.0860403863037753,3004.0,2.637401229148376,33.11,-117.07,1.423
4.5399,52.0,4.898601398601398,1.0874125874125875,954.0,1.667832167832168,37.8,-122.43,5.00001
5.012,41.0,3.902325581395349,0.8837209302325582,419.0,1.9488372093023256,37.53,-122.29,3.682
2.3108,28.0,5.134357005758157,1.0115163147792707,1392.0,2.671785028790787,36.76,-119.71,0.72
3.809,7.0,5.840938722294655,1.0117340286831813,2271.0,2.960886571056063,39.16,-121.62,1.107
4.1964,40.0,5.819672131147541,1.169398907103825,605.0,3.3060109289617485,34.26,-118.3,1.859
3.4706,20.0,5.274253731343284,1.0335820895522387,1822.0,3.399253731343284,32.8,-117.17,1.576
2.7344,23.0,5.96415770609319,1.2724014336917562,629.0,2.254480286738352,35.39,-120.86,1.883
4.0179,18.0,4.442906574394463,0.9792387543252596,990.0,3.42560553633218,33.97,-118.36,1.958
3.6437,2.0,3.319559228650138,1.2892561983471074,577.0,1.5895316804407713,37.78,-122.43,2.75
3.9286,10.0,3.4014466546112114,1.0325497287522605,1769.0,3.1989150090415914,33.81,-118.27,1.14
4.5,36.0,6.332185886402754,1.0550774526678142,1366.0,2.351118760757315,37.66,-121.01,1.514
2.5333,5.0,3.7142857142857135,1.3928571428571428,132.0,2.357142857142857,35.23,-115.75,0.75
5.0,44.0,6.388429752066116,0.9917355371900828,405.0,3.347107438016529,34.11,-118.04,4.471
3.5547,25.0,6.172413793103448,1.091954022988506,882.0,3.3793103448275863,37.49,-120.82,1.224
10.0973,25.0,7.307420494699647,1.0,3392.0,2.9964664310954063,33.74,-118.35,5.00001
2.2,20.0,4.303317535545023,0.976303317535545,481.0,2.279620853080569,39.75,-121.59,0.808
3.8615,26.0,4.993610223642173,0.9137380191693292,1145.0,3.65814696485623,32.61,-117.05,1.393
2.286,38.0,3.5962732919254656,0.9596273291925466,1051.0,3.263975155279504,34.11,-118.19,1.693
2.3603,27.0,4.07183908045977,1.0718390804597702,814.0,2.339080459770115,32.58,-117.13,1.953
5.3799,4.0,7.944629014396456,1.1877076411960132,5839.0,3.233111849390919,34.63,-118.22,2.224
2.053,31.0,2.348333333333333,1.0433333333333332,4126.0,3.438333333333333,34.05,-118.29,2.292
3.125,19.0,4.2,1.0621621621621622,1427.0,3.8567567567567567,34.07,-118.07,2.071
5.1674,20.0,5.154491017964072,1.0191616766467066,2059.0,2.465868263473054,37.35,-122.0,3.33
5.8704,17.0,6.314565483476132,1.018359853121175,3174.0,3.884944920440637,37.6,-122.06,2.344
5.2719,46.0,5.406698564593301,1.0956937799043065,698.0,3.339712918660287,34.07,-118.11,2.444
2.5986,11.0,4.264253393665158,0.9936651583710407,5982.0,5.4135746606334845,36.69,-121.62,1.357
1.0333,18.0,3.651376146788991,1.0412844036697249,547.0,2.5091743119266057,34.04,-118.2,1.354
2.8167,36.0,3.4476386036960984,0.9917864476386036,2249.0,4.618069815195072,33.95,-118.22,1.604
5.2088,52.0,5.76008064516129,0.9455645161290324,1431.0,2.8850806451612905,37.73,-122.46,3.442
5.8151,6.0,6.402616279069767,1.0421511627906976,2071.0,3.010174418604651,37.58,-122.0,2.956
4.2292,33.0,5.841911764705882,1.1286764705882353,853.0,3.136029411764706,34.99,-117.68,0.644
1.2625,40.0,4.61244019138756,1.1004784688995215,742.0,3.550239234449761,37.95,-121.32,0.43
2.975,43.0,4.111111111111111,1.0541310541310542,2086.0,1.9810066476733144,37.77,-122.25,2.434
4.5245,14.0,5.874680306905371,0.989769820971867,2474.0,3.163682864450128,38.71,-121.32,1.275
7.3672,47.0,5.978456014362657,1.021543985637343,1220.0,2.190305206463196,33.75,-118.12,5.00001
2.775,50.0,2.9743589743589745,1.329059829059829,382.0,1.6324786324786325,33.83,-118.31,2.25
5.3755,20.0,7.09375,1.03125,601.0,2.6830357142857144,38.13,-122.59,2.909
4.1344,36.0,4.115839243498818,0.9739952718676124,1245.0,2.9432624113475176,33.9,-118.32,2.103
3.3906,44.0,4.258928571428571,0.8125,220.0,1.9642857142857144,34.18,-118.39,2.238
5.0453,33.0,5.731808731808732,1.0166320166320166,1201.0,2.496881496881497,37.37,-122.04,3.116
4.4762,30.0,6.247685185185185,1.0717592592592593,2672.0,3.092592592592593,33.94,-117.55,1.639
3.8864,29.0,5.16,1.1175,1265.0,3.1625,33.85,-118.01,2.093
1.8933,18.0,5.851063829787234,1.3368794326241136,675.0,2.393617021276596,40.85,-123.13,0.847
6.0582,39.0,4.536082474226804,0.8556701030927835,270.0,2.783505154639175,37.97,-121.2,1.577
6.6073,17.0,6.771498771498772,0.9398034398034398,2734.0,3.3587223587223587,34.29,-118.75,2.581
4.625,52.0,5.3681592039801,1.1044776119402986,439.0,2.18407960199005,34.09,-118.27,2.308
6.8233,18.0,7.228915662650603,1.0096385542168675,1155.0,2.783132530120482,37.67,-122.04,3.326
2.3824,27.0,4.533795493934142,1.024263431542461,1889.0,3.2738301559792027,32.58,-117.1,1.276
3.6477,15.0,8.33495145631068,1.6310679611650485,501.0,2.4320388349514563,40.3,-121.09,1.134
3.6607,45.0,5.407476635514018,1.0654205607476634,1923.0,3.594392523364486,37.72,-122.39,1.923
1.9125,44.0,4.969230769230769,1.21978021978022,1348.0,2.9626373626373628,33.98,-118.29,0.972
6.0661,24.0,6.329787234042553,0.9817629179331308,2194.0,3.3343465045592704,34.27,-119.17,2.348
1.7546,52.0,4.733333333333333,1.0466666666666666,1085.0,3.616666666666666,37.76,-122.21,0.806
1.2917,43.0,3.831034482758621,0.9275862068965516,613.0,2.113793103448276,38.61,-121.46,0.663
1.2292,36.0,4.833333333333333,1.0555555555555556,285.0,3.1666666666666665,38.59,-121.55,0.696
2.3804,37.0,6.238970588235294,1.2279411764705883,740.0,2.7205882352941178,34.64,-120.46,1.48
11.0567,5.0,9.636036036036035,1.1873873873873877,1862.0,3.354954954954955,33.6,-117.58,4.954
2.1955,46.0,5.695020746887967,1.1265560165975104,1423.0,2.9522821576763487,35.13,-119.46,0.269
5.0736,41.0,5.382739212007505,1.0562851782363978,1627.0,3.052532833020638,34.11,-118.07,2.707
3.0625,52.0,6.108958837772397,1.1138014527845037,1167.0,2.8256658595641646,33.96,-118.31,1.274
2.3844,13.0,5.333333333333333,1.0207156308851224,1065.0,2.005649717514124,33.22,-117.28,0.986
3.3074,34.0,5.71578947368421,0.9842105263157894,663.0,3.4894736842105263,38.68,-121.37,0.842
5.6327,18.0,6.759916492693111,1.129436325678497,2413.0,2.518789144050104,34.17,-118.58,5.00001
3.0907,13.0,5.743537414965987,1.1863945578231292,4885.0,3.32312925170068,33.92,-117.27,1.272
2.2328,52.0,3.665148063781321,1.1617312072892938,1155.0,2.630979498861048,37.75,-122.42,2.5
2.2755,21.0,4.064606741573034,0.9620786516853932,2109.0,2.962078651685393,32.58,-117.11,1.25
2.3068,12.0,4.145092460881934,1.0440967283072546,2104.0,2.992887624466572,32.72,-117.01,1.323
6.91,40.0,4.920454545454546,1.0284090909090908,399.0,2.2670454545454546,34.08,-118.6,3.8
3.7986,38.0,5.35799522673031,1.0596658711217184,1540.0,3.675417661097852,34.01,-118.07,1.71
5.237,32.0,6.187817258883249,0.9746192893401016,634.0,3.218274111675127,33.8,-117.95,2.157
3.7171,39.0,4.7631578947368425,1.0210526315789474,839.0,2.207894736842105,34.18,-118.45,2.288
3.3864,45.0,4.824175824175824,1.0615384615384615,1265.0,2.78021978021978,34.08,-118.36,3.979
2.7656,17.0,12.7421875,2.6171875,285.0,2.2265625,37.78,-119.08,1.3
6.3199,23.0,6.909407665505227,0.975609756097561,978.0,3.407665505226481,34.3,-118.71,2.367
4.1488,37.0,5.616901408450704,0.9774647887323944,782.0,2.202816901408451,38.61,-121.4,1.364
2.0242,36.0,4.967105263157895,1.0328947368421053,625.0,4.1118421052631575,34.06,-117.33,0.65
4.2562,45.0,5.747448979591836,1.0994897959183674,1382.0,3.5255102040816326,37.71,-122.45,2.216
2.2206,34.0,5.433962264150943,1.0075471698113208,1018.0,3.841509433962264,36.62,-119.5,0.634
5.0224,52.0,5.064327485380117,1.1988304093567252,587.0,3.432748538011696,37.73,-122.44,2.619
3.1486,14.0,5.218340611353712,0.960698689956332,568.0,2.480349344978166,36.33,-119.35,1.056
6.0289,23.0,7.289029535864979,1.010548523206751,1375.0,2.9008438818565403,37.98,-122.27,2.186
2.7468,14.0,6.500729927007299,1.1635036496350364,1817.0,2.652554744525548,41.54,-122.38,0.811
4.6118,35.0,5.812371134020618,1.090721649484536,1508.0,3.109278350515464,34.07,-117.96,1.917
5.8151,52.0,6.853448275862069,1.0172413793103448,622.0,2.681034482758621,37.75,-122.46,5.00001
4.6923,37.0,5.271493212669683,0.9502262443438914,627.0,2.83710407239819,33.95,-118.01,1.81
4.0547,52.0,4.787878787878788,1.0212121212121212,1425.0,4.318181818181818,37.71,-122.46,2.462
4.35,21.0,5.93687707641196,0.9667774086378738,988.0,3.2823920265780733,38.47,-121.43,0.962
4.0583,32.0,5.593220338983051,1.071186440677966,904.0,3.064406779661017,37.72,-122.41,2.362
5.1995,35.0,4.418103448275862,1.043103448275862,388.0,1.6724137931034482,37.45,-122.17,5.00001
1.3708,8.0,3.88957055214724,1.030674846625767,1237.0,3.794478527607362,39.53,-122.23,1.25
3.6378,17.0,5.432075471698113,1.0226415094339625,1802.0,3.4,37.81,-121.22,1.261
2.824,36.0,4.467775467775468,1.0956340956340955,1359.0,2.8253638253638256,33.97,-118.03,1.679
6.1401,23.0,6.305799648506151,1.0140597539543057,1695.0,2.978910369068541,33.61,-117.67,2.432
0.7286,46.0,3.375451263537906,1.072202166064982,582.0,2.101083032490975,37.81,-122.29,0.952
3.5909,52.0,5.488997555012225,1.039119804400978,1091.0,2.667481662591687,37.76,-122.49,3.312
3.9727,33.0,4.531972789115646,1.0571428571428572,1695.0,2.306122448979592,33.98,-118.41,3.072
2.9688,19.0,3.363302752293578,1.055045871559633,2657.0,2.4376146788990827,34.2,-118.45,2.021
3.1189,43.0,5.055865921787709,0.9972067039106144,1335.0,3.7290502793296088,33.9,-118.21,1.188
2.8269,34.0,4.285266457680251,1.031347962382445,796.0,2.4952978056426334,35.5,-119.27,0.611
5.8221,36.0,5.7913669064748206,1.0071942446043165,445.0,3.2014388489208634,37.56,-122.29,2.894
5.9714,35.0,6.23015873015873,1.0158730158730158,1248.0,3.3015873015873014,37.31,-122.02,3.325
3.9798,31.0,4.7073170731707314,1.1121951219512196,1002.0,2.44390243902439,34.0,-118.42,4.586
9.7912,44.0,7.036290322580645,0.9556451612903226,693.0,2.794354838709677,34.13,-118.1,5.00001
1.9704,35.0,3.504012841091493,1.0208667736757624,3504.0,5.624398073836276,34.2,-119.16,1.603
4.9702,14.0,6.546933667083855,1.0225281602002505,2634.0,3.2966207759699624,36.98,-121.57,2.798
2.5947,29.0,3.217815741305674,0.9914582062233068,6234.0,3.8035387431360586,37.34,-121.86,1.773
4.1947,26.0,4.974960876369327,1.1001564945226916,2142.0,3.352112676056338,37.53,-121.98,2.227
2.8819,33.0,5.022779043280182,1.031890660592255,1138.0,2.592255125284738,33.19,-117.37,2.086
4.2414,52.0,5.68956043956044,0.9945054945054944,825.0,2.2664835164835164,37.3,-121.89,2.848
3.5637,40.0,4.414388489208633,1.087769784172662,1190.0,1.712230215827338,34.15,-118.34,4.974
5.2903,20.0,6.550161812297735,1.0129449838187703,879.0,2.8446601941747574,38.89,-121.15,2.394
2.7232,35.0,5.385416666666667,1.1145833333333333,857.0,2.9756944444444446,39.01,-123.36,1.154
2.0368,37.0,5.662650602409639,1.2650602409638554,522.0,6.289156626506024,34.17,-119.11,2.438
3.9261,12.0,5.657303370786517,1.0449438202247192,1027.0,2.884831460674157,35.63,-117.76,1.013
3.3869,30.0,5.135384615384615,0.966153846153846,837.0,2.5753846153846154,36.55,-119.39,0.804
4.3036,52.0,5.763333333333334,1.0633333333333332,890.0,2.966666666666667,37.72,-122.45,2.618
2.6036,44.0,3.9505494505494494,1.0472527472527473,1831.0,2.012087912087912,37.97,-122.53,2.875
5.0369,12.0,5.624233128834356,0.98159509202454,2173.0,3.3328220858895707,37.81,-121.21,1.639
2.0995,15.0,3.430830039525692,0.9644268774703556,1133.0,4.478260869565218,34.93,-120.44,0.875
4.7,36.0,6.0201005025125625,1.0577889447236182,1064.0,2.6733668341708543,34.21,-118.51,2.236
3.5735,16.0,5.080419580419581,1.0454545454545454,904.0,3.160839160839161,39.79,-121.97,0.896
4.0812,45.0,5.023076923076923,1.126923076923077,585.0,2.25,33.88,-117.93,2.417
2.0984,44.0,3.9573560767590616,1.0511727078891258,1374.0,2.929637526652452,34.05,-118.35,1.58
1.7813,33.0,4.356435643564357,1.0,1048.0,3.458745874587459,39.13,-123.16,0.947
3.8062,25.0,4.557692307692308,0.8846153846153846,300.0,2.8846153846153846,37.06,-121.37,3.409
3.8529,12.0,5.95326278659612,1.0167548500881831,3266.0,2.880070546737213,34.0,-117.48,1.455
4.5062,20.0,4.336134453781512,0.96218487394958,658.0,2.764705882352941,37.39,-121.96,2.193
4.6583,30.0,5.2742759795570695,1.06984667802385,1676.0,2.8551959114139693,33.93,-118.15,2.073
2.5363,30.0,4.505235602094241,1.044502617801047,1878.0,4.9162303664921465,37.62,-121.02,0.839
2.8,43.0,4.302521008403361,1.03921568627451,1256.0,3.518207282913165,37.35,-121.86,1.533
4.5726,32.0,5.864457831325301,1.069277108433735,1786.0,5.379518072289157,33.73,-117.88,1.775
1.8814,43.0,3.866220735785953,0.9732441471571908,1074.0,3.591973244147157,33.95,-118.27,0.949
4.1603,17.0,4.3907284768211925,0.9072847682119204,1401.0,3.0927152317880795,33.7,-117.98,1.605
1.2617,15.0,5.311827956989247,1.211469534050179,1059.0,3.795698924731183,35.36,-118.98,0.427
2.543,37.0,4.550314465408805,1.0361635220125789,1977.0,3.108490566037736,34.08,-118.1,2.081
5.454,52.0,5.339534883720931,0.9953488372093025,481.0,2.237209302325581,32.73,-117.13,2.409
3.0132,47.0,5.606217616580311,1.0259067357512954,455.0,2.357512953367876,34.03,-118.32,2.232
3.209,14.0,7.239942528735632,1.9727011494252875,1298.0,1.8649425287356325,33.14,-117.38,3.133
4.1071,11.0,5.813953488372093,1.0105708245243128,2827.0,2.988372093023256,38.67,-121.21,1.458
3.75,23.0,5.3968804159445405,1.0571923743500866,2045.0,3.5441941074523395,33.79,-117.81,2.119
3.4063,28.0,5.488372093023256,1.1395348837209305,812.0,3.147286821705426,38.99,-123.39,1.094
2.7907,29.0,5.097259062776304,1.0344827586206895,3266.0,2.887709991158267,38.02,-121.94,1.139
4.6042,20.0,5.106481481481482,1.0601851851851851,926.0,2.1435185185185186,37.82,-122.0,2.564
3.267,21.0,5.230379746835443,0.9949367088607596,919.0,2.3265822784810126,38.48,-122.66,1.762
3.319,32.0,5.265033407572383,0.977728285077951,1331.0,2.964365256124722,38.5,-121.49,0.845
3.3125,39.0,5.589506172839506,1.1496913580246917,1330.0,2.052469135802469,33.83,-118.18,4.255
3.3545,24.0,4.25402144772118,1.0375335120643432,2945.0,1.9738605898123325,34.17,-118.4,2.215
4.3269,35.0,6.648809523809524,1.0773809523809523,496.0,2.952380952380953,33.82,-117.95,2.247
2.6429,47.0,4.09375,1.0859375,790.0,2.0572916666666665,34.43,-119.71,2.792
3.2415,32.0,5.230235783633842,1.027739251040222,1786.0,2.4771151178918167,38.44,-122.67,1.722
2.9915,20.0,4.394241417497232,1.0310077519379846,2629.0,2.91140642303433,37.97,-122.03,1.667
1.7206,27.0,4.505154639175258,1.11340206185567,469.0,4.835051546391752,34.05,-117.75,1.075
3.0375,48.0,4.575221238938053,1.095132743362832,946.0,2.0929203539823007,37.34,-121.93,2.185
5.0254,36.0,5.774193548387097,0.9919354838709676,388.0,3.129032258064516,33.79,-118.34,3.5
5.7117,16.0,5.774881516587678,1.037914691943128,986.0,2.3364928909952605,33.69,-117.98,2.472
2.8182,22.0,5.302040816326531,0.9836734693877552,1151.0,2.3489795918367347,39.76,-121.63,1.097
4.0197,10.0,6.845819761129207,1.248642779587405,2597.0,2.819761129207383,38.71,-120.62,1.322
8.0922,15.0,7.2477558348294435,1.052064631956912,1596.0,2.865350089766607,36.52,-121.69,3.901
3.1641,18.0,5.477203647416413,1.0182370820668694,1110.0,3.3738601823708207,37.55,-120.8,0.963
3.5744,31.0,4.163120567375887,1.0480693459416863,2659.0,2.095350669818755,37.76,-122.45,5.0
3.9054,7.0,5.655263157894737,1.050657894736842,4893.0,3.219078947368421,35.3,-119.01,0.809
4.4551,16.0,5.260649087221095,1.028397565922921,1512.0,1.5334685598377282,37.86,-122.06,2.524
2.1588,34.0,4.79083094555874,1.0286532951289398,1059.0,3.034383954154728,35.37,-118.95,0.613
2.2326,36.0,3.933712121212121,0.9393939393939394,1206.0,2.284090909090909,34.18,-118.44,2.21
5.6346,36.0,6.154205607476635,1.0654205607476634,531.0,2.481308411214953,33.72,-117.6,2.725
5.3787,42.0,6.905882352941177,1.2901960784313726,480.0,1.8823529411764703,32.85,-117.26,5.00001
5.5105,26.0,6.7053941908713695,1.2116182572614107,700.0,2.904564315352697,33.68,-117.97,2.321
2.6,43.0,4.734883720930233,1.213953488372093,736.0,3.4232558139534883,34.12,-117.3,0.669
4.5625,42.0,6.962962962962963,1.1851851851851851,220.0,2.716049382716049,34.17,-118.85,3.188
5.5127,34.0,5.567049808429119,1.0421455938697315,1282.0,2.4559386973180075,37.25,-121.95,2.682
3.4911,6.0,7.593360995850622,1.3402489626556016,1243.0,2.578838174273859,35.08,-118.61,1.372
4.1912,52.0,5.763285024154589,0.966183574879227,506.0,2.4444444444444446,37.88,-122.28,2.545
2.6654,52.0,5.0091324200913245,1.1506849315068493,997.0,2.276255707762557,34.05,-118.34,2.594
4.8125,31.0,4.684331797235023,1.095622119815668,1532.0,1.7649769585253456,34.04,-118.49,5.00001
2.8214,40.0,3.771317829457365,1.054263565891473,1257.0,4.872093023255814,33.98,-118.19,1.58
4.2159,18.0,5.705555555555556,1.1444444444444444,436.0,2.422222222222222,33.65,-117.98,2.113
4.505,32.0,3.5763546798029555,1.0049261083743843,538.0,2.65024630541872,37.38,-122.01,2.304
4.1029,33.0,4.9125,0.95,330.0,4.125,32.58,-117.1,1.227
3.6736,23.0,5.556574923547401,0.9877675840978594,1371.0,4.192660550458716,32.57,-117.09,1.395
6.1463,6.0,7.181262729124236,1.1384928716904277,1378.0,2.806517311608961,37.3,-121.76,3.355
3.5039,19.0,5.0233644859813085,1.1191588785046729,1052.0,2.457943925233645,36.48,-121.7,2.884
4.3864,32.0,6.58312020460358,1.0869565217391304,1099.0,2.81074168797954,39.12,-121.63,1.175
3.3643,52.0,4.161592505854801,1.1381733021077285,932.0,2.1826697892271665,37.8,-122.42,4.2
5.0832,29.0,6.045918367346939,1.0051020408163265,588.0,3.0,34.1,-117.86,1.969
9.9055,19.0,9.830769230769231,1.1692307692307693,822.0,3.1615384615384614,33.81,-117.82,4.569
4.85,34.0,5.35693215339233,0.9882005899705014,872.0,2.5722713864306783,34.0,-118.4,3.294
3.7734,48.0,5.300829875518672,1.1369294605809128,1285.0,2.66597510373444,37.75,-122.48,3.147
3.7206,12.0,6.469302809573361,1.060353798126951,3771.0,3.924037460978148,38.04,-121.35,1.46
5.8659,52.0,6.399317406143345,1.0341296928327646,735.0,2.508532423208191,34.11,-118.31,4.333
4.0452,11.0,3.474464579901153,0.9752883031301482,2744.0,4.520593080724876,37.36,-121.85,2.059
1.4646,9.0,4.514150943396227,1.1580188679245282,1116.0,2.6320754716981134,36.73,-119.72,0.659
3.5341,25.0,6.012953367875648,1.0310880829015543,1434.0,3.715025906735751,32.7,-117.01,1.208
4.0938,37.0,5.979591836734694,1.046382189239332,1325.0,2.458256029684601,38.13,-122.24,1.269
2.575,15.0,5.828196347031963,1.1386986301369864,5656.0,3.228310502283105,38.49,-121.46,1.079
9.5908,37.0,4.352941176470588,1.1176470588235294,63.0,3.7058823529411766,37.14,-121.98,3.5
7.2419,38.0,7.173684210526316,1.0473684210526315,1059.0,2.786842105263158,34.17,-118.06,4.104
2.125,21.0,5.146067415730337,1.0898876404494382,451.0,2.533707865168539,40.01,-122.13,0.633
6.4755,36.0,5.81294964028777,1.0023980815347722,1123.0,2.693045563549161,34.01,-118.45,4.058
2.3438,18.0,4.970394736842105,1.0361842105263157,1062.0,3.4934210526315788,38.61,-121.48,0.894
3.4505,30.0,4.531553398058253,0.9866504854368932,1834.0,2.2257281553398056,37.29,-121.95,2.6
6.359,32.0,6.627329192546584,1.0186335403726707,903.0,2.8043478260869565,37.3,-122.02,3.419
3.12,23.0,5.366492146596858,1.0732984293193717,263.0,1.3769633507853405,37.86,-122.07,1.55
3.0192,19.0,4.917888563049853,1.0249266862170088,1948.0,2.8563049853372435,32.79,-116.93,1.423
2.9583,20.0,5.490566037735849,1.10062893081761,422.0,2.6540880503144653,34.92,-118.27,0.917
3.5652,14.0,6.838983050847458,1.38135593220339,1000.0,2.824858757062147,39.32,-120.17,1.198
8.3837,6.0,8.063268892794376,1.055360281195079,3637.0,3.195957820738137,37.18,-121.84,4.734
1.1471,14.0,6.44131455399061,1.812206572769953,436.0,2.0469483568075115,36.0,-116.22,0.329
5.5647,31.0,5.435658914728682,1.012403100775194,2296.0,3.55968992248062,37.68,-122.48,2.687
3.7214,42.0,5.022413793103448,0.9948275862068966,1873.0,3.2293103448275864,37.37,-121.82,1.679
3.1304,44.0,4.181208053691275,1.0251677852348993,1951.0,3.273489932885906,34.15,-117.99,1.856
2.2656,23.0,6.690789473684211,1.4342105263157894,387.0,2.546052631578948,39.9,-120.74,0.882
1.9,44.0,4.726775956284153,1.1366120218579234,537.0,2.9344262295081966,34.03,-118.35,1.109
2.9541,15.0,5.520370370370371,1.1574074074074074,1694.0,3.137037037037037,34.71,-117.76,1.067
4.6985,12.0,5.702054794520548,1.0273972602739727,1577.0,2.7003424657534247,34.27,-118.8,2.641
5.5284,37.0,5.46360153256705,0.992337164750958,689.0,2.6398467432950192,34.0,-118.41,3.31
3.3445,31.0,5.281739130434783,0.982608695652174,1834.0,3.1895652173913045,34.13,-117.21,0.929
4.6611,16.0,5.840449438202247,0.9662921348314608,1417.0,3.1842696629213485,36.95,-121.82,3.493
4.0938,35.0,5.293532338308458,1.0099502487562189,608.0,3.024875621890548,34.04,-118.12,2.469
2.6429,33.0,4.494565217391305,1.0434782608695652,981.0,5.331521739130435,34.25,-118.41,1.431
2.6875,13.0,6.154241645244216,1.1773778920308484,1177.0,3.025706940874036,36.3,-119.34,0.744
8.1001,27.0,7.301455301455301,0.9812889812889812,1391.0,2.891891891891892,33.67,-117.93,3.365
2.625,20.0,5.53125,1.3125,231.0,2.40625,38.71,-122.64,0.896
2.6094,19.0,14.740437158469945,3.333333333333333,981.0,2.680327868852459,34.26,-116.85,0.924
3.5905,37.0,4.007352941176471,1.0465686274509804,1027.0,2.517156862745098,34.42,-119.72,2.647
3.6167,29.0,3.186147186147186,1.0043290043290043,584.0,2.528138528138528,33.92,-118.35,2.0
4.05,34.0,4.191489361702128,0.9361702127659576,152.0,3.234042553191489,37.33,-121.9,2.0
15.0,19.0,7.626262626262626,0.9393939393939394,267.0,2.696969696969697,37.25,-121.98,5.00001
3.8616,8.0,6.19,1.088,2967.0,2.967,38.55,-122.82,1.951
2.3929,15.0,4.493796526054591,1.0074441687344913,718.0,1.781637717121588,38.46,-122.68,1.413
3.663,5.0,5.158536585365853,1.2134146341463414,814.0,2.481707317073171,37.72,-122.17,1.583
5.123,25.0,5.841509433962264,1.0528301886792453,732.0,2.762264150943396,33.82,-118.05,1.596
1.6009,39.0,5.12183908045977,1.2459770114942528,1516.0,3.485057471264368,35.39,-118.99,0.488
4.0467,8.0,6.05985401459854,1.0664233576642337,5155.0,3.762773722627737,33.9,-117.22,1.215
7.0422,52.0,7.045454545454546,1.0909090909090908,967.0,2.585561497326203,37.57,-122.34,5.00001
6.0088,36.0,5.3752808988764045,0.997752808988764,1346.0,3.0247191011235954,33.89,-118.34,2.459
4.4375,43.0,5.710344827586207,1.0413793103448277,446.0,3.075862068965517,37.3,-121.91,3.276
3.2093,32.0,4.788405797101449,1.0347826086956522,2032.0,2.944927536231884,33.98,-118.07,1.678
2.8594,20.0,4.151458137347131,1.118532455315146,4818.0,4.532455315145814,33.76,-117.91,2.151
3.0903,42.0,3.4307692307692306,0.913846153846154,1412.0,4.344615384615385,33.94,-118.22,1.535
4.3194,34.0,5.225490196078432,0.9607843137254902,819.0,2.676470588235294,34.22,-118.56,1.97
2.3812,21.0,3.725,1.075,686.0,1.715,33.88,-118.31,2.375
1.6429,46.0,3.8341625207296848,1.0364842454394694,1552.0,2.57379767827529,34.03,-118.33,1.25
4.1581,22.0,6.3585118376550165,1.0022547914317923,3157.0,3.5591882750845545,34.12,-117.35,1.265
4.9028,14.0,6.372151898734177,1.008860759493671,2124.0,2.688607594936709,37.1,-121.63,3.35
2.9044,52.0,4.404282115869018,1.0478589420654911,1493.0,1.880352644836272,37.86,-122.26,2.574
3.0687,34.0,4.08029197080292,1.0145985401459854,532.0,3.883211678832117,33.94,-117.47,0.885
5.2067,21.0,5.695652173913044,1.020703933747412,1432.0,2.9648033126294,34.29,-118.71,2.212
5.5773,5.0,7.36214953271028,1.1261682242990654,1335.0,3.119158878504673,35.63,-117.69,1.09
3.3702,52.0,4.576744186046511,1.0976744186046512,784.0,1.8232558139534885,37.76,-122.44,3.7
7.3195,37.0,7.506769825918762,1.0831721470019342,1315.0,2.5435203094777563,37.89,-122.2,3.675
2.5562,43.0,6.072463768115942,1.1594202898550725,1056.0,3.8260869565217392,36.65,-119.53,0.932
2.5333,5.0,3.7142857142857135,1.3928571428571428,132.0,2.357142857142857,35.23,-115.75,0.75
2.0446,9.0,4.035335689045937,1.1095406360424027,620.0,2.190812720848057,36.77,-119.85,0.813
3.5441,14.0,5.980535279805353,1.0535279805352795,1352.0,3.289537712895377,35.37,-118.87,0.87
3.2042,11.0,5.852713178294573,0.9870801033591732,1285.0,3.3204134366925064,36.07,-119.07,0.762
2.4861,25.0,5.834123222748815,1.1374407582938388,658.0,3.118483412322275,39.5,-122.53,0.719
7.8347,45.0,7.251833740831296,1.0146699266503667,1231.0,3.0097799511002443,34.12,-118.09,5.00001
4.9222,7.0,6.279615795090715,1.0101387406616862,6657.0,3.5522945570971185,38.25,-122.0,1.429
3.8506,22.0,4.944845699277741,1.0302035456336178,5254.0,3.4497701904136573,33.76,-117.91,1.674
2.4757,26.0,5.9,1.1178571428571429,762.0,2.7214285714285715,40.38,-120.42,0.856
2.2278,13.0,5.906110283159464,1.2101341281669151,1905.0,2.8390461997019374,36.69,-119.12,0.905
4.57,18.0,6.789634146341464,1.298780487804878,1754.0,2.673780487804878,32.9,-116.52,1.899
2.9301,33.0,5.472154963680388,1.0653753026634385,966.0,2.3389830508474576,36.79,-119.78,0.683
3.8505,10.0,5.412126068376068,1.0456730769230769,9716.0,2.59508547008547,34.13,-117.59,1.696
3.6053,35.0,4.510135135135135,1.0,635.0,2.14527027027027,37.3,-121.92,3.458
6.5841,14.0,7.271375464684015,1.0483271375464684,671.0,2.494423791821561,33.93,-117.83,3.064
5.0,21.0,3.0625,0.875,29.0,1.8125,33.76,-118.23,0.875
1.7292,17.0,5.087719298245614,1.649122807017544,135.0,2.3684210526315788,33.33,-116.05,0.813
6.213,50.0,6.866666666666666,1.0444444444444445,121.0,2.688888888888889,34.21,-118.23,2.85
5.2319,23.0,5.950173812282735,1.0556199304750868,2351.0,2.724217844727694,37.37,-122.04,4.301
4.7875,19.0,6.007005253940456,1.052539404553415,1817.0,3.182136602451839,34.76,-118.28,1.636
1.7321,44.0,4.919540229885057,1.0651340996168583,925.0,3.5440613026819925,34.16,-118.16,1.784
1.3668,52.0,2.673635307781649,1.089430894308943,1515.0,1.759581881533101,37.79,-122.41,0.55
3.3281,32.0,5.067901234567901,0.9629629629629628,1261.0,2.594650205761317,36.79,-119.76,0.751
2.875,37.0,4.976119402985074,1.0805970149253732,971.0,2.8985074626865672,35.37,-118.94,0.574
3.1875,31.0,5.46218487394958,1.072829131652661,870.0,2.436974789915966,34.17,-118.57,5.00001
3.1781,23.0,4.926391382405745,1.0556552962298025,1493.0,2.680430879712747,38.34,-122.71,1.62
6.8939,38.0,5.062068965517241,1.0390804597701149,833.0,1.914942528735632,37.76,-122.44,4.559
3.5268,33.0,4.022964509394572,1.0062630480167014,1623.0,3.3883089770354906,33.98,-118.1,1.52
5.7876,33.0,6.117647058823529,0.9963235294117648,759.0,2.7904411764705883,37.27,-122.0,4.158
3.2011,17.0,3.5233918128654973,1.0146198830409356,736.0,2.152046783625731,33.93,-118.11,1.625
3.1858,34.0,6.346153846153846,1.3307692307692307,355.0,2.730769230769231,38.65,-121.38,1.095
3.1484,52.0,4.578034682080925,1.0770712909441231,939.0,1.8092485549132948,37.83,-122.25,2.241
5.5925,13.0,5.757981462409886,1.043254376930999,3188.0,3.283213182286303,34.3,-118.9,2.086
3.9755,16.0,4.802,0.93,1757.0,3.514,34.09,-117.59,1.204
1.9441,18.0,4.157051282051282,1.080128205128205,610.0,1.955128205128205,38.51,-122.45,1.844
4.5189,45.0,5.637010676156583,1.0640569395017794,1341.0,2.386120996441281,32.69,-117.17,4.222
2.0893,21.0,4.836734693877551,0.9673469387755104,960.0,3.918367346938776,37.93,-121.24,0.65
4.0893,16.0,4.6104651162790695,1.0959302325581397,625.0,1.816860465116279,34.15,-118.34,4.5
5.9838,21.0,6.646840148698884,1.029739776951673,1846.0,3.431226765799257,33.74,-117.95,2.719
2.6368,25.0,3.662534435261708,1.0537190082644627,2629.0,3.621212121212121,33.82,-118.3,1.759
2.314,42.0,4.265582655826559,1.018970189701897,844.0,2.2872628726287263,38.46,-122.71,1.694
2.7372,52.0,4.443804034582133,1.005763688760807,1424.0,2.0518731988472623,37.87,-122.27,2.102
4.6379,29.0,7.074534161490683,1.2329192546583851,765.0,2.375776397515528,38.48,-122.48,3.482
1.8542,22.0,4.789115646258503,1.1938775510204085,636.0,2.163265306122449,37.26,-121.96,3.333
2.0288,18.0,4.3487544483985765,0.8896797153024911,708.0,2.5195729537366547,39.71,-121.81,1.167
2.7788,27.0,5.124835742444152,1.0197109067017085,1549.0,2.035479632063075,38.61,-121.35,1.157
1.9327,10.0,5.789473684210527,1.0789473684210529,898.0,3.93859649122807,38.57,-121.92,1.938
5.1909,16.0,6.671779141104294,1.003067484662577,1037.0,3.1809815950920246,32.99,-117.09,2.014
4.9688,25.0,6.133159268929504,1.0287206266318538,1266.0,3.3054830287206265,37.23,-121.82,2.331
2.4667,33.0,4.43254817987152,1.0042826552462527,1851.0,3.963597430406853,33.98,-117.36,0.807
4.5245,14.0,5.874680306905371,0.989769820971867,2474.0,3.163682864450128,38.71,-121.32,1.275
3.8682,28.0,5.80030959752322,1.0077399380804954,2399.0,3.713622291021672,33.96,-117.43,1.165
9.2463,39.0,8.12972972972973,1.0432432432432432,1240.0,3.351351351351352,34.22,-118.21,5.00001
8.0073,39.0,7.266791044776119,1.046641791044776,1271.0,2.371268656716418,34.12,-118.31,5.00001
5.7268,23.0,6.009009009009009,1.027027027027027,1560.0,2.810810810810811,33.99,-117.97,3.003
4.6875,36.0,5.663265306122449,0.9897959183673468,721.0,2.452380952380953,33.81,-118.12,2.507
4.8051,21.0,5.857142857142857,1.053391053391053,1874.0,2.704184704184704,39.0,-121.04,1.743
2.9148,15.0,4.285957446808511,1.1055319148936171,3164.0,2.692765957446809,34.16,-118.27,2.387
2.4659,52.0,5.782857142857143,1.1171428571428572,1030.0,2.942857142857143,37.76,-122.19,0.947
5.5842,5.0,6.92914653784219,0.9871175523349436,2206.0,3.552334943639292,38.04,-121.35,1.591
3.5268,29.0,4.423337856173677,1.062415196743555,1969.0,2.671641791044776,33.86,-118.08,2.155
2.567,18.0,5.022556390977444,1.0018796992481205,1151.0,2.1635338345864663,39.79,-121.6,1.029
2.6587,26.0,5.930921052631579,1.3026315789473684,1683.0,2.768092105263158,34.98,-116.85,0.574
2.2208,15.0,7.362948960302457,1.4782608695652173,900.0,1.7013232514177694,33.68,-116.42,1.383
2.4554,30.0,4.594520547945206,0.9808219178082191,1159.0,3.175342465753425,36.2,-119.08,0.612
4.2188,20.0,4.552878179384203,1.0281124497991967,1497.0,2.004016064257028,37.38,-122.06,5.00001
3.2857,16.0,5.146788990825688,1.0428134556574924,880.0,2.691131498470948,38.34,-122.69,1.602
4.4074,52.0,4.683794466403162,0.9723320158102768,480.0,1.897233201581028,37.76,-122.4,2.773
2.7138,8.0,6.931897150799166,1.2112578179291174,6835.0,4.749826268241835,35.43,-116.57,0.225
4.8438,22.0,5.490312965722802,1.018628912071535,4721.0,3.5178837555886737,33.83,-118.24,2.131
2.025,20.0,3.745014245014245,1.0783475783475784,3780.0,2.6923076923076925,34.06,-117.27,0.857
3.4583,43.0,5.599264705882353,1.0238970588235294,1333.0,2.450367647058824,37.7,-122.13,1.837
3.0357,23.0,4.470219435736677,0.9811912225705328,954.0,2.9905956112852663,34.09,-117.66,1.515
15.0001,15.0,8.062043795620438,1.0036496350364963,735.0,2.6824817518248176,33.62,-117.87,5.00001
4.2153,18.0,6.11453744493392,1.0881057268722467,1817.0,2.668135095447871,36.83,-119.78,0.952
2.8828,26.0,5.290617848970252,1.2013729977116705,1273.0,2.9130434782608696,33.76,-117.85,2.047
3.0521,27.0,4.115,0.855,798.0,3.99,36.64,-119.59,1.138
2.9732,52.0,5.585284280936455,1.1705685618729098,793.0,2.652173913043478,37.77,-122.26,2.821
10.8783,52.0,8.503184713375797,0.961783439490446,402.0,2.560509554140128,37.79,-122.44,5.00001
1.2639,16.0,7.424242424242424,1.7272727272727273,81.0,2.4545454545454546,33.19,-116.0,0.513
3.4875,15.0,5.74247491638796,1.0501672240802675,2896.0,3.2285395763656632,34.51,-117.17,0.908
7.5655,37.0,6.9798994974874375,1.0251256281407035,1577.0,2.641541038525963,37.38,-122.1,5.00001
4.0,38.0,4.56140350877193,0.8859649122807017,557.0,2.442982456140351,33.96,-118.13,2.547
2.5643,32.0,6.164904862579281,1.1162790697674418,1466.0,3.099365750528541,37.78,-121.04,2.0
3.4145,35.0,5.9608728367193375,1.2310007524454476,3431.0,2.581640331075997,35.54,-117.29,0.404
4.4375,36.0,5.527331189710611,0.9742765273311896,836.0,2.688102893890675,37.7,-122.16,1.935
2.965,37.0,4.721442885771543,0.9539078156312624,1231.0,2.466933867735471,32.76,-117.06,1.557
1.9423,22.0,2.6218487394957983,0.8991596638655462,583.0,4.899159663865547,33.9,-118.22,0.984
1.9833,23.0,6.631147540983607,1.6188524590163935,425.0,1.7418032786885247,39.04,-122.73,1.115
6.0224,38.0,5.1,1.2,41.0,4.1,33.8,-117.89,1.875
4.2386,34.0,6.072,1.066,1366.0,2.732,37.67,-122.14,1.923
4.2865,38.0,5.757255936675461,1.079155672823219,1141.0,3.0105540897097627,34.19,-118.51,2.211
2.3417,16.0,3.9375,1.0511363636363635,365.0,2.073863636363636,33.89,-117.56,1.917
3.5227,35.0,5.612903225806452,1.053763440860215,1056.0,3.78494623655914,33.94,-117.46,1.054
1.9405,36.0,4.925490196078432,1.0588235294117647,910.0,3.5686274509803924,36.86,-121.4,1.454
2.7667,5.0,4.449197860962567,1.1871657754010696,907.0,2.4251336898395723,33.69,-116.25,0.929
1.5923,52.0,5.537423312883435,1.2085889570552146,1926.0,2.36319018404908,41.2,-122.27,0.56
3.1618,17.0,5.166979362101313,1.0825515947467168,1349.0,2.530956848030019,34.29,-119.14,1.542
3.5129,34.0,5.234072022160665,1.0609418282548475,2356.0,3.263157894736842,38.01,-121.9,1.106
4.0893,41.0,4.805732484076433,1.035031847133758,821.0,2.6146496815286624,33.8,-118.13,2.23
3.3322,35.0,4.330316742081448,0.8778280542986425,804.0,3.638009049773756,34.12,-117.9,1.514
2.7317,33.0,4.368613138686132,1.051094890510949,1166.0,2.127737226277372,33.94,-118.12,2.647
4.375,33.0,5.439897698209719,1.0588235294117647,1056.0,2.70076726342711,34.18,-118.44,2.861
2.735,26.0,5.672794117647059,1.0196078431372548,2902.0,3.556372549019608,38.49,-121.49,0.746
6.9695,18.0,7.587172538392051,1.033423667570009,3727.0,3.3667570009033425,33.98,-117.99,3.604
2.1985,17.0,5.154205607476635,1.116822429906542,1140.0,2.663551401869159,38.9,-123.69,0.953
3.4286,52.0,4.250980392156863,0.9686274509803922,468.0,1.8352941176470587,34.07,-118.37,4.743
3.1719,8.0,6.979220779220779,1.2857142857142858,5087.0,13.212987012987012,37.79,-120.45,1.154
3.1551,16.0,3.7899159663865545,1.1148459383753502,1211.0,3.392156862745098,34.17,-118.3,2.05
1.2094,21.0,3.1817116060961315,1.032825322391559,1549.0,1.8159437280187567,33.96,-118.35,1.575
3.1445,45.0,4.840361445783133,0.9969879518072288,633.0,1.9066265060240963,34.11,-118.28,4.383
2.9911,23.0,5.434108527131783,1.062015503875969,1019.0,2.6330749354005167,40.81,-124.07,1.197
4.5699,36.0,5.598173515981735,0.9634703196347032,711.0,3.246575342465753,33.92,-118.09,1.708
4.0353,47.0,5.497797356828194,1.0881057268722467,1201.0,2.645374449339207,37.78,-122.51,3.422
1.4653,7.0,3.5257936507936507,1.0178571428571428,4479.0,8.886904761904763,38.54,-121.79,3.1
2.3382,38.0,3.703767123287671,1.1147260273972603,1759.0,3.011986301369863,34.02,-118.47,2.975
3.0927,40.0,4.818181818181818,1.0129870129870129,584.0,2.528138528138528,33.98,-118.36,3.16
5.7676,16.0,6.397932816537468,1.0387596899224807,1251.0,3.232558139534884,34.16,-118.98,2.413
3.6667,52.0,4.863636363636363,1.0478468899521531,2198.0,5.258373205741627,37.78,-122.45,4.184
3.2083,40.0,4.11318553092182,1.0980163360560091,1675.0,1.9544924154025671,37.76,-122.47,3.3
4.8836,20.0,4.382957884427032,1.0264446620959844,2271.0,2.2242899118511263,37.34,-122.04,3.962
5.6228,42.0,6.4453125,1.0703125,645.0,2.51953125,37.9,-122.27,3.754
6.8564,42.0,6.452054794520548,1.0410958904109588,630.0,2.8767123287671232,33.95,-118.14,3.0
3.7171,39.0,4.7631578947368425,1.0210526315789474,839.0,2.207894736842105,34.18,-118.45,2.288
7.4882,35.0,6.467268623024831,1.0383747178329572,1072.0,2.419864559819413,37.84,-122.2,3.193
2.3886,16.0,5.254716981132075,1.1622641509433962,1387.0,2.616981132075472,39.37,-121.24,0.894
4.075,49.0,5.361305361305361,1.0792540792540792,1061.0,2.473193473193473,38.23,-122.64,2.288
6.7527,23.0,7.064024390243903,1.024390243902439,955.0,2.9115853658536586,37.8,-122.18,2.858
5.8899,16.0,6.787586206896552,1.016551724137931,2312.0,3.188965517241379,37.99,-122.27,2.432
1.899,17.0,5.50561797752809,1.0926966292134832,1691.0,4.75,32.69,-115.49,0.64
1.7572,18.0,4.732142857142857,1.0816326530612246,1839.0,4.691326530612245,35.89,-119.27,0.533
4.0602,44.0,4.811287477954145,1.031746031746032,1227.0,2.164021164021164,34.1,-118.28,3.24
9.0776,5.0,7.914002205071664,0.9900771775082692,2823.0,3.1124586549062845,37.81,-121.95,4.504
3.1353,22.0,3.644657863145258,1.0816326530612246,4715.0,2.830132052821128,33.74,-117.84,1.214
4.1563,12.0,6.751497005988024,1.4131736526946108,1006.0,3.0119760479041915,37.13,-118.94,0.94
5.7295,35.0,5.645045045045045,0.9747747747747748,1449.0,2.610810810810811,37.28,-122.0,3.461
11.6648,27.0,8.920833333333333,1.0833333333333333,635.0,2.645833333333333,33.79,-118.44,5.00001
2.8929,36.0,4.184549356223176,1.0429184549356223,809.0,3.4721030042918457,34.05,-117.73,1.181
2.4821,30.0,6.477987421383648,1.0125786163522013,448.0,2.8176100628930816,39.52,-121.53,0.738
7.2074,3.0,6.488188976377953,1.110236220472441,3318.0,2.6125984251968504,33.73,-117.79,2.913
4.2386,6.0,7.723076923076923,1.1692307692307693,228.0,3.507692307692308,33.83,-117.55,5.00001
4.1302,36.0,5.869565217391305,1.05685618729097,913.0,3.0535117056856187,37.66,-122.11,1.727
3.0777,17.0,4.341796875,1.0625,2008.0,3.921875,33.89,-118.07,1.608
5.2923,5.0,4.363380281690141,1.064788732394366,735.0,2.0704225352112675,33.7,-117.8,1.94
5.0482,45.0,5.80091533180778,1.0411899313501145,1036.0,2.3707093821510297,34.17,-118.05,3.889
2.631,29.0,5.148023549201009,1.0277544154751892,3595.0,3.0235492010092515,39.16,-123.22,1.096
2.1165,48.0,6.898423817863398,1.5061295971978983,1257.0,2.2014010507880912,38.53,-122.97,0.987
3.0917,48.0,6.059139784946237,1.010752688172043,530.0,2.849462365591398,38.87,-121.13,1.281
1.875,32.0,9.161111111111111,3.411111111111111,763.0,2.1194444444444445,34.22,-116.14,0.478
1.8973,20.0,4.078544061302682,1.0076628352490422,1845.0,3.534482758620689,36.97,-120.04,0.516
2.0547,13.0,4.867783985102421,1.2104283054003724,1949.0,3.629422718808194,34.58,-118.12,1.026
2.5313,38.0,3.918918918918919,0.9234234234234234,1065.0,4.797297297297297,34.26,-118.41,1.361
3.1765,52.0,4.119791666666667,1.0434027777777777,1135.0,1.9704861111111112,34.08,-118.36,2.25
1.7935,20.0,5.628571428571429,1.1904761904761905,512.0,2.4380952380952383,40.75,-122.56,0.745
6.2781,17.0,6.787798408488063,0.9814323607427056,1238.0,3.283819628647215,37.75,-121.94,2.698
3.075,13.0,33.98969072164948,6.824742268041237,267.0,2.752577319587629,38.31,-120.27,1.083
2.6673,25.0,3.192039800995025,1.1054726368159205,2843.0,2.828855721393035,34.13,-118.26,2.181
6.3663,26.0,6.387370405278039,0.99057492931197,3319.0,3.1281809613572102,37.24,-121.92,2.794
2.1571,47.0,4.446428571428571,1.1091269841269842,1775.0,3.5218253968253967,34.03,-118.3,1.479
3.0465,34.0,4.754137115839243,1.115839243498818,1087.0,2.569739952718676,33.91,-118.14,1.878
2.2917,34.0,4.367857142857143,1.0035714285714286,824.0,2.942857142857143,37.74,-122.17,0.925
3.2125,26.0,4.352,1.0026666666666666,598.0,1.594666666666667,33.63,-117.9,4.55
4.0352,34.0,5.273684210526316,0.9263157894736842,731.0,2.5649122807017544,38.67,-121.34,1.185
6.0336,10.0,6.26032315978456,0.9784560143626572,1410.0,2.531418312387792,33.11,-117.24,2.403
3.0347,45.0,4.5375,0.9125,568.0,3.55,34.07,-118.09,1.832
4.3836,18.0,6.057575757575758,1.1272727272727272,2071.0,3.137878787878788,38.71,-121.31,1.02
3.9929,19.0,5.968660968660969,0.9829059829059827,1973.0,2.81054131054131,35.14,-119.47,0.883
4.0972,24.0,4.130526315789473,1.2021052631578948,7174.0,7.551578947368421,37.43,-122.17,3.875
2.0333,12.0,5.180952380952381,1.2,1303.0,4.136507936507937,36.2,-119.34,0.544
6.1563,13.0,6.3392070484581495,1.0440528634361232,557.0,2.4537444933920707,35.44,-118.93,2.042
4.375,11.0,4.857512953367876,0.9248704663212436,1014.0,2.626943005181347,32.68,-117.04,1.15
7.5,8.0,6.564885496183206,0.9465648854961832,1111.0,2.826972010178117,36.85,-119.88,2.562
2.4345,35.0,4.591687041564792,1.1100244498777505,991.0,2.4229828850855744,32.74,-117.03,1.297
3.2135,4.0,5.764026402640264,1.0041254125412542,2801.0,2.311056105610561,34.91,-120.42,2.127
3.9798,31.0,4.7073170731707314,1.1121951219512196,1002.0,2.44390243902439,34.0,-118.42,4.586
2.4615,16.0,5.311475409836065,1.0,135.0,2.2131147540983607,37.86,-120.23,1.375
3.2993,25.0,5.553191489361702,1.148936170212766,789.0,3.3574468085106384,38.13,-121.25,0.911
6.7192,30.0,7.130434782608695,1.0217391304347827,847.0,2.630434782608696,37.87,-122.05,3.975
4.8603,52.0,6.776758409785932,1.018348623853211,714.0,2.18348623853211,38.55,-121.48,1.919
4.8693,44.0,6.181434599156118,1.042194092827004,817.0,3.4472573839662446,38.02,-122.02,1.569
1.9125,44.0,4.969230769230769,1.21978021978022,1348.0,2.9626373626373628,33.98,-118.29,0.972
2.5742,25.0,4.721374045801527,0.9790076335877864,1947.0,3.715648854961832,38.03,-121.32,0.984
2.3274,29.0,3.840236686390533,0.9053254437869822,835.0,2.470414201183432,37.7,-122.11,1.704
6.2715,20.0,6.90990990990991,1.0585585585585586,871.0,3.923423423423424,32.78,-115.57,0.972
4.1302,30.0,5.502183406113537,0.9694323144104804,638.0,2.7860262008733625,34.22,-118.35,2.583
3.8239,34.0,5.242703533026114,1.064516129032258,2223.0,3.414746543778802,34.21,-119.19,2.082
4.7604,36.0,5.194444444444445,0.8827160493827161,740.0,2.2839506172839505,37.33,-121.95,2.947
2.2905,11.0,4.621589561091341,1.0510083036773428,1902.0,2.256227758007117,40.62,-122.36,0.942
5.7281,4.0,6.835849056603774,1.3849056603773584,1129.0,2.130188679245283,33.49,-117.72,5.00001
0.7403,37.0,4.491428571428571,1.1485714285714286,1046.0,2.9885714285714284,37.96,-122.37,0.686
2.0221,51.0,3.975190839694657,1.066793893129771,874.0,1.66793893129771,38.56,-121.47,0.958
3.2964,5.0,5.344444444444444,1.01,2242.0,2.491111111111111,38.68,-120.98,1.769
3.7647,32.0,5.650862068965517,1.165948275862069,1022.0,2.202586206896552,37.92,-122.51,3.75
3.3689,32.0,5.945185185185185,1.0740740740740742,2032.0,3.0103703703703704,38.49,-121.5,0.834
2.9413,23.0,4.129221732745962,1.1292217327459615,1983.0,2.911894273127753,37.68,-122.46,2.294
1.7344,24.0,3.298342541436464,1.058563535911602,4042.0,4.466298342541436,33.51,-116.01,0.664
3.375,34.0,11.384615384615383,2.1538461538461537,132.0,10.153846153846152,37.4,-121.93,0.675
4.2454,33.0,6.073746312684365,1.064896755162242,1073.0,3.1651917404129795,34.12,-117.87,1.838
1.9848,38.0,3.8285714285714287,1.1333333333333333,1535.0,2.923809523809524,33.8,-118.19,1.604
3.9191,17.0,5.798936170212766,1.0723404255319149,3533.0,3.758510638297872,34.06,-117.4,1.016
4.8333,9.0,5.201092896174863,1.0098360655737706,1884.0,2.059016393442623,34.24,-118.63,2.772
2.6994,16.0,4.303411131059246,0.8994614003590664,1053.0,1.8904847396768405,38.01,-121.25,1.125
5.1265,34.0,5.897163120567376,1.0602836879432624,762.0,2.702127659574468,34.21,-118.52,2.11
4.375,35.0,4.888412017167382,0.8454935622317596,772.0,3.313304721030043,33.89,-118.11,2.047
2.334,30.0,5.365217391304348,1.0608695652173914,1688.0,2.935652173913044,39.51,-121.52,0.722
3.175,37.0,5.337110481586402,1.0368271954674222,1052.0,2.9801699716713883,34.89,-117.04,0.668
5.1519,15.0,5.067019400352733,0.964726631393298,1582.0,2.7901234567901234,37.01,-121.58,2.647
3.5305,30.0,5.926724137931035,1.0258620689655171,1296.0,2.793103448275862,40.2,-122.19,0.736
2.0878,16.0,5.277064220183486,1.0568807339449542,1859.0,3.411009174311926,33.77,-117.27,1.013
2.8214,29.0,4.763527054108216,0.9539078156312624,1669.0,3.344689378757515,36.94,-121.8,1.901
4.875,18.0,6.028871391076115,1.0918635170603674,1086.0,2.8503937007874014,37.5,-122.47,3.346
8.6803,16.0,6.580821917808219,0.9205479452054794,1080.0,2.958904109589041,33.07,-117.1,3.473
5.0,41.0,6.790123456790123,1.0277777777777777,1476.0,2.2777777777777777,37.74,-122.13,2.489
4.1445,11.0,4.399096385542169,1.0316265060240963,1512.0,2.27710843373494,34.19,-118.36,1.764
6.1868,13.0,8.332326283987916,1.1268882175226589,2119.0,3.200906344410876,33.1,-117.05,3.202
5.1878,10.0,6.7990430622009566,0.9760765550239234,657.0,3.1435406698564594,38.04,-121.33,1.539
2.6397,32.0,4.678321678321678,0.965034965034965,859.0,3.003496503496504,36.34,-119.66,0.597
2.0436,46.0,3.8620689655172415,1.0413793103448277,1570.0,3.6091954022988495,33.98,-117.36,0.823
11.4233,21.0,7.138783269961977,0.9980988593155894,1493.0,2.838403041825095,34.06,-118.54,5.00001
1.7772,45.0,3.882608695652174,1.1434782608695653,1475.0,3.2065217391304346,37.79,-122.25,0.975
2.11,25.0,3.3580980683506687,1.0282317979197622,1603.0,2.3818722139673105,33.93,-118.35,2.233
4.4,44.0,4.6440677966101696,1.0169491525423728,480.0,2.711864406779661,33.88,-118.35,2.258
3.0,36.0,5.5369127516778525,1.0503355704697988,660.0,2.214765100671141,36.78,-119.81,0.797
2.0385,25.0,5.021875,1.065625,2319.0,3.6234375,37.65,-120.76,0.843
5.1129,14.0,5.706484641638225,1.006825938566553,704.0,2.4027303754266214,33.53,-117.72,2.513
3.6538,36.0,5.065116279069767,1.088372093023256,632.0,2.9395348837209303,33.99,-118.41,2.761
2.1625,18.0,5.488135593220339,1.172881355932203,904.0,3.064406779661017,39.42,-123.35,0.772
2.4583,26.0,4.361643835616438,1.1753424657534246,1182.0,3.238356164383561,34.06,-117.67,1.104
3.5114,52.0,6.372759856630824,1.146953405017921,795.0,2.849462365591398,33.97,-118.32,1.388
1.7109,24.0,3.888475836431226,1.087360594795539,1757.0,3.265799256505576,34.04,-118.3,1.75
2.6587,26.0,5.930921052631579,1.3026315789473684,1683.0,2.768092105263158,34.98,-116.85,0.574
3.2212,35.0,4.786372007366483,1.0165745856353592,2726.0,5.020257826887661,34.19,-119.19,1.805
3.3074,34.0,5.71578947368421,0.9842105263157894,663.0,3.4894736842105263,38.68,-121.37,0.842
6.1112,2.0,7.153277931671283,1.046168051708218,3481.0,3.214219759926132,38.34,-121.92,1.81
3.0958,39.0,5.009493670886076,1.1044303797468351,857.0,2.712025316455696,37.77,-122.16,1.458
5.0389,13.0,5.070093457943925,1.060747663551402,629.0,2.939252336448598,39.1,-121.14,1.715
5.0194,38.0,5.961206896551724,1.0258620689655171,649.0,2.7974137931034484,33.97,-117.4,1.489
4.8274,21.0,5.832214765100671,0.9899328859060402,983.0,3.298657718120805,32.57,-117.12,1.741
3.3611,46.0,5.701421800947867,1.037914691943128,637.0,3.018957345971564,33.99,-118.06,1.744
2.7562,29.0,4.529639175257732,1.0399484536082475,3572.0,4.603092783505154,37.35,-121.85,1.601
2.9798,35.0,4.86254295532646,1.0103092783505154,591.0,2.0309278350515463,33.84,-118.18,3.156
3.4006,22.0,4.733466933867735,1.2044088176352703,1127.0,2.258517034068136,34.28,-119.2,2.194
1.747,43.0,4.236,1.138,1266.0,2.532,33.96,-118.31,1.21
1.6722,35.0,5.300632911392405,1.1803797468354431,1131.0,3.579113924050633,36.56,-119.25,0.591
3.1103,33.0,3.819852941176471,0.9411764705882352,1432.0,5.264705882352941,34.21,-119.17,1.435
3.375,36.0,5.162162162162162,1.135135135135135,208.0,5.621621621621622,33.71,-117.86,1.575
2.6491,5.0,4.482367758186398,1.0944584382871536,2965.0,3.734256926952141,33.84,-118.31,2.167
2.6083,38.0,5.14026402640264,1.0264026402640265,1238.0,2.042904290429043,36.21,-119.33,0.67
4.3036,35.0,5.699059561128527,1.0626959247648904,828.0,2.595611285266458,33.88,-118.32,2.821
2.3844,9.0,4.140442132639792,1.013003901170351,1929.0,2.5084525357607284,38.66,-121.37,0.86
1.825,50.0,4.841463414634147,1.1073170731707318,1090.0,2.658536585365854,33.98,-118.31,1.066
4.375,38.0,5.40084388185654,0.9746835443037974,828.0,3.4936708860759493,34.18,-118.17,1.667
4.2222,52.0,4.442942942942943,1.0255255255255256,1145.0,1.7192192192192193,37.76,-122.44,3.616
3.2768,44.0,5.338289962825279,1.0074349442379182,850.0,3.159851301115242,33.95,-118.19,1.791
3.0969,26.0,5.119318181818182,1.0426136363636365,2605.0,3.700284090909091,38.42,-122.72,1.438
2.0804,34.0,4.24,1.104,1215.0,4.86,33.91,-118.23,0.847
2.3241,42.0,5.111436950146628,1.1378299120234605,889.0,2.607038123167156,38.11,-122.24,0.992
4.3103,33.0,5.013189448441247,0.9640287769784172,2049.0,2.4568345323741005,33.91,-117.9,2.016
3.1979,16.0,5.723374827109267,1.0484094052558783,1762.0,2.437067773167358,38.27,-121.99,1.375
2.3293,31.0,4.673866090712743,0.9848812095032398,959.0,2.071274298056156,36.78,-119.78,0.734
3.4886,13.0,6.840723981900452,1.306787330316742,3189.0,2.885972850678733,33.85,-116.52,1.125
2.3664,20.0,3.685121107266436,1.1314878892733564,1870.0,3.235294117647059,34.07,-118.13,1.922
5.5145,15.0,5.168384879725086,1.0103092783505154,1267.0,4.353951890034364,37.31,-121.82,2.194
4.8125,28.0,6.066071428571429,1.0660714285714286,1397.0,2.494642857142857,33.68,-117.92,2.446
4.0332,8.0,6.047619047619048,1.3214285714285714,229.0,2.7261904761904763,34.82,-118.93,1.283
4.6333,35.0,5.729166666666667,1.0763888888888888,590.0,4.097222222222222,33.97,-118.08,1.612
1.9464,16.0,4.4646464646464645,0.9629629629629628,509.0,1.713804713804714,37.79,-121.18,1.125
3.2636,22.0,4.625,1.0554347826086956,2901.0,3.1532608695652176,33.78,-117.98,1.802
2.15,47.0,3.3795620437956204,0.978102189781022,327.0,2.386861313868613,37.74,-122.17,0.972
2.1447,26.0,3.4859504132231405,1.0760330578512396,2120.0,3.5041322314049586,33.79,-118.27,1.587
7.6202,27.0,7.1220779220779225,0.987012987012987,2212.0,2.872727272727273,37.86,-122.09,4.026
2.4412,30.0,5.441025641025641,1.1794871794871795,851.0,4.364102564102564,37.92,-121.28,0.616
3.0089,24.0,5.93950177935943,1.501779359430605,589.0,2.096085409252669,38.89,-120.01,1.008
8.1221,15.0,6.894366197183099,0.9929577464788732,811.0,2.855633802816901,37.55,-122.27,4.833
3.3393,26.0,4.122270742358078,0.9366812227074236,1550.0,3.3842794759825328,33.85,-117.94,1.686
3.858,24.0,7.662162162162162,1.114864864864865,847.0,2.8614864864864864,38.47,-122.65,2.144
3.8625,31.0,4.921686746987952,1.1144578313253013,939.0,2.8283132530120483,37.06,-122.07,2.323
4.5656,20.0,5.147410358565737,1.0610889774236387,1334.0,1.7715803452855243,34.15,-118.45,4.784
3.4812,52.0,4.520689655172414,1.0689655172413792,707.0,2.4379310344827587,34.06,-118.34,4.328
5.0,32.0,6.511392405063291,1.0278481012658227,1128.0,2.8556962025316457,37.54,-122.01,2.876
2.2449,30.0,7.508038585209003,1.167202572347267,1214.0,3.9035369774919615,34.13,-117.33,0.932
4.375,35.0,4.864532019704433,0.9458128078817734,882.0,2.1724137931034484,34.18,-118.41,2.917
2.2639,15.0,3.845528455284553,0.9715447154471544,550.0,2.2357723577235773,36.82,-119.72,0.525
7.2013,12.0,7.355691056910569,1.089430894308943,1506.0,3.0609756097560976,33.5,-117.63,3.536
1.942,31.0,4.3116057233704295,0.9984101748807632,1519.0,2.414944356120827,33.74,-116.97,0.862
3.6534,46.0,5.297709923664122,1.1145038167938932,1047.0,2.66412213740458,34.18,-118.52,2.16
1.9119,43.0,3.3110687022900764,1.0209923664122138,2288.0,4.366412213740458,33.97,-118.25,0.988
8.3634,14.0,7.475778546712803,1.0069204152249136,2025.0,3.5034602076124566,33.71,-117.76,3.551
1.6094,43.0,3.678571428571429,1.042857142857143,445.0,3.1785714285714284,32.67,-117.11,0.93
4.0182,28.0,6.123924268502582,1.0137693631669535,1742.0,2.9982788296041307,38.67,-121.24,1.317
2.0915,16.0,4.523897058823529,1.1130514705882353,2557.0,2.350183823529412,38.39,-122.7,1.681
1.9688,31.0,4.10801393728223,1.0104529616724738,2302.0,4.010452961672474,35.23,-118.82,0.539
5.5762,17.0,10.359649122807015,2.3771929824561404,248.0,2.175438596491228,34.17,-117.13,1.5
6.1183,49.0,5.869565217391305,1.2608695652173914,86.0,3.739130434782609,37.82,-122.29,0.75
7.0844,11.0,7.83585313174946,1.0129589632829374,1488.0,3.2138228941684663,34.14,-117.66,3.25
2.3256,24.0,5.959550561797752,1.2764044943820223,1532.0,3.442696629213484,36.32,-119.66,0.568
4.869,35.0,5.372596153846154,0.9375,1148.0,2.7596153846153846,34.27,-118.5,2.216
2.1058,41.0,4.481632653061224,1.0775510204081633,1178.0,4.808163265306122,34.05,-118.19,1.243
3.6389,42.0,3.994296577946768,0.9961977186311788,1212.0,2.304182509505704,37.34,-121.92,2.392
3.05,33.0,6.868596881959911,1.269487750556793,1753.0,3.904231625835189,34.02,-117.43,0.978
2.2431,41.0,4.799163179916318,1.0167364016736402,583.0,2.4393305439330546,39.13,-121.62,0.634
5.6277,14.0,5.72409823484267,1.0391404451266308,8012.0,3.074443591711435,37.58,-122.04,2.698
3.65,45.0,4.624678663239075,1.012853470437018,1436.0,3.691516709511568,37.71,-122.46,2.399
1.7801,45.0,3.663484486873508,1.0310262529832936,1820.0,4.343675417661098,34.02,-118.19,1.428
1.608,34.0,4.295819935691318,1.1093247588424435,1009.0,3.244372990353697,34.09,-117.31,0.737
3.9886,16.0,5.469613259668508,0.988950276243094,1776.0,2.453038674033149,37.65,-120.97,1.375
4.2207,22.0,5.563944530046225,1.0261941448382126,1869.0,2.879815100154083,33.91,-117.48,1.411
5.0555,4.0,6.751677852348993,1.0546500479386385,2936.0,2.8149568552253115,38.58,-122.72,2.408
2.5275,27.0,4.246653919694072,1.036328871892925,1328.0,2.539196940726577,34.14,-117.96,1.517
1.5517,31.0,3.110831234256927,0.9748110831234256,816.0,2.0554156171284634,32.76,-117.09,1.225
2.825,32.0,4.784232365145228,0.979253112033195,761.0,3.1576763485477177,36.59,-119.44,0.676
2.1806,8.0,4.884848484848485,1.039393939393939,1230.0,3.727272727272727,35.78,-119.23,0.672
3.6619,17.0,4.885875706214689,0.9649717514124294,1656.0,1.871186440677966,37.4,-122.0,2.324
3.0729,37.0,5.396491228070175,1.0456140350877192,867.0,3.042105263157895,32.62,-117.09,1.287
1.6528,32.0,4.544776119402985,1.2350746268656716,620.0,2.313432835820896,40.75,-124.21,0.581
6.641,2.0,5.483050847457627,1.152542372881356,203.0,1.7203389830508475,37.91,-122.51,3.1
6.4385,24.0,5.693726937269373,0.948339483394834,824.0,3.040590405904059,34.04,-118.09,2.726
3.6125,15.0,5.917808219178082,1.1917808219178083,208.0,2.8493150684931505,38.53,-120.59,1.0
5.5456,18.0,36.075471698113205,5.273584905660377,241.0,2.2735849056603774,39.19,-120.1,3.6
7.508,52.0,7.994318181818182,1.036931818181818,878.0,2.4943181818181817,37.81,-122.23,3.487
3.0437,20.0,3.860805860805861,0.9853479853479854,1219.0,4.465201465201465,36.42,-121.32,0.766
3.6398,27.0,5.952702702702703,1.0518018018018018,1455.0,3.277027027027027,38.21,-121.32,1.467
4.2386,44.0,5.959488272921109,1.0575692963752663,1235.0,2.633262260127932,34.16,-118.1,2.837
9.5908,37.0,4.352941176470588,1.1176470588235294,63.0,3.7058823529411766,37.14,-121.98,3.5
3.1384,46.0,5.627249357326479,1.0874035989717223,866.0,2.2262210796915167,33.95,-117.4,1.115
2.4063,31.0,5.6,1.0266666666666666,429.0,2.86,37.73,-120.91,1.702
3.2369,17.0,4.465677179962894,1.0120593692022264,3013.0,2.7949907235621523,32.95,-117.05,1.678
1.62,19.0,3.28352490421456,1.0102171136653897,1205.0,1.5389527458492975,32.64,-117.09,1.313
3.9219,15.0,4.466666666666667,1.0444444444444445,677.0,2.5074074074074075,33.74,-117.93,1.426
2.7344,35.0,5.735955056179775,1.0617977528089888,953.0,2.676966292134832,37.31,-120.46,0.878
3.5568,52.0,6.090909090909091,1.2818181818181815,268.0,2.4363636363636365,34.15,-118.09,2.05
6.2895,45.0,6.5,1.1016949152542372,254.0,2.152542372881356,34.04,-118.38,3.404
1.9944,52.0,6.046610169491525,1.1906779661016949,620.0,2.6271186440677967,37.76,-122.41,2.625
3.7174,4.0,3.56793893129771,1.1725190839694657,983.0,1.500763358778626,33.69,-117.87,2.75
6.9584,16.0,6.310714285714286,0.9571428571428572,1061.0,3.789285714285714,37.4,-121.87,3.516
3.5,43.0,5.287081339712919,1.1220095693779903,1042.0,2.492822966507177,33.82,-118.18,2.167
3.1607,37.0,4.523985239852398,0.940959409594096,1068.0,3.940959409594096,33.98,-118.09,1.722
8.8693,8.0,6.307801418439716,1.0113475177304965,1680.0,2.382978723404255,33.64,-117.8,4.504
3.4706,20.0,5.274253731343284,1.0335820895522387,1822.0,3.399253731343284,32.8,-117.17,1.576
3.3368,16.0,4.946428571428571,1.0615079365079363,1370.0,2.7182539682539684,37.68,-120.97,1.212
2.8393,20.0,8.335443037974683,1.2848101265822784,453.0,2.867088607594937,33.76,-117.02,1.207
2.5104,38.0,5.679886685552408,1.0906515580736544,882.0,2.498583569405099,38.73,-120.81,1.205
3.691,30.0,4.975609756097561,1.0,989.0,3.445993031358885,37.86,-121.61,1.544
5.752,35.0,5.728571428571429,1.0,802.0,2.8642857142857143,33.95,-118.12,2.91
1.7866,25.0,1.6785714285714286,1.066326530612245,2796.0,3.566326530612245,34.05,-118.27,3.25
3.0789,14.0,6.845864661654136,1.18796992481203,769.0,2.8909774436090228,38.68,-120.63,1.317
1.9107,36.0,1.1304347826086956,0.6086956521739131,58.0,2.5217391304347827,32.68,-117.11,1.25
2.6033,22.0,4.055194805194805,1.0876623376623376,699.0,2.26948051948052,38.34,-122.71,1.216
4.0027,13.0,5.785185185185185,1.0098765432098766,1347.0,3.325925925925926,36.75,-119.69,0.931
2.5536,31.0,4.071917808219178,1.0102739726027397,891.0,3.0513698630136985,37.97,-121.26,0.505
6.0957,32.0,5.50597609561753,0.952191235059761,705.0,2.808764940239044,37.24,-121.95,4.054
0.7054,43.0,2.2291666666666665,0.9166666666666666,107.0,2.2291666666666665,33.12,-117.08,1.375
2.575,40.0,4.329596412556054,1.006726457399103,1367.0,3.0650224215246635,34.08,-118.13,2.284
3.9375,32.0,5.3,1.02,170.0,3.4,34.0,-117.88,1.875
1.4,31.0,2.806451612903226,1.0241935483870968,913.0,3.681451612903226,36.95,-120.05,0.525
4.8542,36.0,4.365979381443299,0.9536082474226804,713.0,3.675257731958762,33.92,-118.09,1.674
1.7719,26.0,6.047244094488189,1.1968503937007875,392.0,3.0866141732283463,37.81,-122.29,0.825
3.5481,52.0,5.4880636604774535,1.106100795755968,826.0,2.1909814323607426,34.06,-118.34,3.96
2.2125,34.0,3.757869249394673,1.0750605326876512,2093.0,5.067796610169491,33.9,-118.2,1.032
2.7083,10.0,4.435185185185185,1.1574074074074074,355.0,3.287037037037037,37.72,-122.36,1.804
2.2222,46.0,4.909385113268608,0.9676375404530744,879.0,2.8446601941747574,37.73,-122.39,1.951
3.3479,30.0,4.73225516621743,1.1257861635220126,4065.0,3.652291105121294,37.64,-122.08,1.821
6.9113,17.0,7.484536082474227,0.9690721649484536,630.0,3.247422680412371,33.9,-117.86,2.852
2.6292,47.0,3.693140794223827,1.0613718411552346,1213.0,2.1895306859205776,37.8,-122.24,1.827
4.0703,37.0,5.16010498687664,0.9133858267716536,875.0,2.2965879265091864,38.23,-122.63,2.238
3.2061,41.0,3.868263473053892,1.1122754491017963,1058.0,1.583832335329341,34.0,-118.48,3.7
6.0804,6.0,7.034690799396682,0.971342383107089,2105.0,3.174962292609352,38.72,-121.27,1.987
10.4549,22.0,8.388135593220339,1.0610169491525423,1850.0,3.135593220338983,37.94,-122.12,5.00001
15.0001,46.0,9.203947368421051,0.9736842105263158,410.0,2.6973684210526314,34.08,-118.42,5.00001
3.6186,52.0,4.472329472329473,1.0386100386100383,1518.0,1.953667953667953,37.77,-122.44,5.00001
4.8359,25.0,6.198419666374012,1.0175592625109746,3903.0,3.426690079016681,33.68,-117.9,2.492
1.7391,18.0,3.1094890510948905,1.0875912408759123,1639.0,2.990875912408759,32.76,-117.08,1.25
2.5795,17.0,5.349304482225657,1.1159196290571871,1947.0,3.009273570324575,41.77,-124.21,0.684
3.3936,15.0,5.532697547683924,1.1049046321525886,2884.0,3.929155313351498,34.07,-117.62,1.27
5.0704,15.0,5.629955947136564,0.9955947136563876,8997.0,3.6031237484981977,34.02,-117.9,2.262
3.2292,34.0,5.33030303030303,1.0696969696969696,2083.0,6.3121212121212125,33.74,-117.89,1.606
3.3958,12.0,5.3202416918429005,1.0317220543806649,1780.0,2.688821752265861,35.32,-120.82,2.158
4.9107,37.0,4.769547325102881,0.9794238683127572,740.0,3.045267489711934,33.89,-118.14,1.796
5.5845,20.0,5.677644710578842,0.9900199600798404,3752.0,3.744510978043912,37.67,-122.47,3.043
3.5667,32.0,4.180064308681672,1.144694533762058,703.0,2.260450160771704,34.01,-118.42,3.94
6.2247,36.0,6.088737201365188,1.061433447098976,901.0,3.0750853242320817,33.82,-118.36,3.39
6.58,25.0,7.704334365325077,0.9984520123839008,2061.0,3.1904024767801857,33.78,-117.82,3.185
5.76,9.0,6.305709023941068,1.0736648250460403,1460.0,2.6887661141804786,38.0,-122.11,2.126
5.5402,20.0,6.56175972927242,1.125211505922166,1651.0,2.793570219966159,34.22,-118.89,2.646
3.402,35.0,4.945714285714286,1.1628571428571428,1902.0,2.717142857142857,33.82,-118.31,2.799
1.2206,35.0,3.2215799614643545,1.071290944123314,2106.0,4.057803468208093,34.01,-118.27,1.292
5.0855,26.0,6.685121107266436,0.9688581314878892,886.0,3.065743944636678,34.22,-118.86,2.322
2.5658,29.0,3.422993492407809,0.9978308026030368,1236.0,2.6811279826464207,32.64,-117.1,1.347
3.4643,28.0,4.173469387755102,1.0612244897959184,244.0,2.489795918367347,37.74,-121.13,0.909
3.6875,44.0,4.524475524475524,0.993006993006993,457.0,3.195804195804196,34.04,-118.15,1.625
7.7364,24.0,6.576271186440678,0.9463276836158192,969.0,2.73728813559322,37.52,-122.31,4.358
2.6458,35.0,5.319444444444445,1.2777777777777777,202.0,2.805555555555556,40.02,-120.92,1.025
4.0625,48.0,5.961538461538462,1.0532544378698223,1020.0,3.0177514792899407,33.96,-118.31,1.387
3.8705,36.0,5.562770562770563,0.987012987012987,679.0,2.9393939393939394,34.08,-117.92,1.919
3.5055,47.0,5.273612463485882,1.085686465433301,2177.0,2.1197663096397275,37.97,-122.57,3.821
5.5184,35.0,5.624624624624625,1.054054054054054,945.0,2.8378378378378377,37.56,-122.3,2.748
1.808,18.0,4.190305206463195,1.028725314183124,962.0,1.727109515260323,33.22,-117.23,0.97
3.2411,35.0,5.908163265306122,0.9693877551020408,826.0,2.8095238095238093,32.82,-116.94,1.592
3.3393,26.0,4.122270742358078,0.9366812227074236,1550.0,3.3842794759825328,33.85,-117.94,1.686
5.6945,36.0,6.191489361702128,1.0212765957446808,124.0,2.6382978723404253,37.59,-120.59,1.542
1.1875,48.0,5.492063492063492,1.4603174603174602,129.0,2.0476190476190474,35.38,-119.02,0.638
1.9923,21.0,3.355828220858896,1.0828220858895703,2265.0,3.473926380368098,33.78,-118.26,1.647
3.4583,52.0,5.211904761904762,1.0309523809523808,1147.0,2.730952380952381,37.74,-122.49,3.213
2.2,14.0,3.605231866825208,1.187871581450654,1691.0,2.010701545778834,34.09,-118.34,2.1
3.1306,45.0,4.347626339969372,1.0689127105666156,1768.0,2.707503828483921,34.12,-118.26,2.14
5.583,27.0,6.876506024096385,0.933734939759036,2045.0,3.0798192771084336,33.94,-117.92,2.677
4.7986,52.0,6.5038167938931295,1.0572519083969465,746.0,2.8473282442748094,34.19,-118.3,3.261
9.6062,18.0,8.304878048780488,1.016260162601626,702.0,2.8536585365853657,33.66,-117.93,4.147
3.6989,13.0,4.82054890921886,0.9852216748768472,4251.0,2.9915552427867698,38.69,-121.36,0.933
2.1441,22.0,4.193979933110368,1.112876254180602,3222.0,2.693979933110368,32.61,-117.07,1.355
6.0145,14.0,6.156748911465892,1.0827285921625545,1858.0,2.6966618287373003,34.23,-118.87,2.871
7.8195,16.0,8.60234899328859,1.058724832214765,2142.0,3.593959731543624,33.7,-117.98,3.905
3.55,27.0,4.551980198019802,0.9702970297029704,1302.0,3.222772277227723,33.04,-117.27,2.146
1.9189,28.0,3.097560975609756,1.0540069686411149,2184.0,3.804878048780488,34.06,-118.06,1.659
4.3021,8.0,5.927083333333333,1.0104166666666667,312.0,3.25,34.18,-116.02,0.945
6.1632,32.0,6.4681372549019605,1.017156862745098,1013.0,2.482843137254902,37.92,-122.5,3.492
3.9722,38.0,5.292878635907723,1.0110330992978938,2695.0,2.703109327983952,37.65,-122.44,2.762
4.0536,29.0,4.785294117647059,1.0544117647058824,1593.0,2.342647058823529,33.8,-118.32,2.858
4.0931,32.0,5.496835443037975,1.001054852320675,3025.0,3.190928270042194,32.85,-116.99,1.342
2.9844,36.0,3.5828571428571427,1.0114285714285711,834.0,4.765714285714286,33.98,-118.17,1.636
6.9533,44.0,7.608024691358024,1.0123456790123455,843.0,2.601851851851852,37.55,-122.34,5.00001
3.975,22.0,6.896373056994818,1.5803108808290156,580.0,3.005181347150259,33.16,-117.35,5.00001
2.4375,29.0,6.74496644295302,1.0201342281879195,513.0,3.442953020134228,33.99,-117.64,1.813
4.8611,39.0,5.514814814814815,1.0444444444444445,743.0,2.751851851851852,33.88,-118.38,4.561
4.0417,5.0,7.64021164021164,1.530864197530864,1420.0,2.504409171075838,33.98,-116.5,1.464
2.8864,34.0,4.716279069767442,1.1441860465116278,952.0,4.427906976744186,37.32,-121.89,1.725
2.9183,46.0,5.296969696969697,1.096969696969697,808.0,2.4484848484848483,39.41,-123.36,0.769
3.5536,35.0,6.098360655737705,1.0590163934426229,1011.0,3.314754098360656,34.08,-117.92,2.07
3.0125,52.0,4.941780821917808,1.0650684931506849,660.0,2.26027397260274,37.83,-122.26,1.844
3.6667,31.0,5.581056466302368,1.04735883424408,1476.0,2.6885245901639343,32.84,-117.18,1.759
10.3224,32.0,7.83879781420765,1.0191256830601092,2099.0,2.8674863387978142,37.9,-122.14,5.00001
2.375,46.0,5.5,0.9166666666666666,30.0,2.5,37.63,-122.42,2.75
1.8495,23.0,2.1724941724941726,1.092074592074592,2795.0,3.257575757575758,34.08,-118.29,2.125
5.1171,36.0,6.6454545454545455,1.059090909090909,664.0,3.018181818181818,33.83,-118.11,2.253
2.9732,52.0,5.585284280936455,1.1705685618729098,793.0,2.652173913043478,37.77,-122.26,2.821
1.8269,32.0,4.445544554455446,1.465346534653465,825.0,2.722772277227723,39.24,-120.02,2.25
6.5945,21.0,8.132992327365729,1.1099744245524297,1413.0,3.613810741687979,33.9,-117.88,2.773
4.6875,34.0,5.857142857142857,1.0267857142857142,342.0,3.0535714285714284,37.66,-122.1,2.006
2.0154,23.0,5.606185567010309,1.109278350515464,930.0,1.9175257731958764,33.75,-116.89,0.817
3.79,52.0,4.643867924528302,0.9174528301886792,877.0,2.068396226415094,32.74,-117.12,1.634
2.5703,45.0,4.874251497005988,1.0538922155688624,754.0,2.25748502994012,35.42,-119.03,0.624
10.0346,28.0,8.134038800705467,1.072310405643739,1686.0,2.973544973544973,37.36,-122.07,5.00001
4.5042,9.0,7.129129129129129,1.117117117117117,884.0,2.6546546546546548,39.04,-121.07,2.064
3.0833,27.0,4.714285714285714,0.9806949806949808,606.0,2.33976833976834,32.76,-117.08,1.554
3.1392,52.0,4.993231810490694,1.0947546531302876,1448.0,2.4500846023688663,37.78,-122.47,4.224
11.6833,21.0,8.497635933806146,1.033096926713948,2440.0,2.884160756501182,37.56,-122.37,5.00001
2.4744,17.0,6.225854383358098,1.4056463595839523,1802.0,2.677563150074294,33.33,-116.74,1.582
2.212,19.0,4.47953216374269,0.9961013645224172,1246.0,2.4288499025341133,34.96,-120.42,1.32
4.551,12.0,6.451313755795981,1.035548686244204,1882.0,2.908809891808346,38.48,-122.74,1.783
3.7414,29.0,6.631067961165049,1.0679611650485437,787.0,2.546925566343042,38.5,-121.5,0.985
3.2287,31.0,4.166666666666667,1.006060606060606,1459.0,2.2106060606060605,37.29,-121.98,2.649
4.4477,4.0,5.752631578947368,1.0252631578947369,2844.0,2.993684210526316,33.17,-117.06,1.748
4.962,20.0,24.532894736842103,4.039473684210527,365.0,2.401315789473684,39.24,-120.07,1.695
2.5644,31.0,5.234527687296417,1.0944625407166124,817.0,2.6612377850162865,35.35,-119.04,0.73
5.308,15.0,6.147668393782383,0.9430051813471504,1280.0,3.316062176165803,36.89,-119.67,1.675
3.9792,3.0,7.235448577680525,1.1155361050328227,7588.0,3.3207877461706783,34.48,-117.36,1.221
4.5,15.0,6.072115384615385,1.0144230769230769,665.0,3.1971153846153846,38.41,-121.94,2.609
2.5833,52.0,3.208791208791209,1.0813186813186813,1165.0,2.56043956043956,37.32,-121.93,1.675
8.2953,11.0,7.471590909090909,0.9289772727272728,1256.0,3.5681818181818183,33.66,-117.69,3.505
2.6538,9.0,4.20327868852459,1.095081967213115,1176.0,3.855737704918033,37.75,-122.41,2.063
4.0806,6.0,5.716269841269841,1.0277777777777777,1432.0,2.8412698412698414,36.32,-119.27,1.102
2.275,28.0,4.218553459119497,1.1132075471698113,2047.0,3.2185534591194966,34.02,-117.34,0.854
3.7736,32.0,4.343283582089552,1.0582089552238807,2583.0,3.855223880597015,34.07,-117.96,1.584
3.6161,11.0,5.640449438202247,1.0337078651685394,1248.0,2.804494382022472,36.72,-119.57,0.995
3.7143,35.0,5.205882352941177,0.9595588235294118,995.0,3.6580882352941178,34.24,-118.43,1.787
4.0132,46.0,4.480295566502463,1.0123152709359606,1534.0,3.7783251231527095,37.73,-122.42,2.294
3.3929,31.0,6.951704545454546,1.3210227272727273,1313.0,3.730113636363636,37.21,-120.24,0.938
3.725,35.0,3.4433198380566803,0.9757085020242916,1428.0,2.890688259109312,33.99,-118.42,2.846
3.5486,20.0,5.655384615384615,1.6615384615384616,615.0,1.892307692307692,32.8,-117.28,1.938
8.1325,24.0,7.292020373514431,1.0449915110356536,3401.0,2.8870967741935485,34.17,-118.21,4.727
5.296,35.0,6.806083650190114,1.0228136882129275,924.0,3.5133079847908744,33.84,-118.1,2.262
1.7292,47.0,3.628032345013477,1.0323450134770888,1452.0,3.913746630727762,34.07,-118.21,1.917
3.0685,33.0,4.155866900175131,0.9667250437828372,1673.0,2.9299474605954465,33.87,-118.15,1.818
2.8311,41.0,4.377260981912145,1.0671834625322998,1222.0,3.157622739018088,33.98,-118.05,1.553
2.2241,21.0,5.218236173393124,1.1360239162929746,1920.0,2.8699551569506725,33.91,-117.47,1.273
3.7917,32.0,5.133709981167608,1.0470809792843692,1513.0,2.849340866290019,33.82,-117.96,1.974
2.1083,20.0,4.20414673046252,1.10207336523126,1142.0,1.821371610845295,37.96,-122.03,1.625
12.8879,28.0,7.703196347031963,1.0319634703196348,2431.0,2.7751141552511416,34.14,-118.51,5.00001
6.3303,14.0,6.028358208955224,0.9985074626865672,1905.0,2.843283582089552,33.92,-117.87,3.03
2.3077,40.0,3.103151862464183,0.9140401146131804,1843.0,5.28080229226361,34.2,-119.17,1.069
5.1701,23.0,5.809891808346213,0.9884080370942812,3827.0,2.957496136012365,37.68,-122.05,2.168
5.8322,14.0,5.689848963821566,1.051282051282051,8117.0,2.8510713031260977,37.57,-122.01,2.818
2.3125,38.0,4.45,0.95,196.0,3.2666666666666666,39.12,-123.19,0.7
4.2656,52.0,4.841463414634147,1.0630081300813008,1096.0,2.227642276422764,37.35,-121.95,2.361
5.8416,25.0,7.273381294964029,1.0611510791366907,639.0,2.2985611510791366,38.57,-121.4,2.976
3.0893,52.0,3.907692307692308,0.9743589743589745,600.0,3.076923076923077,37.79,-122.21,1.25
4.7917,27.0,4.98125,0.921875,1061.0,3.315625,33.84,-118.09,2.177
3.6458,33.0,5.143176733780761,0.96420581655481,1049.0,2.3467561521252795,33.93,-117.99,2.081
5.0866,32.0,6.195426195426196,1.027027027027027,1370.0,2.8482328482328483,33.76,-118.03,2.235
5.0866,35.0,5.55984555984556,1.0308880308880308,743.0,2.8687258687258685,37.36,-121.98,2.546
1.975,26.0,5.282786885245901,1.0737704918032789,1100.0,4.508196721311475,36.06,-118.97,0.514
4.5179,35.0,6.780487804878049,1.113821138211382,392.0,3.186991869918699,34.07,-117.89,2.188
3.3889,15.0,6.094936708860759,1.1424050632911391,917.0,2.901898734177215,35.12,-118.01,0.685
2.8875,17.0,5.676537585421412,1.1252847380410025,1278.0,2.9111617312072893,32.82,-116.92,1.557
2.2393,16.0,5.409259259259259,1.1833333333333331,1838.0,3.403703703703704,33.31,-116.95,1.17
2.5663,26.0,4.036161335187761,1.0584144645340752,2258.0,3.1404728789986094,36.61,-121.84,1.289
4.0132,5.0,26.51141552511416,4.703196347031963,569.0,2.598173515981735,34.25,-116.85,1.631
1.9185,34.0,4.827868852459017,1.0655737704918034,1166.0,4.778688524590164,33.92,-118.27,0.933
8.2737,7.0,7.364768683274021,0.9679715302491104,1843.0,3.2793594306049823,36.86,-119.77,1.935
3.8413,50.0,3.988538681948424,1.0644699140401146,1622.0,2.32378223495702,37.58,-122.34,3.722
1.8977,28.0,2.7169811320754715,1.0075471698113208,891.0,3.362264150943396,34.09,-118.31,1.0
4.6098,24.0,5.4555837563451774,1.0875634517766497,2249.0,2.854060913705584,37.71,-122.43,2.904
2.24,30.0,3.930232558139535,1.0588235294117647,1593.0,2.179206566347469,32.64,-117.07,1.295
2.1905,52.0,3.4619565217391304,1.1358695652173914,1655.0,4.497282608695652,34.03,-118.25,1.24
4.1116,45.0,4.108187134502924,0.9883040935672516,733.0,2.1432748538011697,37.72,-122.48,1.875
3.436,37.0,5.516826923076923,1.0300480769230769,2920.0,3.5096153846153846,38.08,-122.22,0.948
3.3667,45.0,4.992592592592593,0.9814814814814816,639.0,2.3666666666666667,39.15,-123.22,1.152
2.8321,29.0,4.823529411764706,1.1058823529411763,939.0,2.761764705882353,37.79,-122.2,1.5
4.1333,13.0,6.383606557377049,1.0437158469945356,2455.0,2.6830601092896176,34.53,-117.25,1.582
4.25,39.0,5.925764192139738,1.0873362445414847,763.0,3.331877729257642,33.82,-118.27,2.003
4.4567,36.0,5.115384615384615,1.0,1080.0,2.967032967032967,36.95,-122.04,2.638
3.474,24.0,5.25095785440613,1.1053639846743295,1551.0,2.971264367816092,34.89,-116.99,0.705
3.65,10.0,5.502092050209205,1.0603705917513448,5935.0,3.547519426180514,37.82,-121.28,1.194
3.175,27.0,4.791044776119403,0.9552238805970148,214.0,3.194029850746269,34.0,-117.34,1.016
4.9234,25.0,5.824561403508772,0.9166666666666666,691.0,3.030701754385965,34.21,-118.85,2.414
5.6428,43.0,4.980582524271845,0.9514563106796116,266.0,2.5825242718446604,34.01,-118.46,3.431
4.9904,29.0,6.328260869565217,0.967391304347826,1170.0,2.5434782608695654,37.68,-121.0,1.581
3.0536,34.0,4.620087336244541,1.004366812227074,1043.0,4.554585152838428,34.05,-118.04,1.375
3.1912,33.0,5.288753799392097,1.03951367781155,638.0,1.939209726443769,36.63,-121.93,3.198
3.4539,43.0,4.561068702290076,0.9770992366412212,1251.0,4.774809160305344,33.92,-118.22,1.25
2.913,26.0,4.917763157894737,1.0789473684210529,1296.0,4.2631578947368425,34.05,-118.1,1.523
5.5777,21.0,7.51831750339213,1.0529172320217095,2214.0,3.004070556309362,37.94,-122.03,2.793
5.3889,33.0,6.078880407124682,1.0432569974554708,1229.0,3.127226463104326,33.86,-118.11,2.349
5.0162,19.0,7.0534653465346535,1.0495049504950495,1607.0,3.1821782178217823,36.6,-121.7,2.831
3.2125,46.0,5.008746355685132,1.0029154518950438,756.0,2.204081632653061,34.17,-118.34,2.47
2.6172,21.0,5.2719665271966525,1.0292887029288702,805.0,3.368200836820084,32.8,-115.48,0.885
2.4042,29.0,4.32037037037037,0.9962962962962963,1120.0,2.074074074074074,37.68,-122.09,2.056
5.0787,45.0,5.790625,1.025,945.0,2.953125,33.84,-118.17,2.192
5.0532,19.0,4.973796033994335,1.0892351274787535,3993.0,2.8279036827195467,33.81,-118.29,2.182
3.2061,41.0,3.868263473053892,1.1122754491017963,1058.0,1.583832335329341,34.0,-118.48,3.7
6.3249,15.0,6.869070208728653,1.045540796963947,4178.0,2.6426312460468058,34.26,-118.62,2.621
5.0255,45.0,6.487394957983193,1.0252100840336134,614.0,2.5798319327731094,37.93,-122.07,2.26
3.1982,29.0,4.78698224852071,1.047337278106509,3036.0,3.5928994082840235,37.36,-121.83,1.717
3.9659,33.0,5.322314049586777,1.0661157024793388,334.0,2.760330578512397,40.73,-124.1,1.118
4.5938,18.0,6.153664302600473,1.1300236406619386,1158.0,2.7375886524822697,36.33,-119.32,1.505
1.4444,32.0,2.225563909774436,1.045112781954887,511.0,3.842105263157895,33.78,-118.25,1.821
3.875,31.0,4.416666666666667,0.8809523809523809,208.0,2.4761904761904763,38.73,-122.0,1.375
6.1599,34.0,5.833333333333333,0.9758454106280192,1278.0,3.0869565217391304,33.85,-118.37,3.412
7.1155,52.0,8.82213438735178,1.150197628458498,731.0,2.889328063241107,37.97,-122.55,5.00001
3.6528,34.0,6.640449438202247,1.5617977528089888,327.0,3.6741573033707855,32.82,-115.32,1.0
5.0249,5.0,7.024615384615385,1.0369230769230768,999.0,3.0738461538461537,33.22,-117.27,1.967
5.9941,23.0,6.495274102079395,1.0680529300567108,1729.0,3.268431001890359,34.05,-118.11,2.667
2.1935,15.0,5.299047619047619,1.1028571428571428,983.0,1.8723809523809525,33.49,-117.67,1.833
2.5833,35.0,4.472906403940887,1.1133004926108374,667.0,3.2857142857142856,34.1,-117.46,0.935
2.6159,19.0,3.292091836734694,1.093112244897959,2004.0,2.556122448979592,34.21,-118.6,1.823
5.4741,24.0,6.587798845836768,1.0601813685078318,4017.0,3.311624072547404,37.24,-121.84,2.388
6.0597,29.0,6.176039119804401,0.9486552567237164,1092.0,2.6699266503667483,34.45,-119.74,3.831
4.7831,24.0,5.303875968992248,1.0170542635658917,2220.0,3.441860465116279,34.22,-119.03,2.142
4.7917,36.0,5.1246290801186944,1.0089020771513353,952.0,2.8249258160237387,37.56,-122.31,3.16
1.3371,29.0,7.705128205128205,1.858974358974359,383.0,2.4551282051282053,34.2,-116.06,0.669
1.625,38.0,4.052631578947368,1.0736842105263158,402.0,4.231578947368421,34.04,-118.17,1.297
2.9292,29.0,4.505747126436781,0.9540229885057472,1681.0,3.864367816091954,34.09,-117.33,0.845
3.6625,35.0,4.8986175115207375,1.044546850998464,1882.0,2.890937019969278,33.9,-118.32,1.88
1.62,19.0,3.28352490421456,1.0102171136653897,1205.0,1.5389527458492975,32.64,-117.09,1.313
2.2407,38.0,5.219858156028369,1.0815602836879432,670.0,2.375886524822695,35.35,-119.02,0.76
4.3529,38.0,6.154723127035831,1.0,1495.0,2.43485342019544,32.77,-117.07,1.84
3.7545,52.0,5.242774566473988,1.1194605009633911,1043.0,2.009633911368016,37.75,-122.43,3.837
1.7616,52.0,5.602150537634409,1.1612903225806452,1789.0,3.206093189964158,38.55,-121.46,0.841
2.7368,29.0,5.181034482758621,0.9913793103448276,2317.0,3.329022988505747,38.49,-121.5,0.782
1.913,35.0,2.9674620390455533,1.054229934924078,2239.0,4.856832971800434,34.02,-118.25,1.143
3.233,33.0,5.166841552990556,1.0566631689401889,3502.0,3.6747114375655823,34.08,-117.34,0.994
2.8056,26.0,4.673684210526316,0.95,992.0,2.610526315789474,40.76,-124.17,0.828
7.8997,36.0,6.755605381165919,0.9551569506726456,2314.0,2.594170403587444,37.58,-122.39,5.00001
2.3654,14.0,4.931623931623932,1.150997150997151,1269.0,3.615384615384616,33.89,-117.58,1.079
4.3409,40.0,5.134883720930232,1.041860465116279,669.0,3.1116279069767443,36.98,-121.99,2.563
2.1429,43.0,3.2742382271468142,1.0969529085872576,1359.0,1.882271468144044,37.8,-122.25,2.5
4.3513,12.0,6.184840425531915,1.0658244680851063,4074.0,2.708776595744681,33.07,-117.14,1.996
2.7652,19.0,4.031775700934579,1.0355140186915888,1349.0,2.521495327102804,32.81,-117.13,1.774
4.6528,27.0,5.018965517241379,0.9689655172413794,1773.0,3.056896551724138,34.28,-118.71,1.866
3.6654,35.0,5.182352941176471,0.9352941176470588,605.0,3.5588235294117645,33.91,-118.32,1.845
6.1885,10.0,6.631578947368421,0.9818511796733213,1638.0,2.972776769509982,34.26,-119.17,2.673
6.8,33.0,6.539877300613497,1.1717791411042944,403.0,2.4723926380368098,38.37,-122.39,2.408
9.8144,35.0,7.024271844660194,0.9951456310679612,619.0,3.004854368932039,37.35,-122.07,5.00001
2.0348,17.0,2.6659815005138747,1.0565262076053443,3950.0,4.059609455292908,34.2,-118.39,1.772
5.5,18.0,6.743902439024391,1.2195121951219512,215.0,2.6219512195121952,34.0,-116.91,1.938
3.2308,39.0,4.478036175710594,1.1085271317829457,855.0,2.209302325581396,34.03,-118.43,3.408
7.5139,29.0,7.931071049840933,1.0360551431601273,2744.0,2.9098621420996817,37.84,-121.96,3.982
3.3173,12.0,4.00462962962963,1.102777777777778,1897.0,1.7564814814814815,33.93,-117.9,2.474
3.9848,27.0,5.011472275334608,0.9808795411089866,1063.0,2.032504780114723,37.36,-122.05,4.097
6.0959,3.0,5.530586766541823,1.0499375780274656,2559.0,3.194756554307116,37.37,-121.88,2.727
3.9702,36.0,5.297071129707113,0.9539748953974896,606.0,2.5355648535564854,37.7,-122.14,1.941
2.625,31.0,4.416666666666667,0.9345238095238096,1163.0,3.461309523809524,37.96,-121.22,0.721
5.3057,26.0,4.596875,1.0875,1089.0,3.403125,37.44,-121.88,2.264
4.4539,28.0,4.889417360285375,1.0237812128418549,3211.0,3.8180737217598097,33.83,-118.26,1.922
6.6331,36.0,6.228699551569507,1.0089686098654709,623.0,2.7937219730941703,37.29,-121.9,2.833
4.2204,29.0,5.8457223001402525,1.040673211781206,2096.0,2.9396914446002804,32.63,-117.06,1.698
2.5288,16.0,5.315638450502152,1.06025824964132,2463.0,3.533715925394548,36.98,-120.05,0.618
3.3098,30.0,5.742957746478873,1.0,788.0,2.7746478873239435,38.32,-122.49,1.955
1.7155,51.0,4.087671232876712,1.0547945205479452,736.0,2.016438356164384,38.57,-121.49,1.088
4.35,28.0,4.615384615384615,0.7692307692307693,46.0,3.5384615384615383,36.72,-119.83,0.675
3.9063,32.0,5.404109589041096,0.9726027397260274,836.0,2.863013698630137,37.64,-122.09,1.842
3.3958,26.0,5.795081967213115,1.024590163934426,1125.0,3.0737704918032787,39.18,-121.67,0.946
3.8571,42.0,5.132780082987552,0.9626556016597512,900.0,3.734439834024896,37.37,-121.84,1.875
0.8131,8.0,3.114343029087262,1.259779338014042,1086.0,1.0892678034102308,34.05,-118.25,2.75
5.7089,26.0,6.694290976058932,1.0441988950276244,1779.0,3.276243093922652,33.81,-118.03,2.374
1.8977,35.0,5.245901639344262,1.1885245901639343,1723.0,2.824590163934426,32.67,-117.07,0.956
3.0329,30.0,3.501905972045744,1.0902160101651843,1806.0,2.2947903430749683,33.89,-118.3,2.078
4.5237,5.0,6.1037344398340245,1.12070916635232,8152.0,3.075066012825349,34.55,-118.08,1.418
4.2356,21.0,4.75,1.015625,1251.0,2.171875,33.02,-117.28,3.477
4.0375,29.0,6.447222222222222,1.0194444444444444,1173.0,3.2583333333333333,32.78,-115.57,0.864
5.4858,5.0,5.204488778054863,1.0149625935162094,840.0,2.0947630922693268,37.68,-122.18,1.878
2.5267,14.0,3.359570661896244,1.0983899821109124,1874.0,3.3524150268336315,34.2,-118.36,2.318
1.9375,35.0,4.386252045826514,1.037643207855974,2188.0,3.5810147299509003,37.94,-121.28,0.567
1.0898,45.0,3.327659574468085,1.148936170212766,1030.0,4.382978723404255,34.01,-118.25,0.934
4.0385,12.0,4.565573770491803,0.9815573770491804,1122.0,2.2991803278688523,33.67,-117.99,3.5
3.7109,35.0,4.912332838038633,1.0104011887072808,1742.0,2.588410104011887,33.95,-117.39,1.091
2.1418,13.0,4.620558375634518,1.1383248730964468,1737.0,2.204314720812183,37.32,-120.48,1.306
3.5954,13.0,5.387195121951219,1.0416666666666667,2870.0,2.9166666666666665,34.04,-117.7,1.63
2.2866,19.0,4.143884892086331,1.0287769784172662,2010.0,3.615107913669065,32.7,-117.03,1.099
3.0964,31.0,4.566795366795367,1.0108108108108107,2999.0,2.315830115830116,37.69,-122.07,1.905
2.4474,19.0,5.20042643923241,0.9850746268656716,1416.0,3.0191897654584223,36.45,-119.86,0.756
3.1979,16.0,5.723374827109267,1.0484094052558783,1762.0,2.437067773167358,38.27,-121.99,1.375
2.3393,48.0,5.148148148148148,1.0509259259259258,583.0,2.699074074074074,37.96,-121.31,0.776
8.0428,3.0,8.23943661971831,1.0422535211267605,493.0,3.471830985915493,34.16,-118.94,5.00001
6.1309,52.0,6.578199052132701,1.009478672985782,513.0,2.4312796208530805,32.75,-117.19,4.116
2.7367,21.0,4.108389786347056,1.04794163626889,4907.0,2.5570609692548203,36.69,-121.65,1.603
3.9615,45.0,4.361746361746362,1.0103950103950103,1343.0,2.7920997920997923,34.02,-118.38,2.686
3.0417,52.0,4.638115631691649,1.0342612419700214,1308.0,2.8008565310492504,34.17,-118.12,2.226
3.9567,52.0,5.173664122137405,1.1278625954198471,1848.0,3.5267175572519083,37.71,-122.44,2.515
2.2125,52.0,5.124293785310734,1.0169491525423728,479.0,2.7062146892655368,38.56,-121.46,1.04
2.3846,22.0,5.1528662420382165,1.1464968152866242,334.0,2.127388535031847,33.48,-117.66,5.00001
2.295,32.0,3.695364238410596,1.086092715231788,1265.0,4.188741721854305,33.95,-118.21,1.552
3.5398,52.0,5.4373522458628845,1.0472813238770686,1225.0,2.895981087470449,37.78,-122.2,1.584
4.6875,36.0,5.108504398826979,0.997067448680352,857.0,2.5131964809384164,33.82,-118.11,2.182
5.7519,27.0,6.298192771084337,1.0120481927710845,1037.0,3.1234939759036147,33.88,-117.89,2.434
3.875,22.0,4.313775510204081,1.020408163265306,2688.0,3.4285714285714284,33.93,-118.03,1.647
3.2806,45.0,4.30544747081712,1.0972762645914398,1920.0,3.735408560311284,37.32,-121.88,1.642
6.5162,27.0,7.124610591900312,0.9968847352024922,967.0,3.012461059190031,34.19,-118.85,3.494
2.152,35.0,3.379120879120879,1.1181318681318682,1512.0,4.153846153846154,33.99,-118.18,1.708
5.6916,30.0,7.022653721682848,1.029126213592233,984.0,3.184466019417476,34.12,-118.04,5.00001
4.9779,23.0,4.858012170385395,1.0101419878296145,1309.0,2.655172413793104,33.9,-118.34,2.246
2.2888,46.0,5.317865429234339,1.0951276102088168,970.0,2.250580046403712,38.16,-121.69,0.949
3.6007,10.0,5.548076923076923,0.9583333333333334,1056.0,3.3846153846153846,34.44,-117.31,1.04
3.4911,6.0,7.593360995850622,1.3402489626556016,1243.0,2.578838174273859,35.08,-118.61,1.372
3.52,32.0,5.897297297297297,1.0972972972972972,1122.0,3.0324324324324325,36.96,-122.03,2.842
1.9928,42.0,4.077844311377246,1.0219560878243512,1634.0,3.261477045908184,34.03,-118.35,1.254
1.6006,52.0,4.427083333333333,1.0173611111111112,1246.0,2.1631944444444446,34.07,-117.75,1.462
3.9265,31.0,5.062857142857143,1.008571428571429,1090.0,3.1142857142857143,32.83,-117.18,1.62
4.1047,52.0,3.935483870967742,1.0521091811414391,1259.0,1.5620347394540943,37.8,-122.43,4.667
7.203,19.0,7.205056179775281,1.0407303370786516,1887.0,2.6502808988764044,37.83,-122.11,3.699
2.9258,26.0,4.302005012531328,1.093984962406015,1492.0,1.8696741854636592,32.8,-117.24,2.348
3.7969,40.0,5.949781659388647,1.1593886462882097,1167.0,2.5480349344978164,38.36,-122.54,2.028
6.7206,26.0,6.889980353634577,1.005893909626719,1712.0,3.3634577603143416,37.62,-122.45,3.446
5.6206,44.0,4.84375,0.9340277777777778,736.0,2.555555555555556,37.59,-122.34,3.864
3.6292,8.0,5.593659942363113,1.0605187319884726,2864.0,2.751200768491835,38.45,-122.76,1.836
2.1734,21.0,3.905263157894737,1.0368421052631578,984.0,2.5894736842105264,36.98,-122.02,1.875
3.2614,27.0,5.947103274559194,1.1309823677581865,1782.0,4.488664987405541,36.99,-121.54,3.05
7.457,30.0,6.759595959595959,0.9838383838383838,1296.0,2.618181818181818,34.16,-118.63,3.927
2.964,14.0,5.817567567567568,1.108108108108108,3136.0,3.027027027027027,33.75,-116.93,1.215
2.5909,36.0,4.81858407079646,1.0619469026548674,623.0,2.756637168141593,32.83,-117.2,1.76
3.7969,33.0,5.122112211221122,0.9504950495049505,1326.0,4.376237623762377,34.07,-117.7,1.284
7.2905,23.0,6.401663695781343,1.0314913844325608,3895.0,2.314319667260844,37.89,-122.47,5.00001
2.1287,13.0,3.875565610859729,1.158371040723982,1978.0,4.475113122171946,33.53,-116.17,0.586
4.475,32.0,3.923512747875354,1.0084985835694051,1096.0,3.104815864022663,37.66,-122.41,2.467
2.4688,38.0,4.146825396825397,1.0297619047619049,1871.0,3.712301587301587,33.96,-118.21,1.69
3.2667,17.0,6.225331369661267,1.0736377025036818,1809.0,2.6642120765832105,37.82,-120.79,2.695
4.6932,40.0,4.492424242424242,1.0378787878787878,371.0,2.810606060606061,34.02,-118.4,3.328
4.131,52.0,5.854054054054054,1.1432432432432431,1072.0,2.897297297297297,37.74,-122.48,3.143
4.381,32.0,5.3627760252365935,1.0725552050473186,864.0,2.725552050473186,33.87,-118.29,2.387
2.9125,28.0,3.748159057437408,1.1075110456553756,1548.0,2.279823269513991,34.02,-118.49,4.75
3.631,32.0,9.179775280898877,2.3146067415730336,224.0,2.5168539325842696,41.15,-122.68,0.904
4.8214,35.0,5.523668639053255,1.014792899408284,1213.0,3.588757396449704,37.54,-122.03,1.86
5.0391,28.0,5.867796610169491,1.0,810.0,2.7457627118644066,37.91,-122.07,2.598
2.108,52.0,5.24468085106383,0.946808510638298,189.0,2.0106382978723403,38.75,-121.28,0.838
5.1292,24.0,5.815789473684211,1.0789473684210529,75.0,1.973684210526316,37.9,-122.56,3.625
5.6017,29.0,4.263803680981595,1.0899795501022496,919.0,1.879345603271984,33.85,-118.4,4.3
2.0437,36.0,3.9643799472295513,1.017150395778364,2054.0,2.7097625329815305,34.04,-118.38,3.091
5.01,20.0,17.54609929078014,4.432624113475177,338.0,2.397163120567376,37.65,-118.99,1.955
6.4865,2.0,8.052670080468179,1.1331382589612289,4098.0,2.997805413313826,34.6,-118.16,2.044
2.6152,17.0,4.62483039348711,1.10719131614654,4526.0,3.07055630936228,33.13,-117.07,1.353
2.9832,22.0,4.718978102189781,1.0197080291970804,2694.0,1.9664233576642336,34.18,-119.2,1.656
2.6321,21.0,4.132264529058117,1.056112224448898,2162.0,2.1663326653306614,37.7,-122.13,2.231
5.8096,20.0,8.16588785046729,1.0490654205607477,1629.0,3.80607476635514,34.27,-118.75,2.644
5.1408,33.0,5.359861591695502,0.9134948096885812,881.0,3.0484429065743943,34.27,-118.47,2.229
8.2266,28.0,9.163865546218489,1.1932773109243695,728.0,3.0588235294117645,37.36,-122.08,5.00001
5.7951,24.0,6.63575042158516,1.053962900505902,1912.0,3.224283305227656,33.89,-117.84,2.269
2.1094,24.0,2.843446601941748,1.0121359223300972,3537.0,4.29247572815534,34.06,-118.03,1.352
3.6389,42.0,3.994296577946768,0.9961977186311788,1212.0,2.304182509505704,37.34,-121.92,2.392
3.4231,15.0,5.442508710801394,0.9581881533101044,961.0,3.3484320557491287,36.2,-119.32,0.833
6.4319,34.0,6.514044943820225,0.9382022471910112,941.0,2.643258426966292,33.95,-118.11,4.523
1.9354,35.0,2.7146984470928133,1.0693391115926327,5899.0,2.1303719754423978,34.1,-118.3,3.4
2.2326,42.0,4.761467889908257,1.0596330275229358,1641.0,3.763761467889908,34.19,-118.16,1.492
1.9028,36.0,3.2948717948717947,0.9786324786324786,1711.0,3.655982905982906,33.96,-118.22,1.642
7.3356,38.0,5.894904458598727,1.0573248407643312,750.0,2.388535031847134,33.89,-118.39,4.227
5.5922,21.0,6.16728624535316,1.0743494423791822,1273.0,2.366171003717472,32.99,-117.27,3.821
2.6036,29.0,3.327698309492848,1.023407022106632,1886.0,2.4525357607282183,34.25,-118.28,1.621
3.0513,15.0,4.756916996047431,1.1640316205533596,1591.0,3.144268774703557,33.8,-118.18,1.481
4.0,36.0,5.101769911504425,0.991150442477876,639.0,2.827433628318584,33.94,-118.32,1.92
3.8913,40.0,5.666666666666667,1.003921568627451,849.0,3.3294117647058825,37.75,-122.15,1.263
3.8141,52.0,5.568,1.0346666666666666,908.0,2.421333333333333,34.08,-118.35,3.42
2.1071,52.0,4.228915662650603,0.9879518072289156,1036.0,4.160642570281125,34.03,-118.19,1.367
2.6528,9.0,8.010752688172044,1.586021505376344,2233.0,2.401075268817204,37.97,-120.67,1.33
3.7589,26.0,5.5537459283387625,1.1205211726384363,1605.0,5.228013029315961,34.97,-120.44,1.137
5.5787,42.0,6.306451612903226,1.0806451612903225,602.0,3.236559139784946,33.93,-118.31,1.42
3.5208,21.0,5.02112676056338,1.0,476.0,3.352112676056338,33.92,-117.46,1.211
3.25,37.0,4.66896551724138,1.0103448275862068,753.0,2.5965517241379312,35.29,-120.68,2.25
2.71,34.0,4.772388059701493,1.0634328358208955,963.0,3.593283582089552,38.52,-121.46,0.656
4.0833,41.0,6.598591549295775,1.1126760563380282,396.0,2.788732394366197,36.06,-119.0,0.813
3.024,27.0,4.725536992840095,1.0572792362768495,2807.0,3.3496420047732696,33.97,-117.35,1.225
3.9659,33.0,5.322314049586777,1.0661157024793388,334.0,2.760330578512397,40.73,-124.1,1.118
1.4712,12.0,5.251937984496124,1.1143410852713178,1724.0,3.3410852713178296,36.98,-120.06,0.604
3.1486,14.0,5.218340611353712,0.960698689956332,568.0,2.480349344978166,36.33,-119.35,1.056
2.4931,32.0,4.316363636363636,1.098181818181818,1003.0,3.647272727272728,33.82,-117.9,1.669
1.6033,44.0,4.951289398280802,1.0515759312320916,1042.0,2.98567335243553,38.64,-121.42,0.585
5.618,44.0,6.133971291866029,1.0334928229665072,494.0,2.363636363636364,33.96,-118.42,3.659
4.375,38.0,5.40084388185654,0.9746835443037974,828.0,3.4936708860759493,34.18,-118.17,1.667
3.9673,24.0,4.291153415453527,1.0627099664053752,1613.0,1.8062709966405373,34.05,-118.43,4.773
6.5095,38.0,6.080882352941177,1.0588235294117647,368.0,2.7058823529411766,37.9,-122.1,2.944
2.5383,11.0,4.471327572663001,1.0573448546739983,5682.0,4.463472113118617,33.69,-116.19,0.74
2.7958,32.0,5.063260340632604,1.1484184914841848,1342.0,3.265206812652068,37.95,-121.23,0.59
3.692,46.0,5.67479674796748,1.195121951219512,608.0,2.4715447154471546,34.16,-118.34,2.445
3.0187,16.0,3.883578431372549,1.0833333333333333,4718.0,2.89093137254902,34.23,-118.46,1.546
5.1718,31.0,5.676416819012797,1.0639853747714807,1359.0,2.4844606946983547,34.16,-118.23,4.291
4.5179,25.0,5.40117994100295,1.0176991150442478,809.0,2.3864306784660765,33.81,-118.01,1.771
5.7819,19.0,6.178885630498534,0.9736070381231672,874.0,2.563049853372434,38.5,-122.63,2.656
3.8421,29.0,4.676470588235294,1.0058823529411764,1788.0,3.5058823529411764,37.46,-121.9,2.207
3.0321,32.0,4.292242295430393,1.0456960680127525,2675.0,2.842720510095643,34.23,-118.53,2.4
3.875,32.0,5.361702127659575,1.1094224924012157,924.0,2.8085106382978724,34.14,-117.88,1.867
3.5172,35.0,5.023880597014926,1.035820895522388,1242.0,3.707462686567164,33.8,-117.86,1.904
4.9028,15.0,6.391666666666667,1.0458333333333334,761.0,3.1708333333333334,34.87,-120.41,1.936
3.4375,17.0,4.155555555555556,1.022222222222222,412.0,2.2888888888888888,37.4,-122.09,2.906
3.1484,17.0,4.486280487804878,1.1722560975609757,1312.0,2.0,34.16,-118.26,1.875
5.1071,41.0,6.918128654970761,1.1871345029239766,455.0,2.6608187134502925,37.47,-122.24,3.141
3.3989,25.0,3.8832913518052057,1.0973971452560871,1739.0,1.4601175482787574,34.08,-118.38,4.85
2.4615,16.0,5.311475409836065,1.0,135.0,2.2131147540983607,37.86,-120.23,1.375
2.8182,29.0,5.427083333333333,1.0173611111111112,883.0,3.0659722222222223,36.84,-120.44,0.905
3.5652,16.0,6.192,1.18,605.0,2.42,39.05,-122.92,1.19
1.5642,15.0,4.403292181069959,1.0534979423868314,1070.0,4.403292181069959,36.62,-119.32,0.515
1.7292,47.0,3.628032345013477,1.0323450134770888,1452.0,3.913746630727762,34.07,-118.21,1.917
1.6221,41.0,3.82560706401766,1.086092715231788,1776.0,3.9205298013245033,34.0,-118.26,1.042
5.0025,32.0,5.93211009174312,1.0146788990825688,1678.0,3.078899082568807,34.2,-118.62,2.349
2.0885,35.0,4.812064965197216,1.1067285382830627,1687.0,3.91415313225058,37.62,-121.01,0.737
2.6729,22.0,4.037433155080214,1.1354723707664884,1684.0,3.001782531194296,34.15,-118.27,2.171
6.0531,25.0,5.833333333333333,1.0021097046413503,1666.0,3.5147679324894514,33.8,-117.81,2.307
5.5942,5.0,6.715203426124197,1.0728051391862956,1327.0,2.841541755888651,38.13,-121.32,1.869
6.0704,26.0,7.359090909090909,1.018181818181818,706.0,3.209090909090909,37.94,-122.01,2.68
3.2093,32.0,4.788405797101449,1.0347826086956522,2032.0,2.944927536231884,33.98,-118.07,1.678
3.9607,18.0,5.832699619771863,1.0456273764258557,741.0,2.817490494296578,38.12,-121.29,1.325
3.1167,20.0,4.52720207253886,1.0595854922279793,2186.0,2.83160621761658,36.96,-121.98,2.583
5.5673,7.0,5.865384615384615,1.1394230769230769,2710.0,2.605769230769231,32.81,-117.09,2.882
3.8424,21.0,5.851282051282051,1.317948717948718,671.0,3.441025641025641,36.75,-121.76,1.557
3.4722,35.0,3.822274881516588,1.014218009478673,675.0,1.599526066350711,37.83,-122.25,2.431
2.525,26.0,3.3160377358490565,0.9528301886792452,757.0,3.570754716981132,33.87,-118.2,1.555
3.25,52.0,3.681034482758621,0.7931034482758621,233.0,2.0086206896551726,34.02,-118.35,1.347
4.6607,33.0,5.996621621621622,1.0439189189189189,1071.0,3.618243243243243,34.36,-118.93,1.879
4.0987,37.0,4.804913294797688,1.060693641618497,1468.0,2.121387283236994,37.58,-122.36,4.34
1.468,47.0,1.680773881499395,1.0544135429262391,2860.0,3.4582829504232167,34.06,-118.3,1.375
3.5375,35.0,6.543956043956044,1.043956043956044,537.0,2.9505494505494507,36.74,-119.85,0.967
2.9054,44.0,5.206185567010309,1.0120274914089349,1373.0,2.359106529209622,38.31,-122.27,1.552
6.0394,16.0,6.29874213836478,0.9433962264150944,1172.0,3.6855345911949686,33.88,-117.97,3.216
5.7871,24.0,6.184294871794871,1.0592948717948718,1972.0,3.16025641025641,33.61,-117.67,2.274
4.8611,16.0,4.87603305785124,1.0743801652892562,178.0,1.4710743801652892,33.61,-117.73,1.868
3.3836,38.0,5.693581780538302,1.184265010351967,1410.0,2.919254658385093,34.08,-117.65,1.449
4.9107,33.0,6.568965517241379,0.9885057471264368,508.0,2.9195402298850577,34.02,-118.1,2.799
1.6505,50.0,3.8387650085763294,1.1543739279588336,2247.0,3.8542024013722127,34.01,-118.29,1.25
3.25,37.0,4.2349726775956285,0.9781420765027322,726.0,3.9672131147540974,34.08,-118.03,1.592
5.2034,29.0,5.645491803278689,1.040983606557377,2046.0,4.192622950819672,33.81,-118.28,2.124
5.2374,26.0,5.2405063291139244,0.9430379746835444,508.0,3.2151898734177213,34.45,-118.53,1.855
1.871,16.0,3.536,1.0,884.0,2.357333333333333,37.61,-120.97,1.039
2.5568,32.0,3.731934731934732,1.0909090909090908,731.0,1.703962703962704,32.8,-117.25,2.583
3.4186,6.0,5.66256157635468,1.0270935960591132,2561.0,3.153940886699508,38.53,-121.99,1.273
7.5839,13.0,8.268907563025211,1.0672268907563025,364.0,3.0588235294117645,33.95,-117.75,4.269
2.1864,17.0,5.818443804034582,1.4293948126801153,899.0,2.590778097982709,40.05,-123.78,1.019
3.7188,46.0,4.434878587196468,1.0242825607064017,761.0,1.6799116997792494,37.79,-122.45,5.00001
4.7386,36.0,5.981081081081081,1.0432432432432432,950.0,2.5675675675675675,37.95,-122.06,1.864
1.8533,15.0,4.9030955585464335,1.0780619111709286,1784.0,2.4010767160161506,41.72,-122.65,0.575
3.6217,20.0,4.536184210526316,1.0953947368421053,937.0,3.082236842105264,33.8,-118.06,1.953
9.6023,21.0,8.286652078774617,1.0765864332603938,1246.0,2.726477024070022,32.79,-117.06,3.913
2.7409,41.0,4.513978494623656,1.0150537634408603,1369.0,2.944086021505376,34.05,-118.34,1.671
5.187,45.0,7.149732620320855,1.0,471.0,2.518716577540107,36.79,-119.8,1.538
2.2431,47.0,6.371165644171779,1.2269938650306749,719.0,2.205521472392638,37.85,-122.27,1.727
5.273,27.0,5.399355877616747,1.0515297906602254,1571.0,2.529790660225443,37.34,-121.99,3.156
5.3743,28.0,5.625954198473282,1.0801526717557253,1445.0,2.7576335877862594,33.87,-118.34,2.865
4.7019,14.0,6.466409266409267,1.0864864864864865,2916.0,2.251737451737452,33.15,-117.11,1.911
0.4999,15.0,11.596491228070176,2.56140350877193,131.0,2.298245614035088,40.43,-123.32,0.567
8.5938,43.0,7.559686888454012,1.050880626223092,1398.0,2.735812133072407,34.04,-118.4,5.00001
0.9589,47.0,3.1724137931034484,0.9252873563218392,593.0,3.4080459770114944,32.7,-117.14,0.9
4.9464,14.0,5.097165991902834,0.9635627530364372,889.0,3.5991902834008096,32.91,-117.15,1.748
3.5096,31.0,5.64055944055944,1.0,2585.0,3.615384615384616,32.61,-117.05,1.399
4.6923,39.0,5.566433566433567,1.0367132867132869,1188.0,2.076923076923077,38.53,-121.5,1.92
1.1667,37.0,4.022792022792022,0.9772079772079773,1127.0,3.2108262108262107,34.12,-117.31,0.709
4.8187,20.0,7.664233576642336,1.1569343065693432,910.0,3.321167883211679,36.96,-120.1,0.909
9.8413,32.0,7.17004048582996,1.0148448043184886,4353.0,2.937246963562753,34.22,-118.19,5.00001
3.3724,16.0,5.740671641791045,1.171641791044776,1479.0,2.7593283582089554,35.94,-121.0,1.146
2.575,45.0,5.663793103448276,1.1939655172413792,649.0,2.7974137931034484,39.17,-122.9,0.736
2.0192,18.0,4.42687074829932,0.979591836734694,1616.0,2.748299319727891,39.75,-122.2,0.637
4.9886,8.0,7.050669772859639,1.1141525917297612,5810.0,3.3838089691322075,33.98,-117.47,1.581
3.1373,23.0,3.752241238793806,1.0749796251018744,2391.0,1.9486552567237163,34.15,-118.37,2.631
5.5777,21.0,7.51831750339213,1.0529172320217095,2214.0,3.004070556309362,37.94,-122.03,2.793
4.8125,48.0,6.764309764309765,1.127946127946128,919.0,3.0942760942760943,33.99,-118.34,1.705
2.9821,17.0,13.473039215686274,2.588235294117647,997.0,2.4436274509803924,38.25,-120.34,1.115
8.9063,5.0,8.944642857142858,1.1008928571428571,4253.0,3.7973214285714287,34.24,-118.94,5.00001
4.5357,25.0,6.013371537726838,1.0334288443170965,3200.0,3.0563514804202483,37.69,-121.79,1.884
1.3125,37.0,3.25,0.967391304347826,318.0,3.4565217391304346,34.1,-118.17,1.458
5.4797,23.0,6.6937984496124034,1.0232558139534884,833.0,3.228682170542636,38.67,-121.28,1.6
2.9107,22.0,4.173076923076923,1.140384615384615,850.0,1.6346153846153846,34.07,-118.4,5.00001
4.125,15.0,9.497607655502392,1.7272727272727273,536.0,2.5645933014354068,33.05,-116.56,1.482
0.9518,27.0,3.0179640718562872,0.8502994011976048,789.0,4.724550898203593,33.95,-118.23,0.914
2.1467,15.0,4.321951219512195,0.9951219512195122,576.0,2.8097560975609754,39.6,-121.54,0.841
3.6214,28.0,2.849056603773585,0.9764150943396226,615.0,2.900943396226415,33.84,-117.94,1.821
6.5851,26.0,7.989949748743719,0.984924623115578,654.0,3.28643216080402,34.21,-118.88,3.0
5.0497,31.0,4.875,1.1180555555555556,236.0,1.6388888888888888,33.89,-118.41,5.00001
2.7268,30.0,4.1969072164948455,1.1,2144.0,2.210309278350516,33.85,-118.15,2.181
2.5263,52.0,5.81981981981982,1.3490990990990992,790.0,1.779279279279279,36.62,-121.92,2.864
4.0481,7.0,22.22826086956522,3.891304347826087,245.0,2.6630434782608696,39.36,-120.23,1.523
4.4271,28.0,5.743055555555555,1.2361111111111112,703.0,4.881944444444445,36.86,-121.73,1.757
4.4728,17.0,6.042857142857143,1.0464285714285717,934.0,3.335714285714286,33.73,-117.92,2.058
9.6885,20.0,8.16842105263158,1.0921052631578947,1061.0,2.792105263157895,34.4,-119.79,5.00001
4.375,45.0,5.413551401869159,1.0467289719626167,1057.0,2.4696261682243,33.79,-118.13,2.348
3.3616,35.0,5.8893280632411065,1.0,705.0,2.7865612648221343,34.15,-117.27,0.953
2.4618,42.0,5.047112462006079,1.0455927051671732,1346.0,2.045592705167173,38.54,-121.43,1.013
1.5872,52.0,3.5324858757062145,1.0692090395480225,1081.0,1.5268361581920904,38.58,-121.48,1.575
8.1871,18.0,10.581521739130435,1.358695652173913,605.0,3.2880434782608696,37.35,-121.75,5.00001
4.9083,52.0,6.749253731343283,0.9791044776119404,819.0,2.444776119402985,37.9,-122.28,3.468
4.2009,7.0,4.843890478136494,1.0997139354311405,4404.0,1.7997548017981202,34.18,-118.59,2.713
2.3547,31.0,4.174496644295302,1.0402684563758389,821.0,1.83668903803132,37.33,-121.95,2.759
5.7695,3.0,4.8262626262626265,1.0575757575757576,2522.0,2.547474747474748,37.38,-121.89,2.714
3.425,28.0,4.841726618705036,1.0467625899280577,1575.0,5.66546762589928,33.75,-117.9,1.595
8.6196,11.0,5.8133333333333335,0.9333333333333332,212.0,2.8266666666666667,37.29,-122.12,5.00001
4.5428,52.0,5.283495145631068,1.050485436893204,1185.0,2.300970873786408,37.8,-122.22,2.398
2.1949,22.0,5.1937984496124034,1.246124031007752,1644.0,3.186046511627907,32.65,-116.45,1.271
4.2375,7.0,3.8892355694227767,1.0811232449297972,951.0,1.4836193447737909,32.71,-117.17,2.05
10.6834,28.0,7.702479338842975,1.0055096418732783,1085.0,2.9889807162534434,37.24,-122.02,5.00001
5.3698,20.0,5.34020618556701,1.041237113402062,589.0,3.036082474226804,38.6,-122.47,3.033
7.0422,52.0,7.045454545454546,1.0909090909090908,967.0,2.585561497326203,37.57,-122.34,5.00001
3.1827,43.0,5.515527950310559,1.0559006211180124,514.0,3.192546583850932,34.04,-118.37,2.028
2.3566,15.0,5.665775401069519,1.0401069518716577,1079.0,2.885026737967914,39.43,-121.52,0.804
3.0204,8.0,5.469267139479905,1.0484633569739952,2739.0,3.2375886524822697,34.48,-117.32,0.931
3.1588,30.0,4.069825436408977,1.0,1357.0,3.3840399002493764,34.29,-118.44,1.601
4.6625,14.0,5.554006968641115,1.0174216027874563,887.0,3.0905923344947737,37.58,-121.47,2.94
7.248,24.0,6.557823129251701,0.9642857142857144,1741.0,2.9608843537414966,33.7,-118.01,3.027
10.8783,52.0,8.503184713375797,0.961783439490446,402.0,2.560509554140128,37.79,-122.44,5.00001
1.7179,5.0,3.796833773087071,1.0356200527704484,1727.0,2.278364116094987,32.74,-117.04,1.32
2.6842,44.0,5.169642857142857,1.0089285714285714,1094.0,4.883928571428571,37.88,-121.38,1.563
2.0,15.0,6.479423868312757,1.4670781893004117,1281.0,2.635802469135802,34.85,-116.51,0.647
4.2614,36.0,5.506203473945409,1.0074441687344913,1219.0,3.0248138957816377,33.87,-118.33,2.671
4.4063,23.0,5.6679174484052535,0.9887429643527204,1580.0,2.964352720450281,34.01,-117.32,1.299
3.5893,25.0,5.7695852534562215,0.9539170506912442,587.0,2.705069124423963,38.68,-121.32,1.464
3.1912,20.0,3.8947368421052633,1.0820073439412483,1770.0,2.1664626682986534,33.73,-117.99,2.208
5.451,35.0,6.024742268041237,1.045360824742268,1130.0,2.329896907216495,34.17,-118.43,3.418
3.125,34.0,4.923076923076923,0.9879807692307692,1456.0,3.5,34.1,-117.89,1.686
8.4889,40.0,6.878552971576228,0.979328165374677,1151.0,2.9741602067183464,34.14,-118.06,5.00001
1.5957,18.0,6.327586206896552,1.559386973180077,986.0,1.8888888888888888,35.7,-118.5,1.014
1.4282,18.0,4.8405275779376495,1.1870503597122302,2722.0,3.26378896882494,37.73,-122.38,1.404
3.3922,26.0,3.862745098039216,1.0098039215686274,620.0,2.026143790849673,37.28,-121.98,2.691
2.6684,50.0,3.544573643410853,1.0387596899224807,1129.0,2.187984496124031,37.87,-122.29,1.856
3.2404,36.0,4.955882352941177,1.0147058823529411,223.0,3.2794117647058822,36.97,-122.03,2.25
4.0,32.0,5.5,1.033112582781457,1201.0,3.97682119205298,33.92,-117.95,1.782
5.1437,4.0,4.96480743691899,1.046480743691899,2937.0,1.950199203187251,37.72,-121.92,2.994
6.871,52.0,5.859813084112149,1.0404984423676011,640.0,1.9937694704049844,34.06,-118.42,5.00001
5.8704,17.0,6.314565483476132,1.018359853121175,3174.0,3.884944920440637,37.6,-122.06,2.344
3.6471,19.0,6.479338842975206,0.962809917355372,1631.0,3.3698347107438016,37.32,-120.45,1.014
3.6629,33.0,5.383084577114428,0.9966832504145936,1585.0,2.628524046434494,34.01,-118.35,3.532
3.4107,13.0,5.15625,1.125,822.0,12.84375,32.75,-115.5,1.425
1.3882,47.0,4.394190871369295,1.112033195020747,693.0,2.87551867219917,36.33,-119.65,0.538
3.5484,23.0,4.144694533762058,1.0691318327974275,989.0,1.590032154340836,32.79,-117.23,2.38
3.8173,31.0,4.896193771626297,1.1730103806228374,874.0,3.0242214532871974,33.91,-118.31,1.779
3.9583,19.0,4.842293906810036,1.0344086021505376,4205.0,3.014336917562724,34.31,-118.42,1.632
3.0799,41.0,5.21626617375231,1.0425138632162665,1288.0,2.3807763401109057,34.28,-119.26,2.541
2.1265,32.0,4.436314363143631,1.1111111111111112,2050.0,2.7777777777777777,37.98,-121.26,0.557
8.0103,20.0,8.856140350877194,1.0912280701754389,965.0,3.3859649122807016,34.15,-117.66,3.955
4.5662,8.0,6.307692307692308,1.017948717948718,1784.0,4.574358974358974,32.69,-117.03,1.755
3.4297,42.0,4.818791946308725,1.0,1005.0,3.37248322147651,34.01,-118.1,1.958
4.5062,20.0,4.336134453781512,0.96218487394958,658.0,2.764705882352941,37.39,-121.96,2.193
2.9286,20.0,4.507142857142857,1.2178571428571427,1819.0,3.248214285714285,32.56,-117.12,2.577
5.7117,16.0,5.774881516587678,1.037914691943128,986.0,2.3364928909952605,33.69,-117.98,2.472
3.7352,32.0,6.475357710651828,1.1414944356120826,2053.0,3.263910969793322,38.68,-122.87,2.28
2.1474,21.0,4.965156794425087,1.1254355400696865,727.0,2.533101045296167,38.73,-122.62,0.853
4.2218,37.0,5.351585014409222,1.020172910662824,1956.0,2.8184438040345823,33.85,-118.17,2.005
3.0368,25.0,4.948453608247423,0.979381443298969,1434.0,3.695876288659794,34.97,-120.45,1.293
5.5673,7.0,5.865384615384615,1.1394230769230769,2710.0,2.605769230769231,32.81,-117.09,2.882
1.6983,10.0,4.471930906847625,1.161011721159778,4274.0,2.63664404688464,33.95,-116.5,0.666
2.7628,39.0,4.332844574780059,1.0205278592375366,1417.0,2.0777126099706744,37.91,-122.31,1.678
5.0123,5.0,6.490780141843971,1.202836879432624,2314.0,3.2822695035461,33.14,-117.22,2.104
3.0938,34.0,5.424568965517241,1.040948275862069,1324.0,2.853448275862069,38.58,-122.45,1.894
5.6651,31.0,5.416842105263158,0.9978947368421052,1898.0,3.9957894736842094,37.43,-121.88,2.041
2.9044,52.0,4.404282115869018,1.0478589420654911,1493.0,1.880352644836272,37.86,-122.26,2.574
3.7125,28.0,6.77906976744186,1.1482558139534884,1041.0,3.0261627906976742,39.27,-121.56,1.168
4.537,29.0,5.126126126126126,0.9774774774774776,964.0,4.342342342342342,33.89,-118.07,1.853
4.6293,35.0,4.580555555555556,0.9861111111111112,746.0,2.0722222222222224,32.78,-117.23,3.565
2.9083,13.0,9.155963302752294,1.8807339449541285,618.0,2.834862385321101,38.07,-120.28,1.046
5.1097,29.0,5.55510752688172,1.0349462365591398,1691.0,2.2728494623655915,37.9,-122.08,2.88
2.4006,24.0,5.700507614213198,1.1725888324873095,1291.0,3.2766497461928936,36.6,-119.81,0.764
4.2531,17.0,4.437443336355394,1.156844968268359,4748.0,2.152311876699909,37.32,-121.98,2.798
4.6696,32.0,4.743243243243243,0.9324324324324323,1038.0,4.675675675675675,33.92,-117.94,1.655
5.3777,41.0,5.479400749063671,1.0,601.0,2.250936329588015,34.06,-118.43,5.00001
2.6974,29.0,4.841328413284133,1.033210332103321,788.0,2.907749077490775,36.58,-119.61,0.73
3.9519,15.0,6.907496012759171,1.1148325358851674,2046.0,3.263157894736842,32.64,-116.99,1.935
2.6949,15.0,5.496394230769231,1.1153846153846154,2513.0,3.0204326923076925,33.66,-117.28,1.636
4.3393,52.0,5.272536687631027,1.0356394129979036,1583.0,3.318658280922432,37.75,-122.48,3.176
4.3281,35.0,4.823655913978494,1.064516129032258,1135.0,2.4408602150537635,33.99,-118.43,3.24
4.2415,41.0,5.105015673981192,1.0642633228840126,1237.0,1.938871473354232,34.12,-118.34,4.096
5.0623,35.0,5.972350230414746,1.1290322580645162,1427.0,3.288018433179724,34.21,-118.55,2.464
2.8417,22.0,3.8372093023255816,1.069767441860465,2428.0,5.133192389006343,34.36,-119.05,1.625
7.6012,4.0,7.265682656826568,1.033210332103321,805.0,2.970479704797048,33.47,-117.63,3.108
3.5781,49.0,4.419437340153452,0.8951406649616368,1146.0,2.9309462915601023,37.35,-121.88,1.93
3.1406,41.0,5.691780821917808,1.0205479452054795,443.0,3.0342465753424657,36.37,-119.78,1.0
4.1379,22.0,4.683168316831683,1.094059405940594,1015.0,2.512376237623762,33.8,-118.06,2.125
4.0583,52.0,5.865,1.0925,1121.0,2.8025,34.05,-118.37,4.443
2.5474,40.0,4.8879551820728295,1.0364145658263306,1293.0,3.6218487394957983,34.09,-118.07,1.981
3.3125,9.0,16.541284403669724,3.1162079510703364,594.0,1.81651376146789,38.7,-123.49,2.954
2.6298,40.0,3.413865546218488,1.050420168067227,2036.0,4.277310924369748,33.93,-118.36,1.565
2.5926,24.0,4.775609756097561,0.9804878048780488,723.0,3.526829268292683,38.51,-121.48,0.723
4.8419,15.0,6.112259970457902,0.9394387001477104,2001.0,2.955686853766617,32.83,-117.09,2.64
13.1738,19.0,7.893732970027248,1.125340599455041,860.0,2.343324250681199,33.61,-117.9,5.00001
3.197,7.0,5.485119047619048,1.0907738095238095,1612.0,2.398809523809524,33.06,-117.27,3.671
2.8452,24.0,6.096698113207547,1.1320754716981132,1442.0,3.400943396226415,35.4,-119.42,1.047
3.7262,52.0,5.631578947368421,1.0157894736842106,555.0,2.921052631578948,37.78,-122.19,1.669
4.6806,41.0,5.211805555555555,1.0381944444444444,629.0,2.1840277777777777,37.68,-121.77,2.094
13.4883,4.0,8.434426229508198,1.0327868852459017,416.0,3.4098360655737703,37.87,-121.97,5.00001
5.3707,7.0,6.443564356435644,1.0178217821782178,2902.0,2.873267326732673,38.27,-122.57,2.505
2.596,23.0,5.247844827586207,1.0398706896551724,2717.0,2.927801724137931,35.32,-119.01,0.7
7.0565,32.0,7.2125,0.940625,967.0,3.021875,33.77,-117.82,3.246
4.5726,32.0,5.864457831325301,1.069277108433735,1786.0,5.379518072289157,33.73,-117.88,1.775
3.9886,32.0,4.740402193784278,1.0347349177330896,1596.0,2.917733089579525,34.21,-118.54,1.992
1.9583,47.0,5.906976744186046,1.255813953488372,384.0,4.465116279069767,34.06,-117.76,0.926
1.5029,20.0,3.592380952380952,1.1161904761904762,1134.0,2.16,32.75,-117.08,1.0
6.5881,34.0,6.173469387755102,0.9974489795918368,917.0,2.3392857142857144,32.81,-117.24,3.944
2.8824,39.0,5.2239747634069404,1.0504731861198735,866.0,2.7318611987381702,35.12,-120.57,1.952
6.1395,3.0,5.72522159548751,1.1756647864625305,3068.0,2.4721998388396456,33.68,-117.82,3.58
4.0,13.0,6.40952380952381,1.119047619047619,1302.0,3.1,38.71,-120.87,1.674
4.4187,35.0,5.348336594911937,0.9980430528375732,1814.0,3.5499021526418786,34.16,-119.19,1.834
2.0313,17.0,6.060728744939271,1.2469635627530364,1425.0,5.769230769230769,36.57,-119.97,0.694
3.4222,33.0,5.073322932917317,0.982839313572543,2010.0,3.135725429017161,36.7,-121.66,1.581
3.1792,31.0,3.712328767123288,0.9715489989462592,2660.0,2.802950474183351,33.79,-117.86,1.464
2.8095,30.0,4.061633281972265,1.00462249614792,3412.0,5.257318952234207,33.82,-118.08,1.183
4.2644,46.0,4.756410256410256,1.0256410256410255,1272.0,2.717948717948718,37.76,-122.5,2.841
2.9091,23.0,6.794223826714801,1.4945848375451265,673.0,2.4296028880866425,38.93,-119.99,1.419
5.4949,32.0,5.773497688751927,1.024653312788906,1687.0,2.599383667180277,37.38,-121.82,3.308
2.5,23.0,5.724452554744525,1.145985401459854,1446.0,2.6386861313868613,36.32,-119.33,0.855
2.4342,22.0,5.086666666666667,0.9966666666666668,790.0,2.6333333333333333,38.01,-121.24,1.25
13.1107,17.0,8.111650485436893,0.9320388349514565,678.0,3.29126213592233,33.89,-117.89,4.676
3.2326,21.0,4.506,1.16,1536.0,3.072,33.82,-118.0,2.047
1.9348,37.0,4.053691275167785,1.1185682326621924,1640.0,3.668903803131991,33.96,-118.28,0.991
1.3811,21.0,8.579212916246217,2.6579212916246218,2330.0,2.351160443995964,34.45,-116.51,0.513
3.5507,24.0,5.121052631578947,1.0526315789473684,718.0,1.8894736842105264,38.3,-122.45,2.579
3.9922,32.0,5.738317757009346,0.8878504672897196,227.0,2.121495327102804,37.96,-121.36,2.474
4.8611,15.0,6.442065491183879,0.9773299748110832,2540.0,3.198992443324937,38.45,-121.83,1.464
3.6875,16.0,5.7612903225806456,1.0580645161290323,548.0,3.535483870967742,37.79,-120.83,1.219
3.0217,52.0,4.424242424242424,1.0404040404040404,176.0,1.7777777777777777,38.57,-121.47,2.0
4.0893,38.0,3.814432989690722,0.8814432989690721,599.0,3.0876288659793816,33.99,-118.42,2.489
6.0368,22.0,6.611336032388664,1.0708502024291495,1595.0,3.228744939271256,34.29,-118.72,2.48
6.2661,4.0,6.290155440414508,1.038860103626943,959.0,2.4844559585492227,33.51,-117.68,2.685
4.7361,22.0,6.08021978021978,1.0362637362637364,2474.0,2.718681318681319,37.7,-121.8,2.168
3.8214,24.0,5.733668341708543,1.0628140703517588,1167.0,2.9321608040201004,37.69,-120.75,1.161
2.7734,23.0,5.102827763496144,1.089974293059126,1198.0,3.079691516709512,37.79,-121.23,1.168
3.65,13.0,4.44,0.9454545454545454,682.0,2.48,37.67,-120.98,1.555
2.4827,6.0,4.622371740958789,1.1555929352396972,2502.0,2.1042893187552565,38.36,-122.69,1.775
3.363,17.0,5.644539614561028,1.046680942184154,7235.0,3.0985010706638114,38.49,-121.42,1.03
5.7664,16.0,6.002976190476191,1.0982142857142858,931.0,2.770833333333333,38.38,-122.89,2.675
6.4044,25.0,7.11617312072893,1.0660592255125283,1241.0,2.826879271070615,34.18,-118.62,3.331
3.375,34.0,11.384615384615383,2.1538461538461537,132.0,10.153846153846152,37.4,-121.93,0.675
3.6607,22.0,5.744493392070485,1.224669603524229,887.0,3.907488986784141,36.85,-121.73,2.063
3.8015,24.0,5.488738738738738,0.9864864864864864,1430.0,3.220720720720721,36.61,-121.82,1.691
1.712,36.0,6.307228915662651,1.289156626506024,651.0,3.921686746987952,37.75,-122.18,0.821
3.053,50.0,5.12,1.5155555555555555,519.0,2.306666666666666,33.52,-117.8,5.00001
3.5486,20.0,5.655384615384615,1.6615384615384616,615.0,1.892307692307692,32.8,-117.28,1.938
6.6125,42.0,6.256484149855908,1.043227665706052,887.0,2.556195965417868,37.93,-122.53,3.932
4.0862,44.0,5.295373665480427,0.9217081850533808,667.0,2.373665480427046,32.74,-117.24,3.218
1.6993,28.0,4.721153846153846,1.0673076923076923,1196.0,3.8333333333333335,34.15,-117.33,0.678
3.7583,33.0,5.627906976744186,1.106312292358804,1689.0,5.6112956810631225,34.07,-117.79,1.163
4.5769,35.0,5.891447368421052,1.0592105263157894,988.0,3.25,37.73,-122.42,2.545
2.2847,33.0,3.696356275303644,1.0809716599190284,3423.0,4.619433198380567,33.93,-118.21,1.327
2.2361,46.0,4.4,1.075,101.0,2.525,38.02,-121.82,0.938
4.5972,39.0,5.120192307692308,1.1923076923076923,497.0,2.389423076923077,37.11,-122.05,1.463
1.7727,44.0,4.377314814814815,1.039351851851852,1047.0,2.423611111111111,37.93,-122.36,0.861
2.7634,37.0,1.4112903225806452,0.9879032258064516,1122.0,4.524193548387097,34.05,-118.27,1.375
3.75,16.0,5.597916666666666,1.04375,1502.0,3.129166666666667,32.56,-117.1,1.468
4.275,36.0,5.576923076923077,0.9615384615384616,768.0,3.282051282051282,37.66,-122.1,1.853
4.0036,13.0,5.84393063583815,1.0404624277456649,1363.0,2.626204238921002,38.63,-121.34,1.617
5.3558,14.0,6.4555403556771545,1.0041039671682626,1880.0,2.5718194254445965,34.17,-118.9,3.138
2.3333,27.0,4.766666666666667,1.1333333333333333,179.0,1.988888888888889,37.99,-121.26,0.875
5.128,29.0,3.932471264367816,1.160919540229885,1157.0,1.6623563218390804,33.97,-118.5,5.00001
4.2448,4.0,6.512658227848101,1.1582278481012658,933.0,2.9525316455696204,38.11,-121.26,1.509
3.0804,35.0,4.528239202657807,1.0033222591362123,1786.0,5.933554817275748,37.75,-122.45,3.134
2.3849,11.0,4.983529411764706,1.0341176470588236,2410.0,2.835294117647059,37.59,-120.96,1.22
2.502,33.0,4.686274509803922,0.9895424836601308,1887.0,2.466666666666667,39.51,-121.54,0.621
3.5541,20.0,3.8488372093023258,1.0465116279069768,857.0,1.9930232558139536,37.64,-122.06,3.5
1.7365,24.0,2.629823413996076,1.1164159581425768,3727.0,2.437540876389797,34.07,-118.29,1.125
3.1729,45.0,5.2196428571428575,1.0785714285714283,1903.0,3.398214285714286,34.14,-118.08,2.187
6.8145,9.0,9.263598326359832,1.0711297071129706,848.0,3.5481171548117154,37.95,-122.0,3.392
4.3393,43.0,5.071949947862357,1.013555787278415,3134.0,3.267987486965589,37.73,-122.39,2.173
3.9848,27.0,5.011472275334608,0.9808795411089866,1063.0,2.032504780114723,37.36,-122.05,4.097
6.0298,23.0,6.874251497005988,1.065868263473054,902.0,2.7005988023952097,38.48,-122.72,2.891
2.325,18.0,3.681899641577061,1.1657706093189963,2103.0,1.8844086021505373,34.1,-118.35,2.5
5.4584,3.0,6.033160621761658,1.1523316062176163,7644.0,2.6404145077720207,32.97,-117.08,2.465
1.7267,19.0,6.096605744125326,1.3524804177545693,1028.0,2.6840731070496084,39.92,-120.09,0.607
3.4934,25.0,4.791549295774648,1.0676056338028168,1645.0,2.316901408450704,37.7,-122.08,2.099
4.3864,35.0,5.415637860082304,0.9197530864197532,1349.0,2.7757201646090537,37.68,-122.15,2.052
3.7574,33.0,6.135678391959799,1.185929648241206,488.0,2.452261306532664,38.9,-122.16,0.927
5.1814,46.0,5.68135593220339,1.0915254237288134,846.0,2.867796610169492,34.19,-118.36,2.095
2.83,22.0,6.1923076923076925,1.158371040723982,1168.0,2.642533936651584,41.12,-121.47,0.887
2.6518,40.0,3.967105263157895,1.0394736842105263,826.0,1.8114035087719296,32.76,-117.15,1.798
2.4375,37.0,3.549504950495049,0.9752475247524752,1667.0,4.126237623762377,34.19,-118.38,1.763
2.2083,52.0,4.8561872909699,1.0334448160535117,637.0,2.130434782608696,39.21,-121.06,1.039
3.3958,12.0,5.3202416918429005,1.0317220543806649,1780.0,2.688821752265861,35.32,-120.82,2.158
7.6202,27.0,7.1220779220779225,0.987012987012987,2212.0,2.872727272727273,37.86,-122.09,4.026
4.2463,4.0,4.6450777202072535,1.0103626943005182,897.0,2.3238341968911915,33.65,-117.59,1.828
8.1064,16.0,7.3375,0.9696428571428573,1409.0,2.5160714285714287,34.14,-118.85,4.234
2.9821,46.0,4.398963730569948,0.9922279792746114,726.0,1.8808290155440408,38.55,-121.44,0.97
4.2386,34.0,6.072,1.066,1366.0,2.732,37.67,-122.14,1.923
6.4285,29.0,6.9495694956949565,1.004920049200492,2098.0,2.5805658056580567,37.28,-121.91,3.373
4.3409,39.0,5.152238805970149,0.9940298507462688,892.0,2.662686567164179,34.09,-117.9,1.918
2.2208,52.0,4.565789473684211,1.095029239766082,1695.0,2.4780701754385963,37.87,-122.3,1.448
4.625,22.0,5.85408560311284,0.9669260700389104,1640.0,3.190661478599222,37.6,-122.06,2.353
4.5824,15.0,4.43542757417103,1.057591623036649,2420.0,2.1116928446771377,37.9,-122.3,2.561
4.3929,52.0,5.432,0.9546666666666668,811.0,2.1626666666666665,38.55,-121.48,1.625
5.0465,34.0,6.395348837209302,1.0099667774086378,1619.0,2.68936877076412,32.82,-117.19,2.082
3.2813,17.0,4.98014888337469,0.9925558312655088,895.0,2.220843672456576,38.43,-122.67,2.027
4.2851,34.0,5.767988252569751,1.0073421439060206,2315.0,3.3994126284875184,32.62,-117.05,1.445
4.0484,15.0,5.389915966386555,1.0873949579831932,1414.0,2.376470588235294,33.8,-117.82,1.656
3.3804,38.0,5.830097087378641,1.0825242718446602,733.0,3.558252427184466,33.9,-118.25,1.058
4.9609,29.0,5.45398773006135,1.01840490797546,597.0,3.6625766871165646,33.91,-118.11,1.867
2.5742,25.0,4.721374045801527,0.9790076335877864,1947.0,3.715648854961832,38.03,-121.32,0.984
7.5,45.0,6.233128834355829,1.0552147239263805,361.0,2.214723926380368,33.78,-118.13,4.345
2.9934,35.0,3.349425287356322,1.0735632183908046,1334.0,1.5333333333333334,34.02,-118.5,3.5
4.0631,9.0,5.677859391395593,1.0461699895068206,6241.0,3.274396642182581,35.3,-119.05,0.882
3.7235,48.0,4.662393162393163,1.0085470085470083,632.0,2.700854700854701,34.11,-118.16,2.636
7.3081,27.0,7.290393013100437,1.0502183406113537,1354.0,2.9563318777292578,37.53,-122.34,4.646
1.9602,38.0,4.3720136518771335,1.0136518771331058,1423.0,4.856655290102389,36.53,-119.38,0.514
3.8125,30.0,4.770676691729324,1.0902255639097744,556.0,2.0902255639097747,37.37,-122.03,3.25
2.1552,23.0,3.8126410835214446,1.0406320541760723,828.0,1.8690744920993227,37.7,-122.11,1.614
3.0856,49.0,3.717171717171717,0.8956228956228957,668.0,2.249158249158249,34.04,-118.35,1.516
5.417,11.0,4.925867507886435,1.167192429022082,1223.0,1.929022082018928,32.87,-117.23,1.968
5.5224,23.0,5.3669950738916254,1.041871921182266,1338.0,3.2955665024630543,34.19,-118.87,2.407
5.7097,15.0,4.357142857142857,1.0649350649350648,2269.0,1.84172077922078,34.05,-118.44,3.167
3.4459,21.0,5.990228013029316,1.0553745928338762,871.0,2.8371335504886,33.9,-117.55,1.988
1.1434,43.0,3.3323353293413174,1.1317365269461075,1305.0,3.907185628742515,33.94,-118.25,0.913
3.1429,20.0,15.015151515151516,2.712121212121212,308.0,2.333333333333333,38.26,-122.96,2.409
2.7374,9.0,4.433444259567388,1.0682196339434276,2827.0,2.3519134775374377,38.01,-121.88,1.5
1.5561,35.0,4.139931740614334,1.2201365187713311,1920.0,3.2764505119453924,34.11,-117.29,0.68
1.7849,46.0,4.294326241134752,1.1382978723404256,1153.0,4.088652482269503,33.99,-118.28,0.993
2.1467,15.0,4.321951219512195,0.9951219512195122,576.0,2.8097560975609754,39.6,-121.54,0.841
3.0804,35.0,4.528239202657807,1.0033222591362123,1786.0,5.933554817275748,37.75,-122.45,3.134
1.6184,52.0,2.17039586919105,1.0602409638554218,2309.0,3.974182444061962,34.06,-118.28,2.25
6.4963,6.0,7.799038461538461,1.1100961538461538,6700.0,3.2211538461538463,34.24,-118.77,3.081
4.2009,7.0,4.843890478136494,1.0997139354311405,4404.0,1.7997548017981202,34.18,-118.59,2.713
2.5909,31.0,4.4106529209622,1.0721649484536082,1255.0,2.156357388316151,32.76,-117.09,1.591
8.7124,15.0,8.042735042735043,1.0897435897435896,1448.0,3.094017094017094,33.84,-117.76,4.105
4.0767,5.0,5.460474308300396,1.0889328063241106,3207.0,3.16897233201581,38.03,-121.95,1.431
2.9148,15.0,4.285957446808511,1.1055319148936171,3164.0,2.692765957446809,34.16,-118.27,2.387
1.3444,32.0,3.528645833333333,0.9453125,1427.0,3.7161458333333335,36.3,-119.2,0.456
4.1328,34.0,5.291759465478842,1.042316258351893,1858.0,4.138084632516704,34.0,-117.95,1.763
2.0368,37.0,5.662650602409639,1.2650602409638554,522.0,6.289156626506024,34.17,-119.11,2.438
3.5592,36.0,4.284431137724551,1.059880239520958,1367.0,4.092814371257485,34.04,-117.94,1.602
5.451,35.0,6.024742268041237,1.045360824742268,1130.0,2.329896907216495,34.17,-118.43,3.418
6.0281,18.0,6.538065843621399,1.131687242798354,2304.0,2.3703703703703702,36.96,-121.88,3.211
2.6149,19.0,4.98389458272328,1.0702781844802345,1421.0,2.0805270863836016,40.2,-122.21,0.844
6.3522,17.0,7.430340557275541,1.089783281733746,1067.0,3.303405572755418,34.18,-118.92,2.593
1.9044,18.0,3.879194630872483,1.0447427293064877,783.0,1.751677852348993,38.55,-121.39,1.543
8.1111,13.0,7.94672131147541,1.0122950819672132,928.0,3.80327868852459,33.71,-117.77,3.798
3.0726,52.0,5.233830845771144,1.1890547263681592,381.0,1.8955223880597007,32.75,-117.17,2.896
4.69,35.0,5.227504244482173,0.9830220713073003,1807.0,3.067911714770798,34.39,-119.3,1.993
6.5253,14.0,6.559139784946237,1.016726403823178,2415.0,2.885304659498208,38.51,-121.55,2.168
3.025,35.0,4.446511627906977,0.9906976744186048,488.0,2.269767441860465,38.81,-123.02,1.406
2.5278,35.0,5.01,1.03,842.0,2.806666666666666,34.71,-118.15,0.977
3.1964,16.0,4.312594840667678,1.0515933232169954,4203.0,3.188922610015174,37.3,-121.83,1.858
4.2136,26.0,4.69683908045977,1.132183908045977,1427.0,2.050287356321839,37.33,-121.96,2.883
2.0819,10.0,3.91058394160584,1.082116788321168,1167.0,2.1295620437956204,34.65,-120.46,1.033
8.8636,12.0,7.717777777777778,1.0355555555555556,1569.0,3.486666666666667,33.59,-117.68,3.14
1.55,17.0,5.425149700598802,1.0808383233532934,672.0,2.0119760479041915,37.56,-120.93,1.661
2.7727,52.0,4.867158671586716,1.088560885608856,898.0,3.3136531365313653,34.0,-118.29,1.286
3.1548,50.0,5.4017595307917885,1.1055718475073313,817.0,2.3958944281524928,34.01,-118.32,1.577
3.2112,38.0,4.290676416819013,1.2157221206581352,1317.0,2.407678244972577,34.16,-118.31,3.493
4.2051,37.0,4.829090909090909,0.9927272727272728,1115.0,4.054545454545455,33.94,-118.04,1.644
1.8694,36.0,5.259904912836767,1.05229793977813,1492.0,2.364500792393027,41.73,-122.64,0.712
1.4552,52.0,1.902086677367576,1.059390048154093,1007.0,1.6163723916532906,37.79,-122.4,4.5
3.1568,36.0,5.109649122807017,0.9371345029239766,1688.0,2.467836257309941,37.66,-121.02,1.099
2.2857,14.0,2.4413145539906105,1.3708920187793427,282.0,1.323943661971831,34.06,-118.44,5.00001
4.7083,33.0,5.354901960784313,1.0490196078431373,1280.0,2.5098039215686274,34.01,-118.42,4.201
3.015,36.0,4.088709677419355,1.0544354838709675,2751.0,5.546370967741935,34.2,-119.17,1.493
3.5696,4.0,6.111965811965812,1.106837606837607,3527.0,3.0145299145299145,34.38,-117.39,1.297
10.2292,26.0,8.043754972155927,1.030230708035004,3599.0,2.8631662688941923,34.15,-118.54,5.00001
3.7167,45.0,5.531963470319635,1.0639269406392695,873.0,1.9931506849315068,38.56,-121.44,1.319
5.1824,32.0,5.641148325358851,1.1961722488038278,369.0,1.7655502392344498,33.72,-118.07,5.00001
3.1042,18.0,5.463414634146342,0.926829268292683,95.0,2.317073170731707,38.53,-121.28,1.65
2.5954,47.0,5.281318681318681,1.1362637362637362,1144.0,2.5142857142857142,36.98,-122.01,2.294
5.8408,52.0,5.411764705882353,1.0024509803921569,791.0,1.9387254901960784,33.77,-118.14,5.0
2.4107,28.0,3.586206896551724,1.0229885057471264,498.0,5.724137931034483,33.99,-118.24,0.964
2.0542,46.0,4.422535211267606,1.0663983903420524,2067.0,4.158953722334004,33.99,-118.29,1.034
3.4449,32.0,5.156199677938808,1.1207729468599037,1573.0,2.533011272141707,34.17,-118.43,2.929
1.4867,35.0,3.976435935198822,1.0338733431516938,3444.0,5.072164948453608,34.27,-118.42,1.24
2.325,32.0,6.344827586206897,1.088669950738916,562.0,2.768472906403941,39.78,-122.16,0.696
4.8594,38.0,6.363636363636363,1.0714285714285714,874.0,2.8376623376623376,34.1,-118.06,2.659
4.8051,21.0,5.857142857142857,1.053391053391053,1874.0,2.704184704184704,39.0,-121.04,1.743
4.2721,18.0,5.795148247978437,1.0467205750224615,3716.0,3.338724168912848,33.87,-117.6,1.503
3.0486,26.0,4.756410256410256,0.9487179487179488,689.0,2.9444444444444446,38.68,-122.04,0.836
2.8233,31.0,4.0607476635514015,1.0822429906542057,1987.0,1.8570093457943928,34.06,-118.38,3.1
3.0,18.0,4.456140350877193,0.912280701754386,393.0,3.4473684210526314,36.96,-120.16,1.563
5.6029,17.0,6.058455114822547,0.9937369519832986,1652.0,3.448851774530272,34.03,-117.72,1.618
6.2561,51.0,6.707746478873239,1.0246478873239435,707.0,2.48943661971831,37.74,-122.46,4.31
3.2115,37.0,4.136518771331058,1.0375426621160408,1076.0,3.6723549488054608,33.78,-118.28,1.601
5.587,36.0,5.913946587537092,1.0504451038575668,884.0,2.623145400593472,33.79,-118.11,2.449
3.5186,4.0,4.555873925501433,1.1346704871060171,3359.0,2.406160458452722,34.1,-117.58,1.278
3.0568,19.0,4.267898383371825,0.9884526558891455,1130.0,2.6096997690531176,38.47,-122.67,1.903
3.5781,4.0,19.178571428571427,2.845238095238096,275.0,3.273809523809524,33.89,-117.13,2.444
4.2679,36.0,5.373134328358209,1.0,719.0,3.577114427860697,33.91,-118.1,1.758
2.9107,28.0,4.083333333333333,0.9814814814814816,504.0,4.666666666666667,34.07,-117.98,1.525
4.3571,35.0,4.975903614457831,1.0223752151462997,1757.0,3.0240963855421685,34.2,-118.52,1.998
2.5682,25.0,3.9408450704225353,0.9267605633802816,1308.0,3.684507042253521,32.8,-117.16,1.875
5.0206,8.0,6.5,0.986206896551724,835.0,2.8793103448275863,34.95,-120.4,2.61
5.1169,52.0,6.3904,1.016,1295.0,2.072,38.57,-121.45,2.325
3.5507,24.0,5.121052631578947,1.0526315789473684,718.0,1.8894736842105264,38.3,-122.45,2.579
4.0848,8.0,6.350393700787402,1.0918635170603674,1977.0,2.594488188976378,39.13,-121.07,1.559
5.2485,35.0,5.737341772151899,0.990506329113924,825.0,2.6107594936708862,33.94,-118.12,3.238
2.6513,21.0,4.9800796812749,0.9282868525896414,1428.0,2.8446215139442232,40.55,-122.36,1.133
5.0362,27.0,6.480916030534351,1.045801526717557,373.0,2.8473282442748094,37.98,-121.23,1.813
4.325,52.0,5.569131832797428,0.9807073954983924,875.0,2.813504823151125,34.17,-118.29,2.926
6.3237,4.0,7.784104875051208,1.1011880376894716,8980.0,3.678820155673904,32.95,-117.18,2.609
1.6103,44.0,4.822834645669292,1.1318897637795275,1330.0,2.618110236220472,36.07,-119.01,0.509
5.253,5.0,7.093508500772797,1.0517774343122102,4573.0,3.534003091190108,33.96,-117.23,1.633
3.7813,15.0,5.620057859209258,1.013500482160077,2868.0,2.7656702025072324,38.7,-121.28,1.432
1.8542,22.0,4.789115646258503,1.1938775510204085,636.0,2.163265306122449,37.26,-121.96,3.333
4.3952,12.0,5.860688550840672,1.0240192153722978,4048.0,3.2409927942353884,32.88,-116.98,1.517
3.4028,14.0,5.614457831325301,0.9969879518072288,894.0,2.6927710843373496,39.29,-121.06,1.718
3.6641,32.0,5.614886731391586,1.0711974110032365,785.0,2.540453074433657,38.53,-122.46,2.758
2.2969,16.0,4.140476190476191,1.138095238095238,1235.0,2.9404761904761907,33.88,-117.58,1.161
3.2875,6.0,8.00625,1.53125,422.0,2.6375,38.04,-120.3,1.113
2.5068,26.0,4.2406931964056485,1.0673940949935816,4066.0,2.609756097560976,33.86,-118.16,1.563
2.9821,36.0,5.571428571428571,1.054054054054054,680.0,2.6254826254826256,35.4,-118.98,0.731
6.7744,44.0,5.770700636942675,1.0764331210191085,822.0,2.6178343949044587,33.95,-118.14,2.941
2.1029,28.0,5.063291139240507,0.9430379746835444,450.0,2.848101265822785,38.69,-121.51,1.086
5.0151,4.0,4.896984924623116,1.150753768844221,868.0,2.180904522613065,34.31,-118.61,2.852
3.3625,31.0,5.077868852459017,1.040983606557377,929.0,3.807377049180328,34.1,-117.94,1.534
4.9485,32.0,6.167192429022082,0.9873817034700316,804.0,2.5362776025236595,37.95,-122.03,2.023
3.4821,9.0,5.363537710255019,1.0151926207270754,5372.0,2.914812805208898,37.52,-120.86,1.271
3.7083,31.0,4.8814935064935066,1.0600649350649352,1766.0,2.866883116883117,34.1,-117.9,1.66
1.9732,32.0,4.989837398373984,1.032520325203252,1344.0,2.731707317073171,36.99,-120.62,0.694
3.7454,35.0,5.6298076923076925,1.0240384615384617,2176.0,5.230769230769231,34.05,-117.98,1.569
1.5972,34.0,2.510250569476082,1.020501138952164,1325.0,3.0182232346241458,34.05,-118.29,1.688
2.5852,38.0,4.346153846153846,1.083916083916084,788.0,2.7552447552447554,34.02,-118.13,1.851
1.4722,52.0,3.2254901960784315,1.068627450980392,291.0,2.8529411764705883,34.42,-119.7,3.5
7.7932,29.0,6.573170731707317,0.9552845528455284,758.0,3.0813008130081303,37.45,-122.23,4.699
1.8933,18.0,5.851063829787234,1.3368794326241136,675.0,2.393617021276596,40.85,-123.13,0.847
2.0694,31.0,6.090909090909091,0.9636363636363636,154.0,2.8,38.09,-121.3,1.75
1.6402,24.0,4.53427065026362,1.0615114235500878,982.0,1.7258347978910369,33.23,-117.32,1.693
2.5509,26.0,5.245746691871456,1.0897920604914937,2372.0,2.241965973534972,33.18,-117.36,1.818
3.4238,25.0,4.162544169611308,1.1177856301531213,1880.0,2.214369846878681,37.36,-122.0,3.37
3.5022,24.0,3.7716763005780334,1.092485549132948,1322.0,1.9104046242774568,34.02,-118.41,2.813
2.0,30.0,2.7738825591586327,1.1069237510955303,3678.0,3.223488168273444,34.09,-118.31,2.406
2.75,27.0,3.4122340425531914,1.0797872340425532,1063.0,2.827127659574468,33.65,-117.93,2.75
5.0733,9.0,5.920388349514563,0.9145631067961164,1527.0,2.9650485436893206,32.86,-116.88,1.966
4.7917,36.0,5.970223325062035,1.0818858560794045,1189.0,2.9503722084367245,37.57,-122.3,2.761
6.0809,21.0,6.474167623421355,1.026406429391504,2670.0,3.065442020665901,37.08,-122.07,2.7
3.9329,17.0,5.193220338983051,0.9966101694915256,1704.0,2.888135593220339,38.45,-122.74,1.709
5.1261,20.0,6.137404580152672,0.9847328244274808,1655.0,3.1583969465648853,34.13,-117.62,1.588
5.5649,36.0,6.420841683366733,1.0781563126252505,1499.0,3.004008016032064,34.27,-118.52,2.712
2.7014,33.0,4.076576576576577,0.9234234234234234,989.0,4.454954954954955,32.6,-117.06,1.082
3.1853,16.0,4.636363636363637,1.0397387044093631,4508.0,2.454001088731628,38.27,-122.04,1.296
2.5139,43.0,4.561290322580645,0.9483870967741936,417.0,2.6903225806451614,37.74,-122.19,0.834
5.0912,44.0,6.457575757575758,1.0909090909090908,1040.0,3.1515151515151514,33.95,-118.32,1.698
3.5905,37.0,4.007352941176471,1.0465686274509804,1027.0,2.517156862745098,34.42,-119.72,2.647
1.6829,7.0,4.736334405144695,1.067524115755627,1608.0,2.585209003215434,36.31,-119.16,0.802
5.9263,3.0,6.550796812749004,1.051792828685259,3032.0,3.0199203187251,34.52,-118.5,2.518
3.3929,52.0,5.994652406417113,1.1283422459893049,554.0,2.962566844919786,37.83,-122.29,0.757
3.7738,48.0,4.378006872852234,1.075601374570447,971.0,3.336769759450172,37.32,-121.9,2.206
3.016,6.0,4.883196721311475,1.2418032786885247,1301.0,2.665983606557377,34.14,-117.24,1.075
3.125,25.0,4.15615141955836,1.0410094637223974,1710.0,2.697160883280757,33.78,-117.86,2.15
7.5557,36.0,7.743396226415094,1.0830188679245285,699.0,2.637735849056604,32.73,-117.23,4.414
2.6288,37.0,5.230061349693251,0.9969325153374232,827.0,2.53680981595092,38.52,-121.45,0.712
3.625,31.0,5.757009345794392,1.2242990654205608,185.0,1.7289719626168225,37.3,-121.91,2.65
2.6894,30.0,3.6733870967741935,1.0181451612903225,932.0,1.879032258064516,36.59,-121.88,1.795
4.6708,17.0,6.071672354948806,0.9965870307167236,1006.0,3.433447098976109,34.02,-117.32,1.231
4.0391,33.0,5.196141479099678,1.0353697749196142,580.0,1.864951768488746,34.16,-118.44,3.375
4.2207,22.0,5.563944530046225,1.0261941448382126,1869.0,2.879815100154083,33.91,-117.48,1.411
4.9464,43.0,6.216949152542373,0.9898305084745764,997.0,3.3796610169491523,33.93,-118.31,1.503
3.6629,30.0,6.3625,1.0666666666666669,757.0,3.154166666666667,37.58,-120.83,1.714
1.8281,29.0,3.963740458015267,1.1011450381679388,1418.0,2.706106870229008,34.13,-117.28,0.768
1.9944,52.0,6.046610169491525,1.1906779661016949,620.0,2.6271186440677967,37.76,-122.41,2.625
3.2059,47.0,4.558139534883721,1.1085271317829457,564.0,2.186046511627907,37.72,-122.47,3.5
2.4135,36.0,5.364795918367347,0.9948979591836736,1279.0,3.2627551020408165,32.7,-117.08,0.97
5.0915,31.0,5.953079178885631,0.9882697947214076,867.0,2.5425219941348973,37.98,-122.0,1.932
4.9125,38.0,6.501766784452297,1.028268551236749,633.0,2.2367491166077738,32.73,-117.25,3.836
3.7562,17.0,5.728215767634855,1.0394190871369295,1128.0,2.340248962655602,38.64,-121.34,1.397
5.196,4.0,6.281354515050167,1.0936454849498327,7560.0,3.160535117056856,32.92,-117.18,2.107
1.7542,31.0,3.1597222222222223,1.1430555555555555,2189.0,3.040277777777778,34.08,-118.31,2.875
3.6894,52.0,4.372964169381108,1.02442996742671,1170.0,1.905537459283388,37.77,-122.43,4.188
3.7478,13.0,6.297435897435897,1.0324786324786326,1767.0,3.0205128205128204,34.41,-117.33,1.135
4.2269,14.0,5.874371859296482,0.9824120603015076,1003.0,2.520100502512563,38.0,-122.26,1.705
3.0902,26.0,4.168042010502625,1.048762190547637,4545.0,3.40960240060015,33.77,-117.91,1.904
3.625,18.0,6.469135802469136,1.1419753086419753,469.0,2.8950617283950617,38.37,-122.0,1.25
2.0674,14.0,5.2253668763102725,1.29769392033543,2517.0,2.638364779874214,34.2,-116.38,0.65
2.6607,9.0,3.876923076923077,1.015384615384615,1311.0,2.241025641025641,38.46,-122.74,0.915
2.5373,18.0,4.734887108521486,1.031318281136198,2954.0,2.1514930808448653,38.91,-121.06,1.43
2.0625,37.0,24.669117647058822,4.897058823529412,338.0,2.485294117647059,38.12,-120.12,0.889
2.5357,19.0,5.994550408719346,1.128065395095368,950.0,2.5885558583106265,41.76,-122.73,0.942
2.7432,35.0,4.695652173913044,1.1123188405797102,1423.0,5.155797101449275,34.05,-118.19,1.352
5.0407,44.0,6.7293868921775895,1.0845665961945032,1183.0,2.5010570824524314,34.0,-118.34,3.149
3.6111,48.0,3.836206896551724,1.0991379310344829,434.0,1.8706896551724137,34.07,-118.35,4.5
2.7256,36.0,5.6396103896103895,1.047077922077922,1679.0,2.7256493506493507,35.34,-119.03,0.719
4.0721,52.0,6.298076923076923,1.2644230769230769,689.0,3.3125,34.1,-118.26,3.5
5.6093,17.0,5.970967741935484,1.1161290322580646,770.0,2.4838709677419355,33.82,-118.03,2.444
3.5694,40.0,4.391156462585034,1.030612244897959,1304.0,2.217687074829932,33.73,-118.3,2.764
5.0739,16.0,5.124137931034483,0.9839080459770116,3038.0,3.491954022988505,37.54,-122.03,2.08
2.6091,21.0,3.7839541547277937,1.1369627507163325,5546.0,3.1782234957020057,33.9,-118.33,1.639
4.8382,52.0,5.2639593908629445,0.9289340101522844,909.0,2.307106598984772,37.74,-122.44,2.949
3.6354,17.0,5.471061093247588,1.062700964630225,1540.0,2.4758842443729905,38.99,-120.98,1.629
2.6053,33.0,4.786632390745501,1.102827763496144,971.0,2.4961439588688945,37.8,-121.21,0.992
2.2222,20.0,5.1875,1.011904761904762,1390.0,4.136904761904762,36.35,-119.41,0.529
2.3558,18.0,11.209523809523809,2.1333333333333333,181.0,1.723809523809524,38.99,-122.7,1.347
2.8514,52.0,3.801754385964912,1.0912280701754389,1095.0,1.921052631578948,33.99,-118.47,3.587
5.125,36.0,5.419607843137255,1.007843137254902,685.0,2.6862745098039214,33.9,-118.01,2.117
4.5625,42.0,6.962962962962963,1.1851851851851851,220.0,2.716049382716049,34.17,-118.85,3.188
6.6176,18.0,6.464379947229552,1.0738786279683377,2984.0,3.936675461741425,37.45,-121.9,2.762
4.4489,16.0,5.966549295774648,1.051056338028169,1674.0,2.947183098591549,38.69,-121.27,1.456
3.2241,28.0,4.188376753507014,1.139612558450234,2549.0,1.702738810955244,34.15,-118.43,2.958
2.5986,11.0,4.264253393665158,0.9936651583710407,5982.0,5.4135746606334845,36.69,-121.62,1.357
5.388,26.0,5.772277227722772,0.9183168316831684,1285.0,3.18069306930693,37.54,-121.99,2.25
3.1981,24.0,4.197947214076247,1.0762463343108504,1583.0,2.3211143695014664,38.11,-122.57,2.153
1.9893,19.0,4.083499005964215,1.0944333996023856,2971.0,2.953280318091452,32.79,-116.97,1.125
1.2762,17.0,3.4323308270676693,1.0225563909774436,1325.0,2.4906015037593985,34.42,-119.69,2.536
3.8393,35.0,5.5688775510204085,0.9770408163265306,976.0,2.489795918367347,37.72,-122.13,2.435
4.9932,18.0,6.211812627291242,1.0366598778004072,3112.0,3.169042769857434,33.99,-117.94,2.84
6.4667,16.0,6.998463901689708,0.9815668202764976,2066.0,3.17357910906298,34.09,-117.85,2.639
5.5798,33.0,6.4185733512786,1.0592193808882908,2019.0,2.7173620457604306,34.17,-118.63,3.382
3.1755,15.0,5.332579185520362,1.0950226244343892,1110.0,2.51131221719457,35.65,-117.74,0.817
4.3696,7.0,6.5279307631786,1.127458693941778,4189.0,3.2958300550747444,37.71,-121.42,1.707
4.7813,30.0,5.95249406175772,0.9358669833729216,1255.0,2.980997624703088,33.94,-117.92,1.982
4.3081,20.0,4.198609731876862,0.9990069513406156,2334.0,2.31777557100298,37.3,-121.96,2.273
1.9355,10.0,5.13655462184874,1.1050420168067228,1262.0,2.6512605042016806,36.22,-119.36,0.683
3.1645,27.0,4.359375,1.0677083333333333,1427.0,2.477430555555556,32.58,-117.13,1.56
1.6384,42.0,3.7673860911270975,1.0431654676258992,1631.0,3.911270983213429,33.79,-118.18,1.28
2.5104,30.0,3.916923076923077,1.0553846153846154,1082.0,3.329230769230769,34.43,-119.69,2.281
5.0699,25.0,5.293361884368308,0.9635974304068522,1301.0,2.7858672376873663,33.73,-118.05,2.661
2.1437,40.0,3.900763358778626,1.0267175572519085,2150.0,4.103053435114504,33.95,-118.28,0.948
3.2011,17.0,3.5233918128654973,1.0146198830409356,736.0,2.152046783625731,33.93,-118.11,1.625
2.1767,45.0,4.841059602649007,1.0198675496688745,924.0,3.0596026490066226,37.74,-122.39,1.853
3.0469,40.0,4.299086757990867,0.906392694063927,1411.0,3.221461187214612,37.71,-122.4,2.38
4.0426,15.0,6.884803921568627,1.1029411764705883,1267.0,3.105392156862745,39.23,-121.0,1.917
2.8616,47.0,6.403669724770642,1.165137614678899,630.0,2.889908256880734,38.29,-121.54,0.925
2.7045,15.0,4.616438356164384,1.2511415525114156,899.0,4.105022831050229,33.98,-118.22,1.906
1.7132,38.0,4.408740359897172,1.06426735218509,1714.0,4.406169665809768,34.0,-118.24,1.082
4.0473,9.0,5.479078514339445,0.9873060648801129,7596.0,3.571227080394922,33.91,-117.23,1.272
2.5952,19.0,5.2384615384615385,1.0794871794871794,1018.0,2.6102564102564103,39.1,-121.48,0.924
3.851,52.0,5.2690909090909095,1.0127272727272727,1338.0,2.4327272727272726,37.74,-122.15,1.835
2.6094,34.0,6.367088607594937,1.3481012658227849,443.0,2.8037974683544302,40.45,-124.03,0.713
7.1382,35.0,6.381176470588235,1.0070588235294118,1084.0,2.550588235294118,37.41,-122.11,4.438
3.9844,26.0,4.946043165467626,1.0287769784172662,829.0,2.9820143884892087,33.88,-118.36,2.307
1.5313,20.0,4.18974358974359,0.958974358974359,1053.0,2.7,39.23,-121.05,1.549
4.5824,15.0,4.43542757417103,1.057591623036649,2420.0,2.1116928446771377,37.9,-122.3,2.561
4.3321,19.0,6.525773195876289,1.0382916053019149,1764.0,2.597938144329897,36.98,-121.83,2.986
3.6466,21.0,5.769230769230769,1.0262237762237765,1896.0,3.3146853146853146,34.09,-117.41,1.306
3.0651,24.0,5.468386023294509,1.0274542429284526,2904.0,2.415973377703827,34.07,-117.17,1.08
3.1917,35.0,3.908759124087591,1.0583941605839415,1412.0,5.153284671532846,33.89,-118.08,1.149
5.9401,34.0,6.226950354609929,0.9739952718676124,1114.0,2.6335697399527187,34.24,-118.5,3.153
15.0001,34.0,8.114173228346457,1.0236220472440944,825.0,3.248031496062992,34.19,-118.19,5.00001
5.8722,34.0,5.734939759036145,0.9116465863453816,890.0,3.57429718875502,34.05,-117.95,2.048
3.675,22.0,5.098712446351931,1.044349070100143,1539.0,2.2017167381974247,38.0,-121.35,1.524
3.1107,26.0,4.375168690958165,1.0526315789473684,2100.0,2.834008097165992,37.31,-121.92,2.479
6.5378,34.0,6.696078431372549,0.984593837535014,1879.0,2.6316526610644257,37.88,-122.06,3.409
5.0526,36.0,6.088495575221239,1.0154867256637168,1211.0,2.6792035398230087,33.95,-118.12,2.698
8.0082,16.0,7.790528233151184,1.029143897996357,1642.0,2.9908925318761383,33.57,-117.66,2.866
6.5987,24.0,7.375565610859729,1.0361990950226243,1383.0,3.1289592760180995,33.72,-117.82,2.728
4.5615,8.0,4.336903602726387,1.0301850048685492,2595.0,2.5267770204479065,37.27,-121.83,2.826
8.5136,26.0,6.174050632911392,0.9651898734177216,1468.0,2.3227848101265822,34.12,-118.36,5.00001
1.6645,37.0,5.466292134831461,1.2415730337078652,842.0,4.730337078651686,33.94,-118.27,0.949
2.7167,37.0,4.339483394833948,1.0738007380073802,648.0,2.3911439114391144,38.25,-122.04,0.922
2.7301,16.0,4.894436519258202,1.028530670470756,1777.0,2.5349500713266764,35.13,-120.61,1.904
6.0336,10.0,6.26032315978456,0.9784560143626572,1410.0,2.531418312387792,33.11,-117.24,2.403
4.7222,36.0,5.712,1.072,825.0,3.3,33.84,-118.3,2.396
1.9704,35.0,3.504012841091493,1.0208667736757624,3504.0,5.624398073836276,34.2,-119.16,1.603
1.9444,23.0,4.285539215686274,1.0870098039215683,2467.0,3.0232843137254903,37.61,-120.96,0.934
4.615,36.0,5.566197183098591,1.036619718309859,1236.0,3.4816901408450702,33.95,-118.04,1.74
1.8396,44.0,4.775628626692456,1.0986460348162477,1363.0,2.636363636363636,34.13,-117.28,0.771
2.1979,25.0,3.735042735042735,1.0683760683760684,1193.0,3.398860398860399,32.8,-115.56,0.639
3.3534,26.0,6.087096774193548,1.1548387096774193,1913.0,3.085483870967742,34.13,-117.24,0.989
8.944,30.0,7.170454545454546,1.0875,1776.0,2.018181818181818,34.1,-118.39,5.00001
2.4667,21.0,5.118421052631579,1.0328947368421053,1140.0,3.75,37.93,-121.31,0.814
4.2263,21.0,6.5606936416184976,1.0809248554913296,2834.0,3.276300578034682,33.94,-117.53,2.032
5.2149,13.0,6.261261261261262,0.9669669669669668,1077.0,3.234234234234234,40.52,-122.46,1.465
2.334,30.0,5.365217391304348,1.0608695652173914,1688.0,2.935652173913044,39.51,-121.52,0.722
2.0064,52.0,4.618037135278515,1.063660477453581,753.0,1.9973474801061009,39.73,-121.83,0.779
5.0923,16.0,7.176351351351351,1.204054054054054,3836.0,2.591891891891892,33.91,-117.98,2.572
3.5647,33.0,5.423357664233577,1.0583941605839415,781.0,2.8503649635036497,38.22,-122.49,2.518
11.216,36.0,8.443835616438356,1.2465753424657535,771.0,2.112328767123288,33.61,-117.91,5.00001
2.4861,25.0,5.834123222748815,1.1374407582938388,658.0,3.118483412322275,39.5,-122.53,0.719
5.3777,41.0,5.479400749063671,1.0,601.0,2.250936329588015,34.06,-118.43,5.00001
2.9539,19.0,4.055238095238095,1.0704761904761906,1323.0,2.52,33.2,-117.36,1.699
4.6944,26.0,6.157258064516129,0.9919354838709676,1495.0,3.0141129032258065,38.01,-122.32,1.711
2.2422,30.0,3.286052009456265,1.0803782505910164,1460.0,3.451536643026005,34.08,-118.31,2.545
1.9181,17.0,4.674329501915709,1.053639846743295,800.0,3.0651340996168583,40.58,-122.36,1.188
4.194,47.0,5.092857142857143,1.0767857142857142,1130.0,2.017857142857143,33.73,-118.3,2.939
3.9792,34.0,5.976645435244161,1.0169851380042465,1075.0,2.282377919320594,38.54,-121.51,1.648
6.5576,38.0,7.601823708206687,1.0577507598784197,805.0,2.4468085106382977,37.91,-122.28,3.585
4.7321,42.0,6.375,1.36,451.0,2.255,36.96,-121.99,4.224
6.3814,8.0,7.606271777003484,1.069686411149826,1000.0,3.484320557491289,32.79,-115.59,1.599
3.75,42.0,4.747787610619469,0.9734513274336284,804.0,3.557522123893805,34.21,-118.35,1.726
3.5417,52.0,4.613079019073569,1.0653950953678477,669.0,1.8228882833787463,37.88,-122.27,2.875
2.625,36.0,6.029585798816568,0.9940828402366864,602.0,3.562130177514793,36.86,-121.51,2.1
3.1795,32.0,4.889830508474576,1.0084745762711864,1509.0,2.557627118644068,33.93,-117.42,1.256
2.3533,39.0,4.842778793418647,1.0457038391224862,1815.0,3.3180987202925047,35.49,-119.27,0.654
5.2987,18.0,6.159325210871603,1.035613870665417,3473.0,3.254920337394564,34.32,-118.41,2.034
5.7407,25.0,7.405882352941177,1.0823529411764703,599.0,3.523529411764706,33.98,-117.96,3.022
1.9464,32.0,3.0753424657534247,0.9908675799086758,1756.0,4.0091324200913245,33.97,-118.16,1.906
2.5104,36.0,3.932330827067669,1.0268528464017186,3816.0,4.098818474758325,34.07,-118.1,1.85
4.087,26.0,5.651376146788991,1.036697247706422,1952.0,5.969418960244648,37.34,-121.83,1.825
3.375,30.0,3.992327365728901,0.9744245524296676,1104.0,2.823529411764706,33.83,-117.93,2.019
4.5078,36.0,5.6887966804979255,1.020746887966805,806.0,3.3443983402489628,34.08,-117.93,1.871
8.093,29.0,7.995505617977528,1.004494382022472,1097.0,2.465168539325843,32.77,-116.98,3.796
1.6111,13.0,4.35064935064935,1.155844155844156,247.0,3.207792207792208,37.8,-121.22,0.741
5.6506,10.0,7.092150170648464,1.0392491467576792,1878.0,3.204778156996587,37.99,-121.79,1.786
2.5703,45.0,4.874251497005988,1.0538922155688624,754.0,2.25748502994012,35.42,-119.03,0.624
2.125,50.0,4.242424242424242,1.071969696969697,697.0,2.640151515151515,37.85,-122.26,1.4
4.119,28.0,5.075614366729679,1.0982986767485825,1243.0,2.349716446124764,33.86,-118.37,3.24
4.7386,36.0,5.981081081081081,1.0432432432432432,950.0,2.5675675675675675,37.95,-122.06,1.864
4.7356,18.0,6.815668202764977,1.1336405529953917,550.0,2.5345622119815667,38.31,-122.42,3.333
1.9871,35.0,5.1248073959938365,1.072419106317411,2511.0,3.869029275808937,38.62,-121.46,0.609
3.1842,9.0,24.9,5.045454545454546,294.0,2.672727272727273,39.34,-120.25,1.625
4.5,18.0,6.343465045592705,1.0729483282674772,992.0,3.0151975683890577,32.96,-116.95,2.226
4.7027,14.0,4.951739618406285,1.037037037037037,2698.0,3.028058361391695,37.32,-121.8,2.276
4.6,27.0,6.304347826086956,0.9723320158102768,610.0,2.411067193675889,38.65,-121.34,1.99
4.525,30.0,5.184049079754601,1.107361963190184,2269.0,3.480061349693252,33.75,-118.01,1.86
6.3586,23.0,7.651761517615176,1.065040650406504,2050.0,2.7777777777777777,34.18,-118.83,3.483
7.0329,11.0,7.450865051903114,1.065051903114187,9671.0,3.3463667820069203,33.97,-117.83,3.683
2.5714,43.0,4.9393939393939394,0.9772727272727272,1322.0,2.503787878787879,37.98,-121.27,0.7
2.4375,39.0,4.844559585492228,1.0880829015544042,711.0,3.683937823834197,33.91,-118.26,1.019
1.3973,47.0,4.796875,1.193359375,1653.0,3.228515625,34.12,-117.28,0.661
3.8019,13.0,6.762562814070352,1.3442211055276383,1880.0,2.3618090452261304,35.55,-121.14,2.712
2.4583,35.0,5.782201405152225,1.2950819672131149,1168.0,2.73536299765808,34.77,-119.72,0.621
1.7622,36.0,3.928716904276986,1.0712830957230142,974.0,1.9837067209775967,32.75,-117.25,2.058
1.7794,52.0,5.954274353876739,1.10337972166998,1392.0,2.7673956262425445,37.97,-121.29,0.988
2.8971,37.0,4.077540106951871,0.9705882352941176,1075.0,2.874331550802139,37.36,-121.89,1.861
1.7788,25.0,5.54054054054054,1.1737451737451738,746.0,2.8803088803088803,39.81,-123.24,0.579
2.5652,52.0,4.727987421383648,1.0864779874213837,1582.0,2.4874213836477987,37.86,-122.28,1.577
1.5817,52.0,5.43801652892562,1.1735537190082646,875.0,2.4104683195592287,37.85,-122.27,1.536
4.4583,18.0,4.918309859154929,1.0169014084507042,3032.0,2.846948356807512,33.81,-118.01,1.901
2.2278,52.0,6.220883534136546,1.104417670682731,604.0,2.42570281124498,39.25,-121.02,1.554
1.3889,16.0,5.5,1.0833333333333333,188.0,2.611111111111111,40.17,-122.72,0.875
1.7574,43.0,4.410958904109589,1.1287671232876713,1409.0,3.86027397260274,37.94,-121.26,0.517
2.9016,25.0,5.339080459770115,1.1513409961685823,1247.0,2.388888888888889,38.65,-121.27,1.598
2.2017,32.0,3.797860962566845,1.1090909090909091,1731.0,1.851336898395722,32.75,-117.25,2.083
2.6055,42.0,5.054744525547445,0.9963503649635036,740.0,2.7007299270073,38.63,-121.42,0.78
3.0536,17.0,4.72804054054054,1.0760135135135136,2015.0,3.403716216216216,35.1,-120.61,1.436
4.2802,14.0,6.325670498084291,1.0689655172413792,633.0,2.425287356321839,39.04,-121.06,1.948
3.7768,5.0,5.802037845705968,1.0727802037845706,1887.0,2.7467248908296944,38.54,-122.79,2.138
2.5043,49.0,4.547272727272727,1.0272727272727271,1171.0,2.129090909090909,37.98,-121.29,0.767
6.7196,23.0,7.158045977011494,1.0057471264367817,863.0,2.4798850574712645,32.79,-117.04,3.068
5.0796,36.0,6.025125628140704,0.9949748743718592,485.0,2.437185929648241,37.38,-122.08,3.734
6.0767,16.0,5.572413793103448,0.9448275862068966,371.0,2.5586206896551724,38.38,-122.02,2.164
2.7014,33.0,4.076576576576577,0.9234234234234234,989.0,4.454954954954955,32.6,-117.06,1.082
6.1601,26.0,6.395408163265306,1.0025510204081634,1333.0,3.4005102040816326,33.67,-117.9,2.661
2.3929,15.0,4.493796526054591,1.0074441687344913,718.0,1.781637717121588,38.46,-122.68,1.413
7.3252,24.0,6.7384615384615385,0.9717948717948718,2474.0,3.171794871794872,34.22,-118.61,3.337
3.5104,30.0,3.3766937669376693,1.010840108401084,1990.0,5.392953929539296,34.26,-118.43,1.409
2.5139,52.0,3.6038781163434894,1.077562326869806,1189.0,3.293628808864266,34.12,-118.21,1.9
2.4375,30.0,5.165198237885463,1.092511013215859,1897.0,4.1784140969163,34.09,-117.73,1.121
4.2188,28.0,6.132007233273056,0.9945750452079566,1546.0,2.7956600361663653,38.66,-121.3,1.392
5.5469,16.0,6.226396602417511,1.0058804312316236,10988.0,3.589676576282261,33.96,-117.88,2.652
6.0226,16.0,6.901554404145077,1.0155440414507773,640.0,3.316062176165803,32.98,-117.04,1.929
2.5523,36.0,3.930769230769231,1.0217948717948715,3097.0,3.9705128205128206,34.09,-118.17,1.565
1.5272,41.0,4.614583333333333,1.1333333333333333,2054.0,4.279166666666667,33.99,-118.25,1.003
1.9274,49.0,5.068783068783069,1.1825396825396826,863.0,2.2830687830687832,37.84,-122.28,1.223
4.5221,16.0,6.38494623655914,1.1053763440860216,1594.0,3.427956989247312,32.92,-117.15,1.683
3.163,40.0,3.875,0.9669117647058824,1922.0,3.5330882352941178,33.98,-118.34,1.378
1.5603,25.0,5.045454545454546,1.1333333333333333,845.0,2.560606060606061,39.48,-121.09,0.781
2.5181,12.0,5.283815480844409,1.2118842845973417,3204.0,2.505082095387021,34.11,-117.41,1.055
5.6233,21.0,6.605113636363637,1.041193181818182,2014.0,2.8607954545454546,37.03,-122.03,3.22
2.8202,52.0,4.330097087378641,1.1531823085221145,2070.0,2.233009708737864,37.78,-122.43,4.429
9.0683,15.0,7.226235741444867,1.0304182509505704,1992.0,3.787072243346008,33.89,-117.97,3.674
6.3705,6.0,6.4594017094017095,1.106837606837607,1225.0,2.6175213675213675,37.67,-121.76,3.5
4.087,23.0,5.641176470588236,0.9970588235294118,1392.0,4.094117647058823,32.58,-117.05,1.348
2.8988,52.0,4.153488372093023,1.0348837209302326,1090.0,2.5348837209302326,33.8,-118.2,1.949
1.9923,21.0,3.355828220858896,1.0828220858895703,2265.0,3.473926380368098,33.78,-118.26,1.647
3.0347,17.0,4.50580997949419,1.0423786739576213,4459.0,3.047846889952153,34.23,-118.59,2.545
2.375,31.0,2.5454545454545454,1.0,326.0,3.704545454545455,34.26,-119.21,0.55
5.3276,22.0,8.751201923076923,1.4819711538461535,1849.0,2.222355769230769,36.93,-121.9,3.355
4.4271,44.0,5.51417004048583,0.9595141700404858,709.0,2.8704453441295548,33.88,-118.36,3.362
4.4205,23.0,5.078328981723238,0.9451697127937336,1483.0,3.8720626631853774,34.09,-117.61,1.355
4.9932,18.0,6.211812627291242,1.0366598778004072,3112.0,3.169042769857434,33.99,-117.94,2.84
2.6127,36.0,4.858156028368795,1.024822695035461,812.0,2.879432624113475,36.78,-119.82,0.696
3.1289,42.0,4.508604206500956,1.0439770554493308,1065.0,2.0363288718929256,34.16,-118.38,3.206
3.4868,27.0,3.139963167587477,1.0644567219152854,2314.0,2.130755064456722,37.4,-122.1,1.656
5.0862,37.0,5.281081081081081,0.9945945945945946,967.0,2.6135135135135137,34.23,-118.25,2.613
4.1364,31.0,5.414932680538556,1.0208078335373316,1915.0,2.343941248470012,37.6,-122.41,4.12
4.7917,36.0,5.970223325062035,1.0818858560794045,1189.0,2.9503722084367245,37.57,-122.3,2.761
4.3548,17.0,5.713942307692308,1.0540865384615383,2412.0,2.8990384615384617,32.97,-117.06,1.923
3.7708,36.0,3.8130563798219583,1.029673590504451,1291.0,3.830860534124629,33.8,-118.22,1.571
3.3393,15.0,5.777777777777778,1.0833333333333333,529.0,2.449074074074074,38.5,-120.93,1.072
1.4958,31.0,4.5,0.9505208333333334,1167.0,3.0390625,39.09,-121.55,0.534
1.1019,13.0,4.456632653061225,1.0752551020408163,1571.0,2.003826530612245,39.74,-121.86,1.202
2.3333,31.0,3.901960784313725,0.9705882352941176,1602.0,5.235294117647059,33.72,-117.86,1.577
4.0341,33.0,5.565040650406504,1.1382113821138211,758.0,3.0813008130081303,38.24,-122.62,1.565
3.4485,27.0,4.888482632541133,1.0329067641681902,1233.0,2.254113345521024,37.89,-122.51,4.583
0.7068,49.0,2.0822784810126582,1.0063291139240509,467.0,1.4778481012658229,37.33,-121.89,2.0
5.4889,15.0,7.01010101010101,1.0292929292929294,2829.0,2.857575757575757,38.66,-121.21,2.323
2.6298,14.0,9.425,2.02,1711.0,1.711,33.79,-116.48,1.452
3.3472,26.0,4.338397790055248,0.925414364640884,1572.0,2.1712707182320443,33.78,-117.88,2.374
5.1629,20.0,6.178787878787879,1.1303030303030304,862.0,2.6121212121212123,37.73,-121.46,2.229
4.7772,34.0,4.985915492957746,0.9753521126760564,980.0,3.4507042253521125,33.81,-117.96,1.825
1.2864,40.0,2.5520702634880803,1.1279799247176914,1257.0,1.577164366373902,33.77,-118.2,1.313
3.8021,45.0,4.876456876456876,1.051282051282051,1190.0,2.773892773892774,33.99,-118.43,3.23
2.875,24.0,5.344827586206897,1.1422413793103448,1035.0,4.461206896551724,36.72,-119.76,0.606
5.6739,14.0,7.896272285251215,1.0632090761750406,2085.0,3.379254457050243,36.82,-119.64,1.738
5.5261,10.0,7.037225042301184,1.0287648054145515,2089.0,3.5346869712351947,35.42,-119.08,1.32
2.6921,19.0,6.128500823723229,1.0477759472817134,1304.0,2.1482701812191105,39.51,-121.47,0.975
4.8611,15.0,6.442065491183879,0.9773299748110832,2540.0,3.198992443324937,38.45,-121.83,1.464
3.7617,23.0,5.818652849740933,1.1321243523316062,1035.0,2.681347150259068,38.47,-122.66,1.726
2.6944,36.0,5.333333333333333,1.0526315789473684,647.0,2.837719298245614,40.54,-122.38,0.753
2.4321,26.0,5.100760456273764,1.0551330798479088,1353.0,2.5722433460076046,40.88,-124.09,0.821
3.5465,35.0,4.482861400894188,1.0044709388971684,1584.0,2.360655737704918,33.84,-118.13,2.132
3.5739,45.0,6.052083333333333,1.0338541666666667,968.0,2.520833333333333,37.77,-122.16,1.76
6.8007,9.0,6.694444444444445,0.9913194444444444,1646.0,2.857638888888889,33.55,-117.69,3.183
2.3333,11.0,2.4347826086956523,0.9536231884057972,1338.0,3.878260869565217,37.49,-122.23,2.417
1.1667,37.0,4.022792022792022,0.9772079772079773,1127.0,3.2108262108262107,34.12,-117.31,0.709
1.7308,52.0,4.231173380035027,1.0823117338003505,1150.0,2.0140105078809105,40.8,-124.16,0.805
5.1269,6.0,4.973083197389886,1.0358890701468189,2678.0,2.1843393148450243,33.76,-118.3,2.852
5.1514,19.0,6.204918032786885,1.001639344262295,2198.0,3.60327868852459,37.11,-121.66,4.367
4.8152,36.0,5.637323943661972,1.0211267605633805,715.0,2.517605633802817,33.97,-118.03,2.324
1.3676,26.0,5.104895104895105,1.1048951048951048,880.0,3.076923076923077,35.99,-119.31,0.478
2.6598,50.0,4.803603603603603,1.1045045045045043,1768.0,3.185585585585585,36.85,-121.4,1.573
5.7759,5.0,5.495833333333334,1.0854166666666667,1179.0,2.45625,33.67,-117.8,2.4
2.3339,16.0,3.761658031088083,1.151986183074266,1192.0,2.058721934369603,38.01,-121.36,0.871
3.1028,17.0,5.137254901960785,1.092436974789916,1253.0,3.5098039215686274,34.08,-117.48,1.064
1.5594,52.0,2.8368794326241136,1.1099290780141844,1337.0,4.74113475177305,32.71,-117.14,0.875
1.5729,36.0,4.553956834532374,1.064748201438849,557.0,4.0071942446043165,32.7,-117.14,0.827
1.6156,45.0,3.3628318584070795,0.9144542772861356,840.0,2.47787610619469,32.72,-117.14,1.563
4.0272,45.0,4.583720930232558,1.0209302325581395,1245.0,2.895348837209302,34.13,-118.24,2.605
3.0417,18.0,4.730769230769231,1.0769230769230769,121.0,4.653846153846154,34.11,-117.97,1.375
2.5762,29.0,4.048703849175177,1.0950510604870385,3741.0,2.93872741555381,37.78,-122.28,1.734
1.625,34.0,4.8259668508287294,1.091160220994475,935.0,2.5828729281767955,37.96,-120.24,0.794
3.3472,31.0,5.607142857142857,1.0892857142857142,152.0,2.7142857142857144,33.04,-115.6,0.917
3.7054,28.0,4.120092378752887,1.0161662817551964,1255.0,2.8983833718244805,33.87,-117.97,1.692
3.0,52.0,3.960416666666666,1.09375,1856.0,3.866666666666666,34.11,-118.2,1.564
5.0465,34.0,6.395348837209302,1.0099667774086378,1619.0,2.68936877076412,32.82,-117.19,2.082
4.2972,34.0,4.133458646616542,0.9943609022556392,1193.0,2.242481203007519,37.44,-122.16,4.059
3.2156,10.0,5.3905013192612135,1.096306068601583,2111.0,2.7849604221635884,39.46,-123.4,1.044
4.6667,13.0,4.937677053824363,1.028328611898017,854.0,2.4192634560906514,32.9,-117.12,1.382
3.9632,20.0,5.742857142857143,0.8642857142857143,448.0,3.2,39.33,-123.23,1.471
2.7708,30.0,3.619389587073609,1.1166965888689409,1359.0,2.4398563734290843,34.17,-118.38,1.923
4.6375,15.0,4.350393700787402,1.059055118110236,1669.0,1.6427165354330708,34.15,-118.44,3.591
2.595,29.0,5.635627530364372,1.051282051282051,2092.0,2.823211875843455,37.05,-120.87,1.042
2.7589,26.0,3.755434782608696,1.0516304347826086,1977.0,5.372282608695652,33.75,-118.0,1.375
11.2463,22.0,8.249027237354085,1.0350194552529184,1480.0,2.8793774319066148,37.25,-121.99,5.00001
8.2335,37.0,5.098468271334792,0.949671772428884,846.0,1.851203501094092,34.11,-118.33,4.302
3.4073,52.0,5.302521008403361,1.1743697478991597,1430.0,3.004201680672269,37.75,-122.41,2.547
3.1719,39.0,5.759075907590759,1.0594059405940597,901.0,2.9735973597359737,36.75,-119.73,0.679
5.7422,37.0,5.836448598130841,1.0186915887850467,583.0,2.7242990654205608,33.86,-118.36,3.307
2.6181,15.0,5.951672862453532,1.2007434944237918,661.0,2.45724907063197,39.05,-122.78,1.089
1.7301,5.0,3.1649122807017545,1.08187134502924,3148.0,3.68187134502924,32.56,-117.06,1.25
2.0216,17.0,4.581967213114754,1.1065573770491803,560.0,2.295081967213114,37.09,-121.02,1.125
12.2547,38.0,7.0588235294117645,0.8529411764705882,63.0,1.8529411764705883,37.85,-122.49,5.00001
3.9821,22.0,5.783132530120482,1.072289156626506,774.0,3.108433734939759,37.57,-120.88,2.043
1.1793,32.0,4.494818652849741,1.1139896373056994,1699.0,4.401554404145077,33.92,-118.23,1.038
2.6587,26.0,5.930921052631579,1.3026315789473684,1683.0,2.768092105263158,34.98,-116.85,0.574
2.8095,30.0,4.061633281972265,1.00462249614792,3412.0,5.257318952234207,33.82,-118.08,1.183
2.4091,24.0,4.081534772182255,1.0719424460431657,1240.0,2.973621103117506,34.94,-120.45,1.155
2.3958,39.0,3.043956043956044,0.978021978021978,182.0,2.0,34.14,-118.23,1.75
3.017,19.0,8.096666666666666,1.53,883.0,2.9433333333333334,38.86,-120.02,0.976
3.0212,31.0,3.984126984126984,0.9990662931839402,3176.0,2.965452847805789,34.03,-118.13,2.082
4.0673,35.0,5.386885245901639,0.9770491803278688,831.0,2.724590163934426,38.68,-121.38,0.842
3.0377,47.0,4.590415913200723,1.1491862567811937,3348.0,3.027124773960217,34.1,-118.21,1.868
2.575,45.0,5.663793103448276,1.1939655172413792,649.0,2.7974137931034484,39.17,-122.9,0.736
4.1205,36.0,5.771604938271605,1.0432098765432098,947.0,2.9228395061728394,33.94,-117.97,2.17
2.5417,30.0,5.086021505376344,1.1720430107526882,242.0,2.6021505376344085,38.01,-120.37,1.232
2.5202,52.0,4.644699140401146,1.1260744985673352,635.0,1.819484240687679,38.24,-122.64,2.44
4.7308,33.0,6.575596816976128,1.013262599469496,979.0,2.5968169761273208,38.55,-121.75,2.362
4.625,38.0,4.7309090909090905,0.96,877.0,3.189090909090909,33.96,-118.12,1.913
2.119,18.0,4.636971046770602,1.0723830734966593,2032.0,2.2628062360801784,38.66,-121.34,1.331
1.8606,32.0,4.717703349282297,1.0685805422647527,1504.0,2.398724082934609,36.34,-119.64,0.567
4.6705,19.0,6.3896103896103895,1.1363636363636365,852.0,2.7662337662337664,38.43,-122.91,2.698
4.6591,20.0,6.758064516129032,1.0806451612903225,551.0,2.962365591397849,34.65,-118.14,2.472
3.6389,28.0,6.0,1.0829694323144106,769.0,3.3580786026200875,37.97,-121.17,1.304
1.9107,13.0,6.631284916201118,1.4245810055865922,442.0,2.46927374301676,33.5,-116.69,1.557
7.5992,15.0,7.634854771784233,0.975103734439834,855.0,3.547717842323652,32.91,-117.11,3.106
4.4531,5.0,5.695652173913044,0.984189723320158,3161.0,3.1235177865612647,33.21,-117.27,1.775
2.3359,40.0,4.47976011994003,1.0344827586206895,2144.0,3.214392803598201,34.02,-118.13,1.893
3.6083,15.0,4.050675675675675,1.016891891891892,510.0,1.722972972972973,32.86,-117.23,1.801
2.8702,36.0,5.245569620253165,1.0329113924050632,964.0,2.440506329113924,34.07,-117.66,1.37
3.0086,27.0,5.254424778761062,1.1880530973451326,863.0,1.90929203539823,38.61,-121.38,1.269
4.4722,18.0,5.511560693641618,1.0419075144508672,1881.0,2.718208092485549,34.11,-117.79,2.156
1.3708,8.0,3.88957055214724,1.030674846625767,1237.0,3.794478527607362,39.53,-122.23,1.25
5.4248,15.0,5.29277566539924,1.015209125475285,681.0,2.5893536121673004,33.7,-117.77,1.872
2.8043,27.0,4.062745098039216,1.0470588235294118,1118.0,2.1921568627450982,32.75,-117.21,2.621
1.1687,48.0,3.292307692307692,0.9846153846153848,1586.0,3.4857142857142858,34.11,-117.29,0.708
3.5909,46.0,5.913725490196079,1.0235294117647058,674.0,2.6431372549019607,34.17,-118.16,1.554
4.5662,33.0,5.746835443037975,1.0284810126582278,768.0,2.430379746835443,32.8,-117.0,1.503
7.8164,36.0,7.369458128078818,1.2167487684729064,441.0,2.1724137931034484,33.6,-117.89,5.00001
6.6779,5.0,7.507177033492823,0.9521531100478468,713.0,3.411483253588517,38.3,-122.03,2.239
1.9925,18.0,4.277207392197125,1.0390143737166324,926.0,1.9014373716632444,38.58,-122.57,2.25
4.625,33.0,5.89766081871345,1.08187134502924,949.0,2.7748538011695905,38.21,-122.33,2.286
3.3125,22.0,6.175548589341693,1.0407523510971788,1066.0,3.341692789968652,36.79,-119.9,1.061
3.9583,19.0,4.842293906810036,1.0344086021505376,4205.0,3.014336917562724,34.31,-118.42,1.632
4.3397,21.0,5.373239436619718,1.0985915492957747,1588.0,2.795774647887324,33.86,-118.1,2.681
4.9318,20.0,6.247678018575852,1.015479876160991,1196.0,3.7027863777089776,37.34,-121.79,2.624
4.5987,12.0,6.527646129541864,1.1216429699842023,2087.0,3.296998420221169,38.26,-122.01,1.397
5.1097,29.0,5.55510752688172,1.0349462365591398,1691.0,2.2728494623655915,37.9,-122.08,2.88
6.8722,16.0,6.682274247491639,1.0301003344481603,818.0,2.735785953177257,33.68,-117.79,3.261
3.135,10.0,4.028938906752412,1.0016077170418007,2634.0,4.234726688102894,37.32,-121.82,2.314
6.9584,16.0,6.310714285714286,0.9571428571428572,1061.0,3.789285714285714,37.4,-121.87,3.516
4.5687,32.0,4.622331691297209,0.9967159277504104,1338.0,2.1970443349753697,33.82,-118.37,3.812
4.5759,43.0,4.728476821192053,1.076158940397351,836.0,2.7682119205298013,34.23,-118.26,2.092
2.7797,15.0,5.343520782396088,1.1100244498777505,1842.0,2.251833740831296,38.66,-121.33,1.055
6.4246,25.0,6.051808406647116,1.056695992179863,2297.0,2.2453567937438903,33.72,-118.33,4.467
2.1484,19.0,5.235973597359736,1.118811881188119,2204.0,3.636963696369637,33.75,-117.31,1.292
2.3454,33.0,2.8876404494382024,1.0589887640449438,753.0,2.115168539325843,34.43,-119.72,2.438
6.0859,21.0,6.081890812250333,1.0213049267643142,3748.0,2.4953395472703064,37.96,-122.08,2.66
3.8672,50.0,5.334801762114537,1.1497797356828194,523.0,2.303964757709251,37.88,-122.29,2.167
5.6454,33.0,5.642297650130549,1.0,1235.0,3.224543080939948,33.9,-117.99,2.028
2.7083,52.0,4.9523809523809526,0.9746031746031746,757.0,2.403174603174603,32.72,-117.13,1.991
2.625,8.0,23.88888888888889,5.944444444444445,36.0,2.0,38.95,-119.95,1.875
5.5677,4.0,5.92191435768262,1.120906801007557,834.0,2.1007556675062973,33.5,-117.7,2.454
2.3906,44.0,4.865573770491803,1.1639344262295082,2269.0,3.719672131147541,37.78,-122.22,1.117
2.8007,45.0,4.113149847094801,1.08868501529052,749.0,2.290519877675841,34.15,-118.09,2.109
7.3151,34.0,6.204176334106728,1.0092807424593968,1087.0,2.5220417633410674,33.9,-118.4,4.922
1.4911,18.0,6.215859030837004,1.4537444933920705,494.0,2.176211453744493,40.75,-122.31,0.758
1.7132,21.0,3.820197044334976,1.041871921182266,1519.0,3.7413793103448274,36.69,-119.55,0.559
6.1863,16.0,7.317494600431965,1.062634989200864,1249.0,2.697624190064795,33.65,-117.7,3.556
5.17,39.0,6.190804597701149,1.0988505747126436,1219.0,2.802298850574713,34.16,-118.52,3.354
6.4209,52.0,4.737171464330413,1.0112640801001251,1371.0,1.7158948685857325,37.79,-122.44,5.00001
2.3214,36.0,3.7256944444444446,0.9409722222222222,1385.0,4.809027777777778,33.9,-118.19,1.048
9.5221,48.0,7.021317829457364,1.0232558139534884,1282.0,2.484496124031008,34.05,-118.48,5.00001
4.4477,4.0,5.752631578947368,1.0252631578947369,2844.0,2.993684210526316,33.17,-117.06,1.748
4.8667,14.0,6.925742574257426,1.136138613861386,1236.0,3.0594059405940595,34.51,-118.07,2.399
2.3824,35.0,4.087591240875913,1.083941605839416,659.0,2.4051094890510947,38.44,-122.73,1.45
4.8304,35.0,6.961956521739131,1.190217391304348,710.0,3.858695652173913,33.92,-118.32,1.528
1.7969,48.0,5.737313432835821,1.2208955223880598,1026.0,3.062686567164179,37.84,-122.27,1.104
1.375,16.0,3.950819672131148,1.3770491803278688,152.0,2.4918032786885247,40.51,-123.21,0.488
2.6218,14.0,4.684076433121019,1.0993630573248407,2191.0,2.7910828025477707,36.31,-119.77,0.691
4.6641,29.0,6.011965811965812,1.1025641025641026,1724.0,2.947008547008547,37.54,-121.95,2.489
4.76,14.0,6.096666666666667,1.02,1951.0,3.2516666666666665,36.83,-121.37,2.16
3.375,52.0,4.011904761904762,1.0714285714285714,647.0,3.851190476190476,37.79,-122.24,1.161
5.6856,9.0,9.275720164609051,1.646090534979424,694.0,2.8559670781893005,39.36,-120.15,1.381
4.1375,43.0,5.181208053691275,0.959731543624161,701.0,2.3523489932885906,33.82,-118.12,2.26
2.0938,39.0,5.59433962264151,1.1226415094339623,539.0,2.542452830188679,40.59,-124.15,0.796
3.0521,29.0,5.987234042553191,1.127659574468085,556.0,2.3659574468085105,38.54,-121.42,1.08
3.425,6.0,4.221774193548387,1.092741935483871,740.0,2.9838709677419355,33.92,-118.34,1.938
7.5,45.0,6.233128834355829,1.0552147239263805,361.0,2.214723926380368,33.78,-118.13,4.345
3.871,27.0,5.404301075268817,1.0268817204301075,3899.0,4.19247311827957,34.02,-117.94,1.629
4.955,4.0,5.390459363957597,1.098939929328622,3775.0,2.2232037691401647,33.0,-117.07,2.415
3.9395,33.0,4.9409221902017295,0.9812680115273776,1798.0,2.590778097982709,37.67,-122.12,1.847
2.1976,52.0,4.590322580645161,1.1370967741935485,1519.0,2.45,38.11,-122.25,0.979
3.4103,26.0,6.252669039145908,1.0818505338078293,905.0,3.2206405693950177,34.11,-117.21,0.909
2.8125,29.0,4.333679833679834,1.0883575883575884,2024.0,2.103950103950104,37.72,-122.15,1.574
2.2017,32.0,3.797860962566845,1.1090909090909091,1731.0,1.851336898395722,32.75,-117.25,2.083
4.3585,34.0,5.768976897689769,0.9372937293729372,783.0,2.584158415841584,38.27,-122.31,1.944
2.7321,31.0,4.703389830508475,1.1144067796610169,1662.0,3.5211864406779663,34.05,-117.72,1.043
4.3333,29.0,6.023255813953488,1.0348837209302326,1687.0,3.2693798449612403,38.0,-122.31,1.708
3.5729,17.0,5.563008130081301,1.329268292682927,910.0,1.84959349593496,33.4,-117.65,3.708
5.5,16.0,5.097323600973236,1.094890510948905,963.0,2.343065693430657,33.66,-117.94,2.241
4.2875,36.0,4.297520661157025,0.9400826446280992,1939.0,4.006198347107438,34.21,-118.37,1.766
1.5954,27.0,2.2246376811594204,1.006340579710145,4137.0,3.747282608695652,34.06,-118.29,1.875
9.7066,38.0,8.75,1.1,129.0,6.45,34.07,-117.92,1.825
2.7468,14.0,6.500729927007299,1.1635036496350364,1817.0,2.652554744525548,41.54,-122.38,0.811
3.1607,31.0,3.598944591029024,1.0184696569920844,707.0,1.865435356200528,37.78,-122.44,2.938
4.1964,32.0,4.907849829351536,1.044368600682594,802.0,2.737201365187713,36.96,-122.04,2.02
1.8806,28.0,3.717973231357552,1.1462715105162524,3121.0,2.9837476099426388,33.98,-118.33,1.139
5.3664,34.0,6.370689655172414,1.0107758620689655,1488.0,3.206896551724138,34.06,-117.9,2.683
2.879,52.0,3.737864077669903,1.1029126213592233,867.0,1.683495145631068,37.77,-122.42,4.5
4.6607,4.0,5.012295081967213,1.1270491803278688,505.0,2.069672131147541,33.51,-117.69,1.73
3.6769,31.0,4.23489932885906,1.0845637583892618,1208.0,1.621476510067114,34.03,-118.49,4.5
3.3836,38.0,5.693581780538302,1.184265010351967,1410.0,2.919254658385093,34.08,-117.65,1.449
3.0379,47.0,4.8293333333333335,1.0693333333333332,948.0,2.528,36.62,-121.92,2.493
4.3875,10.0,5.648915187376726,1.0138067061143985,1300.0,2.5641025641025643,37.99,-122.11,2.877
5.5608,34.0,6.08955223880597,0.9813432835820896,690.0,2.574626865671642,33.94,-117.97,2.558
4.3646,42.0,5.212765957446808,1.066193853427896,1392.0,3.2907801418439715,34.04,-118.13,2.114
1.7708,9.0,4.152284263959391,1.0,358.0,1.8172588832487309,39.52,-121.56,0.795
3.2632,43.0,5.613744075829384,0.9786729857819904,944.0,2.2369668246445498,37.66,-121.0,1.381
3.4107,13.0,5.15625,1.125,822.0,12.84375,32.75,-115.5,1.425
2.1153,18.0,4.280898876404494,1.1629213483146068,2030.0,5.702247191011236,36.34,-120.08,1.125
4.3229,7.0,5.623569794050344,1.0125858123569793,2833.0,3.24141876430206,34.7,-118.12,1.3
5.3446,35.0,5.553752535496957,1.0324543610547667,1545.0,3.133874239350913,37.66,-122.45,2.633
1.4079,30.0,4.47119341563786,1.1522633744855968,1509.0,3.1049382716049383,34.11,-117.25,0.677
4.5882,8.0,26.366197183098592,3.95774647887324,203.0,2.859154929577465,39.35,-120.22,1.984
1.27,28.0,4.672972972972973,1.1324324324324324,929.0,2.5108108108108107,41.41,-122.37,0.531
1.3417,33.0,4.421800947867299,1.037914691943128,838.0,3.971563981042654,34.12,-117.33,0.69
5.9567,35.0,6.092651757188499,1.0415335463258786,912.0,2.913738019169329,37.33,-121.98,2.943
6.0389,5.0,8.75,1.2564102564102564,591.0,3.7884615384615374,37.7,-121.44,2.151
3.4784,32.0,5.223880597014926,0.9940298507462688,997.0,2.976119402985075,32.73,-117.03,1.544
8.2374,30.0,7.904761904761905,1.08008658008658,978.0,2.116883116883117,32.85,-117.26,5.00001
3.2794,42.0,5.591760299625468,1.0374531835205991,671.0,2.51310861423221,33.82,-118.12,2.245
5.5312,27.0,5.623376623376624,0.9837662337662336,1115.0,3.6201298701298703,33.68,-117.95,2.392
4.0,37.0,6.363945578231292,1.0918367346938775,806.0,2.741496598639456,39.25,-121.71,1.014
7.6709,17.0,7.691379310344828,1.0086206896551724,2095.0,3.6120689655172415,33.72,-117.93,3.195
3.4732,52.0,5.962864721485412,1.1193633952254642,870.0,2.3076923076923075,37.89,-122.29,2.462
3.3444,13.0,5.33458177278402,1.1061173533083646,2328.0,2.906367041198502,33.18,-117.22,1.839
3.3306,15.0,3.912751677852349,1.018216682646213,8793.0,4.215244487056568,37.37,-121.86,2.103
6.6199,18.0,6.666201117318436,1.0377094972067038,1970.0,2.7513966480446927,32.96,-117.25,4.062
1.9832,26.0,4.92814371257485,1.06187624750499,1068.0,2.131736526946108,34.16,-117.28,1.221
2.1141,27.0,3.8552036199095023,1.0723981900452488,1024.0,4.633484162895928,34.05,-117.74,1.109
5.93,20.0,6.2896174863387975,1.1530054644808745,478.0,2.612021857923497,38.41,-122.56,3.846
2.8097,33.0,5.260416666666667,1.0163690476190477,1568.0,2.333333333333333,32.77,-117.05,1.583
5.6093,17.0,5.970967741935484,1.1161290322580646,770.0,2.4838709677419355,33.82,-118.03,2.444
3.6512,18.0,4.3730407523510975,1.072884012539185,3842.0,3.010971786833856,34.04,-118.09,1.685
1.6522,37.0,4.897435897435898,1.0073260073260073,767.0,2.8095238095238093,35.31,-119.0,0.533
4.8611,39.0,5.259803921568627,1.0098039215686274,556.0,2.7254901960784315,33.92,-118.37,2.456
1.6645,20.0,5.671814671814672,1.16988416988417,1031.0,3.980694980694981,36.35,-119.42,0.48
2.6214,7.0,5.491089108910892,1.0495049504950495,1374.0,2.720792079207921,37.4,-120.84,1.038
2.723,20.0,6.496969696969697,1.1954545454545455,1800.0,2.727272727272727,41.48,-122.93,0.796
1.9531,30.0,4.097560975609756,1.1382113821138211,529.0,4.300813008130081,33.99,-118.27,1.0
1.5833,42.0,4.641821946169772,1.0786749482401656,1359.0,2.813664596273292,36.57,-119.61,0.651
3.9821,22.0,5.783132530120482,1.072289156626506,774.0,3.108433734939759,37.57,-120.88,2.043
7.0907,22.0,7.50853889943074,0.986717267552182,1774.0,3.366223908918406,33.69,-117.98,3.502
3.2875,52.0,5.990936555891238,1.039274924471299,887.0,2.6797583081570995,34.07,-118.15,2.344
2.2222,35.0,5.624521072796935,1.1417624521072798,1168.0,4.475095785440613,33.93,-117.4,0.813
4.7875,19.0,6.007005253940456,1.052539404553415,1817.0,3.182136602451839,34.76,-118.28,1.636
3.4762,15.0,4.634099616858237,1.0306513409961686,1279.0,2.450191570881226,35.32,-120.84,1.896
3.0398,5.0,5.054385964912281,1.024561403508772,1490.0,2.6140350877192984,37.63,-121.03,1.2
5.2129,34.0,5.937190082644628,1.018181818181818,2138.0,3.533884297520661,33.79,-117.93,1.934
5.5402,20.0,6.56175972927242,1.125211505922166,1651.0,2.793570219966159,34.22,-118.89,2.646
7.1669,52.0,6.140186915887851,0.794392523364486,629.0,2.939252336448598,34.06,-118.34,5.00001
3.5893,46.0,5.3457330415754925,1.0415754923413567,939.0,2.054704595185996,38.57,-121.43,1.42
3.95,52.0,5.02546689303905,1.0577249575551784,1191.0,2.022071307300509,37.75,-122.43,3.477
1.6875,42.0,4.322033898305085,0.9661016949152542,590.0,3.333333333333333,33.87,-117.58,1.135
2.125,31.0,4.818181818181818,1.0,186.0,3.381818181818182,34.48,-117.15,0.648
2.5737,30.0,4.685328185328185,0.9305019305019304,1375.0,2.6544401544401546,36.77,-119.74,0.769
3.7381,29.0,3.993924665856622,1.071688942891859,1523.0,1.850546780072904,34.03,-118.47,2.906
8.05,22.0,7.069114470842333,1.0367170626349893,1151.0,2.485961123110151,38.59,-121.34,3.8
3.6086,30.0,3.916083916083916,1.0932400932400932,1779.0,4.146853146853147,33.82,-118.22,1.463
2.2449,30.0,7.508038585209003,1.167202572347267,1214.0,3.9035369774919615,34.13,-117.33,0.932
8.798,10.0,8.187074829931973,1.0935374149659864,1808.0,3.074829931972789,33.63,-117.64,4.366
1.9,44.0,4.726775956284153,1.1366120218579234,537.0,2.9344262295081966,34.03,-118.35,1.109
5.3006,9.0,7.329596412556054,1.0706278026905829,2928.0,3.282511210762332,33.85,-117.6,2.214
6.0663,30.0,6.862539349422876,1.0398740818467995,3124.0,3.2780692549842603,33.97,-118.0,3.726
2.9315,27.0,5.11864406779661,1.1661016949152545,847.0,2.871186440677966,36.77,-119.85,0.832
2.4306,39.0,4.899209486166008,1.0691699604743083,1990.0,3.932806324110672,37.34,-121.87,2.891
2.8512,35.0,5.525333333333333,1.0266666666666666,1029.0,2.744,40.58,-122.41,0.756
3.2952,30.0,4.972924187725631,1.0776173285198556,1519.0,2.7418772563176894,36.61,-121.91,2.346
1.6198,30.0,4.357142857142857,1.0357142857142858,425.0,3.0357142857142856,37.79,-122.23,1.227
4.3125,34.0,5.535433070866142,1.0,369.0,2.905511811023622,34.19,-118.61,2.101
6.0389,5.0,8.75,1.2564102564102564,591.0,3.7884615384615374,37.7,-121.44,2.151
4.5179,35.0,6.780487804878049,1.113821138211382,392.0,3.186991869918699,34.07,-117.89,2.188
3.5352,17.0,6.228540772532189,1.177038626609442,1919.0,2.0590128755364807,35.14,-120.7,3.578
4.2037,5.0,5.433093154915079,1.1286670097786928,9842.0,2.532681420483788,34.43,-118.43,1.946
4.2656,22.0,6.697074010327023,1.1308089500860583,1727.0,2.972461273666093,34.4,-119.29,2.414
2.8859,44.0,5.610062893081761,0.8742138364779874,440.0,2.767295597484277,33.91,-118.26,1.208
1.7306,28.0,2.837096774193548,1.1548387096774193,1463.0,2.359677419354839,34.1,-118.32,4.5
3.6953,36.0,4.739130434782608,1.3478260869565215,416.0,3.0144927536231885,34.09,-118.33,2.0
1.5933,37.0,3.998330550918197,1.0467445742904842,2489.0,4.155258764607679,32.69,-117.11,0.863
4.0461,37.0,4.739669421487603,1.0661157024793388,742.0,3.066115702479338,33.9,-118.09,1.535
1.3587,20.0,4.311345646437995,1.0989445910290236,1622.0,2.1398416886543536,35.41,-119.04,0.675
4.7034,5.0,4.85781990521327,0.999210110584518,3188.0,2.5181674565560823,34.28,-118.68,2.23
2.246,6.0,2.647787610619469,1.056637168141593,3800.0,3.3628318584070795,33.76,-117.87,1.833
4.3818,14.0,5.291666666666667,1.0364583333333333,1690.0,2.9340277777777777,32.87,-116.91,1.471
4.125,36.0,5.649681528662421,1.038216560509554,482.0,3.070063694267516,33.85,-118.11,2.195
3.8141,52.0,5.568,1.0346666666666666,908.0,2.421333333333333,34.08,-118.35,3.42
2.3077,36.0,4.432926829268292,1.1280487804878048,1404.0,2.8536585365853657,34.9,-117.01,0.555
6.7644,19.0,6.825454545454545,1.069090909090909,1692.0,3.076363636363636,37.0,-121.68,4.126
4.1458,35.0,4.674556213017752,0.9792899408284024,1290.0,3.8165680473372783,34.0,-118.09,1.625
1.9637,49.0,3.7374701670644392,1.1789976133651552,643.0,1.5346062052505969,32.75,-117.16,1.375
2.9708,27.0,5.494577006507592,1.123644251626898,1371.0,2.9739696312364425,36.04,-120.14,0.609
5.3886,15.0,6.945848375451264,0.9458483754512635,848.0,3.061371841155234,36.84,-119.77,1.253
4.7639,36.0,5.261818181818182,1.0036363636363637,799.0,2.9054545454545453,37.66,-122.44,2.656
1.324,19.0,3.31056466302368,0.9817850637522768,3127.0,2.847905282331512,32.68,-117.08,1.226
2.0216,32.0,5.685714285714286,1.126530612244898,999.0,4.077551020408163,36.55,-119.79,0.768
2.7868,15.0,5.338129496402877,1.009592326139089,1004.0,2.407673860911271,38.7,-121.33,1.178
5.2405,36.0,6.335,0.955,640.0,3.2,34.09,-117.87,2.2
6.2048,23.0,7.304843304843305,0.9886039886039886,1043.0,2.971509971509972,37.73,-121.93,2.75
2.6648,33.0,6.454198473282442,1.1755725190839694,792.0,3.0229007633587788,36.34,-121.24,1.646
4.1985,34.0,4.761862917398946,1.039543057996485,2002.0,1.7592267135325133,37.46,-122.19,5.00001
2.8281,20.0,6.1,1.0825,1579.0,3.9475,36.31,-119.73,0.602
6.1628,31.0,6.993464052287582,1.0130718954248366,426.0,2.784313725490196,32.77,-117.08,2.192
2.8608,30.0,3.641340782122905,1.0525139664804468,2744.0,3.065921787709497,33.91,-118.08,1.656
2.2125,52.0,5.124293785310734,1.0169491525423728,479.0,2.7062146892655368,38.56,-121.46,1.04
3.8464,17.0,3.699692307692308,1.0689230769230769,3539.0,2.1778461538461538,37.36,-122.0,2.394
4.1483,25.0,5.678420310296191,1.1156558533145275,1850.0,2.609308885754584,37.95,-121.96,1.812
3.2594,36.0,4.05958549222798,0.9378238341968912,1054.0,2.7305699481865284,33.88,-118.35,2.339
5.0427,22.0,6.405405405405405,1.00982800982801,1216.0,2.987714987714988,38.55,-121.35,1.269
4.9091,43.0,5.051224944320713,0.975501113585746,1151.0,2.56347438752784,37.54,-122.29,2.932
2.9551,41.0,4.11854103343465,1.060790273556231,655.0,1.990881458966565,33.9,-118.36,2.05
3.2266,30.0,4.322429906542056,1.0233644859813085,2847.0,4.434579439252336,34.1,-117.96,1.418
3.6389,36.0,5.584615384615384,1.1153846153846154,490.0,3.769230769230769,33.91,-118.1,1.676
4.7328,45.0,5.573913043478261,1.0847826086956522,1056.0,2.2956521739130435,37.78,-122.51,3.511
1.8289,29.0,4.343675417661098,1.0954653937947494,1134.0,2.7064439140811456,35.39,-119.01,0.594
2.6607,25.0,5.584070796460177,1.2964601769911503,534.0,2.3628318584070795,38.93,-119.98,0.904
2.7069,18.0,5.065918653576437,1.0336605890603086,1864.0,2.614305750350632,32.84,-116.9,1.538
2.7813,36.0,4.65034965034965,0.9545454545454546,761.0,2.660839160839161,39.44,-123.79,1.058
4.9087,32.0,4.320137693631669,0.9948364888123924,1160.0,1.9965576592082617,37.37,-122.06,3.227
3.1765,32.0,5.41147132169576,1.0723192019950123,815.0,2.0324189526184537,34.15,-117.28,1.35
0.4999,43.0,7.846153846153846,1.4615384615384617,44.0,3.3846153846153846,38.07,-120.19,1.625
6.0194,44.0,5.735343383584589,1.0,1358.0,2.274706867671692,37.84,-122.21,2.923
4.5943,10.0,4.469437652811736,1.1075794621026895,1356.0,3.315403422982885,37.29,-121.83,1.235
1.6667,30.0,5.265217391304348,1.2565217391304349,611.0,2.6565217391304348,34.83,-116.96,0.447
3.0,37.0,4.890625,1.04296875,686.0,2.6796875,38.68,-121.17,1.219
3.5,49.0,4.780793319415449,1.0062630480167014,1201.0,2.5073068893528183,39.44,-123.79,1.133
2.7409,41.0,4.513978494623656,1.0150537634408603,1369.0,2.944086021505376,34.05,-118.34,1.671
1.1141,39.0,4.566964285714286,1.0848214285714286,550.0,2.455357142857143,37.97,-121.27,0.544
4.5375,34.0,5.381944444444445,0.96875,1011.0,3.5104166666666665,34.23,-118.42,1.89
5.6015,33.0,5.913612565445026,0.93717277486911,2037.0,2.6662303664921465,34.08,-117.87,2.672
5.3909,15.0,5.727626459143969,0.8871595330739299,892.0,3.470817120622568,36.31,-119.33,1.13
4.6,27.0,6.304347826086956,0.9723320158102768,610.0,2.411067193675889,38.65,-121.34,1.99
1.8542,22.0,4.789115646258503,1.1938775510204085,636.0,2.163265306122449,37.26,-121.96,3.333
5.3307,16.0,6.005353319057816,1.019271948608137,2624.0,2.809421841541756,33.87,-117.78,1.696
2.6172,40.0,4.452054794520548,1.1621004566210045,1038.0,2.3698630136986303,34.15,-118.11,1.961
4.6019,36.0,5.235732009925559,1.032258064516129,1128.0,2.7990074441687347,33.85,-118.13,2.084
2.3768,18.0,4.906,1.074,1503.0,3.006,34.07,-117.43,0.953
3.9741,15.0,6.645652173913043,1.108695652173913,1154.0,2.508695652173913,34.06,-117.14,1.411
5.1773,52.0,6.358558558558559,1.0342342342342343,1177.0,2.120720720720721,37.84,-122.24,3.895
3.6458,44.0,4.567961165048544,1.116504854368932,493.0,2.3932038834951457,34.0,-118.46,3.258
1.9871,35.0,5.1248073959938365,1.072419106317411,2511.0,3.869029275808937,38.62,-121.46,0.609
3.0,5.0,6.067796610169491,1.1016949152542372,169.0,2.864406779661017,39.13,-121.32,1.625
5.5291,52.0,5.937984496124031,1.049095607235142,1203.0,3.108527131782946,34.14,-118.22,2.746
5.7361,39.0,6.451612903225806,1.0026881720430108,877.0,2.35752688172043,33.81,-118.38,5.00001
1.6009,39.0,5.12183908045977,1.2459770114942528,1516.0,3.485057471264368,35.39,-118.99,0.488
1.3569,32.0,4.603340292275574,1.091858037578288,1772.0,3.69937369519833,36.32,-119.64,0.431
4.0625,11.0,5.714285714285714,0.9933035714285714,952.0,2.125,33.15,-117.29,0.875
6.7196,23.0,7.158045977011494,1.0057471264367817,863.0,2.4798850574712645,32.79,-117.04,3.068
7.001,26.0,7.885245901639344,1.0040983606557377,775.0,3.1762295081967213,34.2,-118.87,2.868
1.6747,20.0,3.989648033126294,1.082815734989648,3555.0,3.680124223602484,32.74,-117.1,1.0
2.2429,52.0,4.638349514563107,1.0072815533980584,777.0,1.8859223300970875,32.73,-117.13,2.211
2.694,41.0,5.233333333333333,1.1229166666666666,1179.0,2.45625,38.04,-122.26,1.23
2.6159,45.0,3.647482014388489,1.0071942446043165,305.0,2.194244604316547,37.55,-122.31,2.729
1.9741,26.0,4.4135135135135135,1.027027027027027,890.0,2.4054054054054053,41.04,-124.1,0.979
2.4497,7.0,4.823389021479714,1.1842482100238665,6274.0,2.994749403341289,33.81,-116.47,0.909
12.8483,42.0,6.831578947368421,0.9157894736842104,420.0,2.210526315789474,34.04,-118.4,5.00001
3.5861,38.0,5.127625201938611,0.9789983844911146,1557.0,2.515347334410339,32.73,-117.03,1.236
2.1062,21.0,4.324281150159744,1.0782747603833869,1742.0,2.7827476038338657,34.09,-117.94,1.767
3.0,39.0,4.628930817610063,0.949685534591195,1036.0,3.257861635220126,33.92,-118.28,1.1
4.1859,6.0,5.745173745173745,0.972972972972973,773.0,2.9845559845559846,37.52,-120.83,1.5
3.2516,16.0,5.064777327935222,1.0769230769230769,1211.0,2.451417004048583,32.86,-116.84,2.021
2.6442,23.0,4.13425925925926,1.0324074074074074,1149.0,5.319444444444445,33.75,-117.92,1.563
1.6903,40.0,2.4575936883629192,1.064102564102564,4828.0,2.380670611439842,34.1,-118.31,3.5
2.875,43.0,6.314720812182741,1.0609137055837563,611.0,3.1015228426395938,37.64,-121.18,1.875
1.6065,47.0,3.5303030303030303,1.1174242424242424,1226.0,4.643939393939394,33.97,-118.23,1.114
1.6581,48.0,4.00561797752809,0.9297752808988764,784.0,2.202247191011236,34.03,-118.34,1.188
4.375,25.0,6.566666666666666,1.0507936507936508,1905.0,3.023809523809524,32.75,-116.98,2.14
3.9936,5.0,5.838768115942029,1.045289855072464,3427.0,3.1041666666666665,34.56,-118.12,1.485
3.0043,24.0,16.793296089385475,3.427374301675977,780.0,2.17877094972067,39.32,-120.26,1.221
2.6848,26.0,4.5942684766214175,1.0950226244343892,888.0,1.339366515837104,33.61,-117.71,0.741
2.9861,33.0,4.198858230256898,1.0532825880114176,2239.0,2.1303520456707896,37.7,-122.09,2.082
2.7432,35.0,4.695652173913044,1.1123188405797102,1423.0,5.155797101449275,34.05,-118.19,1.352
5.7942,36.0,6.008108108108108,1.0,1039.0,2.808108108108108,33.79,-118.11,2.57
2.75,33.0,3.331360946745562,1.1479289940828403,265.0,1.5680473372781063,37.97,-122.52,2.313
3.0833,24.0,6.42,1.108,1966.0,7.864,38.34,-121.41,1.625
1.3194,19.0,4.244230769230769,1.0865384615384617,1481.0,2.848076923076923,37.75,-122.19,0.814
2.59,45.0,5.471111111111111,1.1311111111111112,1587.0,3.526666666666667,37.74,-122.4,2.118
4.1062,52.0,4.611111111111111,1.0588235294117647,1091.0,3.565359477124183,34.42,-119.71,2.529
5.8505,22.0,8.056689342403628,1.2018140589569162,1108.0,2.512471655328798,36.59,-121.95,4.171
1.7642,39.0,3.4384133611691023,0.9979123173277662,2176.0,4.542797494780793,32.71,-117.14,0.829
4.955,4.0,5.390459363957597,1.098939929328622,3775.0,2.2232037691401647,33.0,-117.07,2.415
7.2217,28.0,7.304721030042918,1.0665236051502145,1134.0,2.433476394849785,33.54,-117.77,5.00001
9.4522,37.0,8.47872340425532,1.175531914893617,984.0,2.617021276595745,34.44,-119.63,5.00001
5.8777,27.0,5.618510158013544,1.0857787810383748,1082.0,2.4424379232505644,33.63,-117.95,3.588
2.2321,46.0,4.927272727272728,1.3454545454545457,150.0,2.727272727272727,34.15,-118.09,2.375
4.125,36.0,5.748971193415638,1.1893004115226338,661.0,2.720164609053498,37.09,-122.12,2.396
4.3409,39.0,5.152238805970149,0.9940298507462688,892.0,2.662686567164179,34.09,-117.9,1.918
1.9375,40.0,4.766891891891892,0.9594594594594594,609.0,2.0574324324324325,36.78,-119.77,0.677
3.9185,12.0,6.625441696113074,1.0848056537102473,806.0,2.8480565371024733,39.05,-121.03,1.952
5.8788,12.0,7.780310880829015,1.096373056994819,2484.0,2.5740932642487047,34.11,-118.84,5.00001
4.7269,48.0,6.975274725274725,1.1675824175824177,930.0,2.5549450549450547,34.19,-118.13,3.039
1.75,47.0,4.0,0.92831541218638,826.0,2.960573476702509,37.76,-122.2,0.857
5.2759,14.0,6.50143815915628,0.986097794822627,7600.0,3.6433365292425695,33.99,-117.52,1.829
2.4728,20.0,4.494974874371859,1.0904522613065326,1113.0,2.7964824120603016,38.29,-122.3,1.397
1.9187,29.0,3.936936936936937,0.9774774774774776,788.0,3.5495495495495497,37.96,-121.24,0.577
2.575,39.0,3.591203104786546,1.0866752910737387,2546.0,3.2936610608020698,34.16,-118.14,1.535
3.1429,42.0,4.685344827586207,0.9051724137931034,1304.0,2.810344827586207,37.34,-121.94,2.865
1.9964,26.0,3.818487394957984,1.1663865546218488,2567.0,4.314285714285714,33.77,-118.27,1.506
2.9118,38.0,4.376358695652174,1.0638586956521738,2792.0,3.793478260869565,34.18,-119.17,1.724
3.4265,52.0,4.703448275862069,1.0367816091954023,944.0,2.170114942528736,34.07,-118.36,4.569
2.4219,34.0,4.950177935943061,1.0569395017793597,943.0,3.3558718861209966,36.88,-120.29,0.839
3.4375,28.0,4.858490566037736,1.1666666666666667,1334.0,4.19496855345912,34.29,-118.89,1.941
1.1194,27.0,2.772727272727273,1.1301652892561984,844.0,1.743801652892562,33.98,-117.37,0.958
4.9821,21.0,4.487567567567568,1.1005405405405406,2054.0,2.2205405405405405,33.87,-118.38,2.929
5.0311,14.0,5.872817955112219,1.0124688279301746,1883.0,4.695760598503741,32.58,-117.04,1.521
3.9489,21.0,4.753794266441822,1.092748735244519,1435.0,2.4198988195615514,34.04,-118.45,3.602
3.5652,27.0,4.357522123893805,1.008849557522124,1278.0,2.261946902654868,37.31,-121.95,3.295
2.8542,37.0,3.996192893401015,1.0571065989847717,3456.0,4.385786802030457,36.68,-121.61,1.276
7.5337,29.0,6.233812949640288,0.9172661870503596,679.0,2.4424460431654675,37.36,-122.05,4.068
1.9818,33.0,2.3061889250814334,1.1172638436482083,2013.0,3.278501628664495,34.06,-118.27,2.083
4.0977,50.0,4.788008565310492,1.0364025695931478,1171.0,2.507494646680942,37.76,-122.48,3.221
2.875,38.0,4.2133891213389125,1.0251046025104602,618.0,2.585774058577406,37.72,-122.16,1.448
6.0783,23.0,5.633986928104576,0.8660130718954249,934.0,3.052287581699346,34.27,-118.65,2.292
2.9569,27.0,6.233082706766917,1.1954887218045114,2362.0,4.43984962406015,33.82,-116.49,0.659
1.1667,52.0,3.75,1.0,183.0,3.267857142857143,37.81,-122.27,1.125
7.5604,9.0,6.696969696969697,0.9437229437229436,683.0,2.9567099567099566,32.91,-117.08,3.279
6.0289,23.0,7.289029535864979,1.010548523206751,1375.0,2.9008438818565403,37.98,-122.27,2.186
4.2109,14.0,4.98974358974359,1.1871794871794872,1205.0,3.08974358974359,32.93,-117.14,1.712
1.65,52.0,2.5322033898305083,1.0338983050847457,1630.0,2.76271186440678,37.76,-122.42,2.65
3.3594,32.0,4.969298245614035,0.9473684210526316,693.0,3.039473684210526,33.87,-117.89,2.021
3.1654,34.0,3.837931034482759,1.0793103448275865,928.0,3.2,34.05,-118.22,1.55
3.2689,31.0,4.409298780487805,1.0510670731707317,2973.0,2.266006097560976,37.73,-122.27,2.31
3.851,10.0,4.936789449749886,1.035925420645748,6474.0,2.9440654843110505,33.97,-117.71,1.372
6.5322,14.0,8.079681274900398,1.0159362549800797,781.0,3.1115537848605577,38.76,-121.17,3.94
2.1992,26.0,2.633774160732452,1.020345879959308,5756.0,5.855544252288912,33.74,-117.85,1.708
2.93,23.0,3.881873727087577,1.0692464358452138,1029.0,2.095723014256619,32.8,-117.22,1.833
3.5104,30.0,3.3766937669376693,1.010840108401084,1990.0,5.392953929539296,34.26,-118.43,1.409
7.9367,23.0,9.1768115942029,1.191304347826087,1092.0,3.165217391304348,33.62,-117.86,5.00001
3.0938,31.0,3.667655786350149,0.9762611275964392,1486.0,4.4094955489614245,33.98,-118.17,1.554
4.7344,37.0,5.136125654450262,0.9607329842931938,1267.0,3.316753926701571,37.56,-122.3,2.718
4.0658,44.0,4.523456790123457,0.9901234567901236,1056.0,2.607407407407408,33.87,-118.18,1.751
2.8906,16.0,5.413043478260869,1.0341614906832295,652.0,2.0248447204968945,32.85,-116.89,1.583
3.6301,7.0,5.766690091356289,1.0702740688685874,4399.0,3.0913562895291635,33.25,-117.32,1.709
4.8554,11.0,6.4902763561924255,1.0542476970317298,2697.0,2.760491299897646,33.16,-117.08,2.067
1.95,50.0,4.814814814814815,1.0266666666666666,2300.0,3.4074074074074074,34.0,-118.32,1.126
2.7311,32.0,3.936920222634509,1.0964749536178109,1929.0,3.5788497217068644,34.0,-118.1,1.693
1.9238,39.0,3.996941896024465,0.9694189602446484,1862.0,2.8470948012232418,38.13,-121.27,0.707
4.8088,32.0,5.285546415981199,1.0129259694477086,1818.0,2.136310223266745,37.9,-122.05,3.212
3.3776,23.0,3.789072426937738,1.0635324015247776,1317.0,1.673443456162643,34.43,-119.75,2.832
2.6705,26.0,6.185344827586207,1.0086206896551724,544.0,2.3448275862068964,40.55,-122.37,1.367
2.5552,34.0,5.075851393188855,1.105263157894737,1397.0,2.1625386996904026,35.37,-120.84,2.0
3.2723,39.0,4.474226804123711,1.041237113402062,800.0,2.7491408934707904,34.14,-118.0,1.669
3.3214,33.0,4.419811320754717,1.018867924528302,1216.0,5.735849056603773,34.27,-118.42,1.313
1.9265,44.0,6.880851063829788,1.5872340425531914,1112.0,2.3659574468085105,38.5,-122.97,1.327
2.5114,32.0,4.208510638297873,1.1404255319148937,826.0,1.7574468085106385,34.11,-118.01,2.122
2.1494,37.0,4.479923518164436,1.0975143403441685,1608.0,3.074569789674952,37.79,-122.22,1.325
4.0458,12.0,5.253073770491803,1.022540983606557,2749.0,2.8165983606557377,38.32,-121.96,1.306
3.7961,28.0,4.705357142857143,1.0580357142857142,2997.0,3.344866071428572,33.84,-118.08,1.627
4.0625,47.0,5.122302158273381,1.079136690647482,632.0,2.273381294964029,34.05,-118.36,2.952
3.875,15.0,5.058405682715075,1.0757695343330702,3359.0,2.6511444356748224,34.1,-117.87,1.733
4.2059,24.0,6.069620253164557,1.0696202531645569,1141.0,2.4071729957805905,34.05,-117.17,1.215
2.7535,24.0,3.2184412733260155,1.048298572996707,5516.0,6.054884742041712,33.74,-117.9,1.11
2.8889,11.0,3.881818181818182,1.2666666666666666,1584.0,4.8,34.12,-118.25,1.531
2.9474,33.0,5.605855855855856,1.2297297297297298,1857.0,4.1824324324324325,33.85,-117.93,1.784
3.1635,11.0,5.161290322580645,1.153225806451613,609.0,2.4556451612903225,38.81,-120.84,1.326
8.0158,13.0,6.298550724637681,1.0115942028985507,891.0,2.582608695652174,37.33,-122.07,4.2
3.8456,35.0,5.461346633416459,0.9576059850374063,1154.0,2.877805486284289,37.96,-122.05,1.598
3.9722,38.0,5.292878635907723,1.0110330992978938,2695.0,2.703109327983952,37.65,-122.44,2.762
4.6417,17.0,6.829201101928375,1.0743801652892562,1219.0,3.358126721763085,34.69,-118.12,1.257
3.5521,35.0,6.277777777777778,1.1157407407407407,620.0,2.8703703703703702,38.44,-122.69,1.683
3.9728,28.0,4.433806146572104,1.1217494089834514,1691.0,1.9988179669030728,37.57,-122.34,3.0
3.4934,27.0,5.46,1.0466666666666666,451.0,3.006666666666667,37.57,-120.85,1.938
5.5608,34.0,6.08955223880597,0.9813432835820896,690.0,2.574626865671642,33.94,-117.97,2.558
7.2379,15.0,6.472222222222222,0.9409722222222222,1006.0,3.493055555555556,33.91,-117.6,2.51
2.3566,22.0,5.4966329966329965,1.1077441077441077,1647.0,2.772727272727273,39.53,-122.2,0.71
5.6235,12.0,6.259528130671506,0.9473684210526316,1754.0,3.1833030852994555,35.41,-119.09,1.306
4.2234,16.0,4.682678311499272,1.042212518195051,2054.0,2.98981077147016,32.9,-117.14,1.621
2.1458,30.0,5.153184165232358,1.2753872633390706,1481.0,2.549053356282272,35.62,-117.68,0.524
4.1417,52.0,4.864406779661017,1.0783898305084745,1039.0,2.2012711864406778,37.77,-122.45,5.0
3.7583,33.0,5.627906976744186,1.106312292358804,1689.0,5.6112956810631225,34.07,-117.79,1.163
7.8496,39.0,6.528888888888889,1.0044444444444445,553.0,2.457777777777778,33.63,-117.92,4.908
2.4524,41.0,5.340116279069767,1.188953488372093,1430.0,4.156976744186046,34.13,-117.32,0.704
6.075,19.0,7.848722986247544,1.088408644400786,1523.0,2.9921414538310414,34.13,-117.66,2.541
5.4035,44.0,5.616541353383458,0.9849624060150376,618.0,2.323308270676692,34.01,-118.4,3.563
6.8336,35.0,6.935114503816794,1.0,659.0,2.515267175572519,37.52,-122.31,4.572
2.6429,47.0,4.09375,1.0859375,790.0,2.0572916666666665,34.43,-119.71,2.792
3.6875,13.0,4.049166666666666,1.0775,3351.0,2.7925,34.2,-118.4,2.119
3.9712,46.0,6.410334346504559,1.17629179331307,922.0,2.802431610942249,37.79,-122.18,2.081
2.5599,42.0,2.8264462809917354,0.9669421487603306,2312.0,4.776859504132231,36.91,-121.75,1.514
2.7857,43.0,5.21505376344086,1.075268817204301,747.0,2.677419354838709,40.58,-122.4,1.042
8.0837,25.0,7.587242026266416,1.0337711069418387,1699.0,3.1876172607879925,37.3,-122.01,3.806
2.3333,37.0,4.6,1.1555555555555554,443.0,3.2814814814814817,33.87,-117.57,1.228
5.0739,16.0,5.124137931034483,0.9839080459770116,3038.0,3.491954022988505,37.54,-122.03,2.08
2.8448,43.0,3.8192182410423454,1.01628664495114,1439.0,2.343648208469056,37.76,-122.51,2.689
4.0208,52.0,5.395833333333333,1.0277777777777777,362.0,2.513888888888889,37.28,-121.95,2.625
2.2765,30.0,4.021645021645021,1.028860028860029,2647.0,3.81962481962482,34.07,-117.64,0.981
1.6,39.0,3.747967479674797,1.048780487804878,381.0,3.097560975609756,37.79,-122.25,1.125
3.2447,12.0,4.936859147328656,1.0286022665947112,4656.0,2.512682137075013,37.7,-121.01,1.422
5.0156,52.0,5.752532561505065,1.036179450072359,1515.0,2.192474674384949,37.78,-122.45,5.00001
3.875,27.0,6.285714285714286,0.9924812030075189,303.0,2.278195488721805,38.14,-121.29,1.274
2.7048,8.0,4.228404099560762,0.9692532942898976,2441.0,3.57393850658858,32.59,-117.08,1.53
5.3074,18.0,4.617241379310345,0.9793103448275862,761.0,2.6241379310344826,33.03,-117.08,1.372
1.8942,45.0,4.861111111111111,0.9166666666666666,225.0,3.125,38.17,-122.23,2.167
2.7344,35.0,5.735955056179775,1.0617977528089888,953.0,2.676966292134832,37.31,-120.46,0.878
2.2768,52.0,4.953068592057762,0.9873646209386282,1479.0,2.669675090252708,37.77,-122.18,0.962
7.3023,35.0,6.661710037174721,0.9944237918215614,1405.0,2.6115241635687734,37.43,-122.11,4.513
1.4844,52.0,3.943661971830986,1.0,217.0,3.056338028169014,32.67,-117.11,0.833
1.2069,47.0,4.28051948051948,1.122077922077922,1308.0,3.397402597402597,34.12,-117.29,0.682
3.1071,18.0,5.657534246575342,1.2054794520547945,711.0,2.434931506849315,39.32,-123.7,2.132
4.605,16.0,7.002212389380531,1.0663716814159292,1351.0,2.9889380530973453,33.36,-117.22,2.633
4.3222,15.0,6.361247216035634,1.1184855233853006,7540.0,3.3585746102449887,33.91,-117.43,1.38
1.9286,38.0,2.7142857142857144,0.9285714285714286,445.0,3.1785714285714284,34.08,-118.29,1.375
6.7718,19.0,5.251173708920188,1.016431924882629,1158.0,2.718309859154929,37.36,-122.0,3.683
2.2679,39.0,3.240963855421686,1.0180722891566265,1242.0,3.740963855421687,34.08,-117.96,1.518
3.2031,16.0,7.972375690607735,1.3756906077348066,435.0,2.403314917127072,38.46,-120.55,1.292
7.2477,16.0,6.660377358490566,1.0471698113207548,770.0,2.4213836477987423,37.54,-122.26,3.76
2.6629,21.0,4.858156028368795,1.0904255319148937,2630.0,4.663120567375887,36.42,-121.31,1.027
6.4211,19.0,7.578723404255319,0.9340425531914892,1584.0,3.370212765957447,33.6,-117.69,2.881
4.8036,20.0,5.37,1.02125,1732.0,2.165,37.69,-122.09,1.883
3.7198,13.0,5.692156862745098,1.0,1844.0,3.615686274509804,34.13,-117.38,1.129
3.66,34.0,4.670588235294118,1.0588235294117647,1080.0,3.176470588235294,34.22,-118.43,1.846
2.7708,33.0,4.564432989690721,1.0257731958762886,1037.0,2.672680412371134,36.62,-121.83,1.618
3.5511,17.0,6.233870967741935,1.1559139784946235,1126.0,3.0268817204301075,38.65,-120.76,1.559
6.7962,4.0,6.205936920222634,1.0241187384044528,1525.0,2.829313543599258,33.67,-117.8,3.291
5.6228,42.0,6.4453125,1.0703125,645.0,2.51953125,37.9,-122.27,3.754
3.0216,37.0,5.539094650205762,1.0041152263374489,1263.0,2.598765432098765,40.79,-124.15,0.864
2.6667,49.0,4.2,0.9285714285714286,737.0,3.509523809523809,37.79,-122.2,1.22
3.5,17.0,6.3375,1.2875,607.0,2.529166666666667,38.47,-120.76,1.238
2.9821,35.0,5.57089552238806,1.037313432835821,729.0,2.720149253731343,37.6,-120.95,0.974
2.5643,37.0,4.763975155279503,0.9782608695652174,1147.0,3.562111801242236,38.62,-121.45,0.598
5.1333,43.0,5.335968379446641,1.007905138339921,1146.0,2.264822134387352,33.97,-118.39,3.459
2.5714,8.0,3.0375,0.9375,102.0,1.275,34.23,-119.14,5.00001
3.7175,17.0,6.606914212548015,1.089628681177977,2344.0,3.001280409731114,33.73,-116.94,1.2
4.2159,18.0,5.705555555555556,1.1444444444444444,436.0,2.422222222222222,33.65,-117.98,2.113
6.6331,36.0,6.228699551569507,1.0089686098654709,623.0,2.7937219730941703,37.29,-121.9,2.833
0.8478,39.0,3.8598130841121496,0.994392523364486,2015.0,3.766355140186916,33.93,-118.23,1.049
5.5683,19.0,5.2875,1.0770833333333334,2021.0,2.105208333333333,34.14,-118.39,3.092
3.9688,30.0,6.60431654676259,1.1079136690647482,469.0,3.3741007194244603,37.61,-120.8,1.75
2.8906,43.0,5.545454545454546,1.2424242424242424,534.0,2.311688311688312,36.13,-118.82,0.657
6.1278,29.0,6.894736842105263,0.986842105263158,455.0,2.9934210526315788,37.71,-122.48,4.176
6.8,33.0,6.539877300613497,1.1717791411042944,403.0,2.4723926380368098,38.37,-122.39,2.408
3.9336,18.0,6.188405797101449,1.207729468599034,1128.0,2.7246376811594204,38.38,-122.93,2.625
1.5427,28.0,4.487394957983193,1.2079831932773109,1799.0,3.779411764705882,33.95,-118.25,0.957
1.5029,20.0,3.592380952380952,1.1161904761904762,1134.0,2.16,32.75,-117.08,1.0
1.8485,48.0,4.754385964912281,1.3157894736842106,571.0,5.008771929824562,34.02,-118.24,0.906
4.2218,37.0,5.351585014409222,1.020172910662824,1956.0,2.8184438040345823,33.85,-118.17,2.005
4.0693,16.0,5.536585365853658,1.0208034433285509,4383.0,3.144189383070301,32.86,-116.98,1.464
5.6918,12.0,12.910485933503836,2.153452685421995,883.0,2.258312020460358,33.67,-116.29,2.313
2.7864,22.0,4.859832635983263,1.5209205020920502,1301.0,2.721757322175732,34.38,-119.53,3.0
4.2813,45.0,4.209606986899563,0.9890829694323144,1323.0,2.888646288209607,33.89,-118.32,2.101
2.1782,34.0,4.535037878787879,1.112689393939394,3134.0,2.9678030303030303,33.61,-114.59,0.584
1.6486,26.0,4.337962962962963,0.9629629629629628,1834.0,4.24537037037037,36.63,-119.31,0.552
1.9125,36.0,3.332720588235294,1.0294117647058822,1501.0,2.7591911764705883,34.14,-118.24,2.38
3.8583,31.0,6.457142857142857,1.125,691.0,2.467857142857143,38.44,-122.69,1.932
4.9,5.0,5.215189873417722,1.2278481012658229,1727.0,1.8217299578059072,33.6,-117.75,2.556
3.825,34.0,6.247058823529412,1.1098039215686275,872.0,3.4196078431372547,33.8,-117.85,2.167
5.5164,40.0,6.228739002932551,1.316715542521994,643.0,1.8856304985337244,36.56,-121.92,3.691
4.09,44.0,4.719424460431655,1.0035971223021585,668.0,2.402877697841727,34.27,-119.27,2.038
2.5119,26.0,4.6348773841961854,1.100817438692098,989.0,2.6948228882833787,33.2,-117.24,1.717
2.6471,16.0,4.0986666666666665,0.9706666666666668,1125.0,3.0,38.58,-121.3,0.907
4.8152,36.0,5.637323943661972,1.0211267605633805,715.0,2.517605633802817,33.97,-118.03,2.324
4.8173,16.0,6.121621621621622,1.0067567567567568,605.0,4.087837837837838,37.3,-121.8,2.356
3.2708,43.0,4.188571428571429,0.9257142857142856,497.0,2.84,37.47,-122.21,2.553
5.7695,3.0,4.8262626262626265,1.0575757575757576,2522.0,2.547474747474748,37.38,-121.89,2.714
7.611,5.0,6.855776306107432,1.0614422369389256,7427.0,2.73252391464312,37.72,-122.24,3.507
3.2396,52.0,4.02156862745098,1.0823529411764703,1400.0,2.7450980392156863,37.78,-122.46,3.75
2.5368,35.0,6.21078431372549,1.03921568627451,710.0,3.480392156862745,32.8,-117.14,1.696
2.5212,21.0,5.897923875432526,1.3350634371395618,3623.0,2.0893886966551327,33.82,-116.52,1.452
1.275,19.0,4.226973684210527,1.3486842105263157,1431.0,2.3536184210526314,32.8,-114.55,0.561
3.2727,17.0,5.234177215189874,1.139240506329114,1587.0,2.5110759493670884,38.32,-122.49,1.76
5.5184,35.0,5.624624624624625,1.054054054054054,945.0,2.8378378378378377,37.56,-122.3,2.748
4.5,41.0,4.114558472553699,1.069212410501193,1621.0,1.9343675417661097,33.77,-118.15,3.398
8.058,25.0,6.815950920245399,0.9923312883435584,1922.0,2.9478527607361964,34.1,-118.17,4.773
4.125,36.0,6.26984126984127,1.1224489795918366,1478.0,3.3514739229024944,37.99,-122.04,1.362
6.0621,20.0,6.512195121951219,1.018970189701897,1149.0,3.113821138211382,37.06,-122.0,3.044
2.5234,40.0,5.245098039215686,1.0294117647058822,335.0,3.284313725490196,37.96,-121.26,0.628
2.4615,16.0,5.311475409836065,1.0,135.0,2.2131147540983607,37.86,-120.23,1.375
3.6852,3.0,5.698989898989899,1.0484848484848486,1353.0,2.7333333333333334,35.3,-119.09,1.098
3.6389,29.0,4.186588921282799,1.1690962099125364,674.0,1.9650145772594751,33.92,-118.41,2.75
4.1406,6.0,4.566510172143975,1.051643192488263,1911.0,2.990610328638497,37.54,-122.03,1.782
4.2762,36.0,6.017291066282421,1.031700288184438,772.0,2.2247838616714697,37.3,-121.92,3.101
3.75,37.0,6.257261410788382,1.045643153526971,635.0,2.6348547717842323,33.84,-118.15,2.213
3.3966,42.0,4.940809968847352,1.0031152647975077,1829.0,2.8489096573208723,34.08,-118.11,2.432
3.2778,41.0,4.5,1.0035971223021585,1053.0,3.787769784172662,33.8,-118.21,1.508
2.6991,50.0,4.809338521400778,1.0972762645914398,1079.0,4.198443579766537,34.4,-119.05,1.813
1.925,45.0,4.198312236286919,1.0042194092827004,630.0,2.6582278481012658,37.76,-122.19,0.741
4.2348,25.0,6.020351526364477,1.051803885291397,3259.0,3.014801110083256,37.99,-122.31,1.578
3.7292,37.0,7.661016949152542,1.847457627118644,184.0,3.1186440677966103,34.13,-116.27,0.658
4.0125,37.0,5.738589211618257,1.074688796680498,808.0,3.3526970954356847,37.61,-122.03,1.614
3.2356,50.0,3.502808988764045,1.026685393258427,958.0,1.345505617977528,37.8,-122.42,5.00001
6.148,17.0,7.133587786259542,1.1870229007633588,831.0,3.1717557251908395,34.11,-117.62,2.439
4.744,48.0,7.117647058823529,1.088235294117647,610.0,2.563025210084034,37.8,-122.19,2.573
3.6411,19.0,5.892173913043478,1.0417391304347825,1707.0,2.968695652173913,37.98,-121.68,1.628
1.68,32.0,4.375224416517056,1.0628366247755834,1596.0,2.865350089766607,38.51,-121.46,0.841
3.7991,21.0,4.907407407407407,1.0061728395061729,414.0,2.555555555555556,38.37,-122.78,1.75
2.875,17.0,5.48661800486618,1.0121654501216546,1171.0,2.849148418491484,40.53,-122.27,1.298
2.7,14.0,4.097744360902255,1.0576441102756893,870.0,2.180451127819549,36.31,-119.34,0.889
4.6855,5.0,6.631184407796102,1.143928035982009,1906.0,2.857571214392804,33.88,-116.53,1.252
2.5682,36.0,5.44,1.0555555555555556,1268.0,2.8177777777777777,32.71,-117.07,1.091
6.5842,35.0,5.762658227848101,1.0601265822784811,727.0,2.300632911392405,33.62,-117.92,4.585
3.1667,36.0,5.560640732265446,0.9748283752860412,1199.0,2.7437070938215102,38.53,-121.43,0.819
1.6486,26.0,4.337962962962963,0.9629629629629628,1834.0,4.24537037037037,36.63,-119.31,0.552
3.9519,50.0,5.439330543933054,1.100418410041841,691.0,2.8912133891213387,38.01,-122.12,1.265
1.4241,16.0,4.285285285285285,0.957957957957958,642.0,1.927927927927928,39.23,-121.02,1.25
3.5491,41.0,4.423076923076923,0.9576923076923076,729.0,2.8038461538461537,37.35,-121.98,2.611
2.8971,37.0,4.077540106951871,0.9705882352941176,1075.0,2.874331550802139,37.36,-121.89,1.861
1.4167,20.0,4.066666666666666,1.1238095238095238,402.0,3.8285714285714287,33.96,-118.18,1.375
3.12,29.0,4.1925,1.0325,873.0,2.1825,34.13,-117.87,1.943
2.7321,33.0,5.467637540453074,0.9902912621359224,1565.0,2.5323624595469254,36.3,-119.13,0.765
2.5921,20.0,6.024221453287197,1.1453287197231834,1466.0,5.072664359861592,36.52,-119.73,0.942
5.2536,13.0,6.35064935064935,0.9567099567099568,688.0,2.9783549783549783,38.97,-121.09,1.919
2.0441,33.0,5.983758700696056,1.308584686774942,1155.0,2.679814385150812,35.63,-117.66,0.421
4.76,14.0,6.096666666666667,1.02,1951.0,3.2516666666666665,36.83,-121.37,2.16
2.5644,31.0,5.234527687296417,1.0944625407166124,817.0,2.6612377850162865,35.35,-119.04,0.73
2.2244,24.0,4.491408934707904,1.0790378006872852,917.0,3.1512027491408934,38.43,-121.83,0.981
4.3429,9.0,6.17828418230563,1.0697050938337802,2582.0,3.46112600536193,33.26,-117.26,1.739
4.5417,4.0,5.735632183908046,0.9832007073386384,2958.0,2.6153846153846154,38.48,-122.75,1.974
6.4978,27.0,6.718328840970351,0.95822102425876,1928.0,2.598382749326145,38.02,-122.55,3.615
5.9582,21.0,6.176938369781312,0.9602385685884692,1688.0,3.355864811133201,33.72,-117.95,2.88
2.7321,18.0,5.20258064516129,1.0296774193548388,1948.0,2.5135483870967743,40.9,-124.1,0.926
2.0469,39.0,3.530529172320217,1.088195386702849,2178.0,2.955223880597015,33.73,-118.28,2.345
2.4875,26.0,4.556476683937824,1.033160621761658,2539.0,2.6310880829015546,38.09,-122.23,0.9
4.2989,34.0,4.787658802177859,1.0526315789473684,1150.0,2.087114337568058,34.16,-118.4,3.647
2.9375,44.0,4.532846715328467,0.9854014598540146,811.0,2.95985401459854,33.98,-118.3,0.952
3.9205,43.0,5.407407407407407,1.0396825396825398,979.0,2.5899470899470898,37.75,-122.49,3.191
4.7609,24.0,6.180327868852459,1.0683060109289615,1125.0,3.0737704918032787,37.69,-122.17,2.126
4.0469,45.0,4.125,0.95,282.0,3.525,37.75,-122.18,0.807
2.5909,31.0,4.4106529209622,1.0721649484536082,1255.0,2.156357388316151,32.76,-117.09,1.591
2.0817,40.0,4.565683646112601,0.970509383378016,1208.0,3.2386058981233243,37.95,-121.25,0.553
7.2589,21.0,8.035714285714286,1.1071428571428572,812.0,2.636363636363636,38.23,-122.18,3.204
4.1856,52.0,5.004901960784314,0.9264705882352942,1153.0,2.825980392156863,37.78,-122.47,4.047
7.4678,15.0,6.594464500601685,1.0734055354993983,2009.0,2.417569193742479,37.48,-122.29,5.00001
2.6513,42.0,5.67420814479638,1.092760180995475,1035.0,2.341628959276018,35.37,-119.03,0.723
2.9293,22.0,3.6593932943054814,1.0431080361894625,5162.0,2.74720596061735,33.89,-118.12,1.708
4.7344,29.0,6.444155844155844,0.9948051948051948,1188.0,3.085714285714286,34.04,-117.31,1.346
2.3375,17.0,4.770818995182381,1.0227116311080524,3056.0,2.103234686854784,36.82,-119.76,0.993
1.3287,43.0,4.036723163841808,1.0903954802259888,1412.0,3.9887005649717513,34.01,-118.25,1.072
2.5417,41.0,3.632850241545894,0.9710144927536232,482.0,2.3285024154589373,34.01,-118.47,4.182
3.0682,14.0,5.4930693069306935,1.120792079207921,1530.0,3.0297029702970297,33.73,-116.24,1.041
2.9821,32.0,6.576923076923077,1.1153846153846154,138.0,2.6538461538461537,38.02,-121.27,1.55
2.2042,33.0,3.492063492063492,1.0828924162257496,1057.0,1.8641975308641976,32.75,-117.24,2.313
1.9119,43.0,3.3110687022900764,1.0209923664122138,2288.0,4.366412213740458,33.97,-118.25,0.988
4.263,31.0,5.9609665427509295,1.0408921933085502,1582.0,2.940520446096654,34.08,-117.43,1.274
4.2596,36.0,5.368715083798882,0.9664804469273744,625.0,3.4916201117318435,33.91,-118.31,1.811
3.2813,33.0,5.15268817204301,0.9720430107526882,1391.0,2.9913978494623654,37.96,-121.7,1.514
3.7644,14.0,5.7569573283859,1.0556586270871986,1704.0,3.161410018552876,33.26,-117.05,2.647
2.9821,12.0,4.763888888888889,1.101388888888889,1840.0,2.555555555555556,35.12,-120.61,1.62
1.808,52.0,4.780856423173804,1.0604534005037782,1102.0,2.7758186397984885,37.85,-122.28,1.055
3.0,14.0,3.45422943221321,1.0359212050984936,1941.0,2.249130938586327,34.15,-118.26,1.786
4.8125,37.0,5.8121546961325965,0.9834254143646408,1495.0,2.753222836095764,37.67,-122.14,1.883
4.5469,4.0,5.219594594594595,1.027027027027027,788.0,2.6621621621621623,33.68,-117.81,5.00001
1.3125,52.0,2.3372093023255816,1.063953488372093,557.0,3.238372093023256,32.71,-117.15,0.875
2.0217,43.0,4.718220338983051,1.194915254237288,956.0,2.02542372881356,34.01,-118.33,1.875
1.5694,30.0,5.0227272727272725,1.1704545454545454,413.0,4.693181818181818,39.13,-121.57,0.579
4.0781,43.0,5.051724137931035,0.9586206896551724,727.0,2.5068965517241377,34.04,-118.37,2.894
5.276,23.0,6.845559845559846,1.0675675675675675,1533.0,2.95945945945946,33.19,-117.34,2.245
11.3283,21.0,6.1,0.9,182.0,2.6,37.24,-122.08,5.00001
3.6466,21.0,5.769230769230769,1.0262237762237765,1896.0,3.3146853146853146,34.09,-117.41,1.306
2.0286,32.0,3.684210526315789,1.1169590643274854,1434.0,4.192982456140351,34.29,-118.44,1.229
2.625,42.0,3.930817610062893,0.89937106918239,533.0,3.352201257861635,37.98,-121.29,0.654
3.4297,42.0,4.818791946308725,1.0,1005.0,3.37248322147651,34.01,-118.1,1.958
6.0876,40.0,5.504201680672269,0.9915966386554622,666.0,1.865546218487395,34.14,-118.38,4.838
4.7276,7.0,6.173828125,1.021484375,2957.0,2.8876953125,38.73,-121.01,1.975
2.9646,26.0,4.285163776493256,1.1104688503532434,3333.0,2.140655105973025,33.97,-118.37,1.798
2.5,18.0,4.136363636363637,1.0,996.0,5.03030303030303,36.72,-120.67,1.125
2.0586,28.0,4.509433962264151,1.0377358490566038,1434.0,3.8652291105121295,36.13,-119.13,0.409
3.5022,24.0,3.7716763005780334,1.092485549132948,1322.0,1.9104046242774568,34.02,-118.41,2.813
4.0042,52.0,4.216216216216216,1.148648648648649,410.0,2.77027027027027,37.76,-122.39,2.083
3.535,31.0,5.254237288135593,1.11864406779661,719.0,3.046610169491525,37.54,-122.02,2.103
2.8493,36.0,5.853018372703412,1.094488188976378,1395.0,3.661417322834646,33.89,-118.26,1.096
3.9444,18.0,5.422087745839637,1.0816944024205748,1673.0,2.5310136157337366,37.54,-121.99,2.401
2.4122,12.0,4.637051039697543,1.1323251417769375,1251.0,2.3648393194707,33.12,-117.07,1.27
4.15,20.0,5.708860759493671,1.0063291139240509,1236.0,2.607594936708861,37.74,-121.4,3.224
2.8261,19.0,4.34156976744186,0.9825581395348836,1782.0,2.5901162790697674,38.34,-122.7,1.545
3.2609,22.0,3.6596638655462175,1.024159663865546,1268.0,1.3319327731092436,33.99,-118.5,5.00001
2.8793,42.0,5.062730627306273,1.014760147601476,674.0,2.487084870848709,34.05,-118.36,2.021
4.6364,35.0,4.67910447761194,0.9813432835820896,1092.0,4.074626865671642,34.05,-117.96,1.631
3.0349,35.0,3.41109709962169,0.9899117276166456,1526.0,1.9243379571248425,34.09,-118.35,2.667
2.9243,35.0,5.745819397993311,1.1538461538461535,698.0,2.3344481605351173,39.46,-123.8,1.316
5.0261,33.0,5.640756302521009,0.9789915966386554,1359.0,2.8550420168067228,33.8,-118.04,2.451
2.1336,19.0,5.893992932862191,1.1448763250883391,841.0,2.9717314487632507,41.92,-124.16,0.75
2.1771,18.0,5.127272727272727,1.0772727272727274,772.0,3.5090909090909093,36.44,-119.97,0.392
2.4053,17.0,5.477022058823529,1.1102941176470589,4115.0,3.782169117647059,34.12,-117.38,1.052
4.0714,19.0,61.8125,11.0,112.0,2.333333333333333,39.01,-120.06,4.375
4.0385,52.0,5.053619302949062,1.0750670241286864,764.0,2.0482573726541555,34.17,-118.04,2.657
0.7403,37.0,4.491428571428571,1.1485714285714286,1046.0,2.9885714285714284,37.96,-122.37,0.686
3.4286,31.0,5.658008658008658,1.0606060606060606,752.0,3.255411255411256,32.84,-116.95,1.294
4.1793,35.0,5.497164461247637,1.1247637051039698,1068.0,2.01890359168242,32.82,-117.27,5.00001
1.7813,28.0,3.3793774319066148,1.0136186770428015,1764.0,3.431906614785992,35.77,-119.24,0.678
4.2727,47.0,4.612648221343873,0.9881422924901184,953.0,3.766798418972332,37.72,-122.4,2.419
1.2575,26.0,3.8875,1.1392857142857142,1971.0,3.5196428571428573,38.52,-121.47,0.668
1.9912,16.0,5.758842443729904,1.1564844587352625,1573.0,1.6859592711682745,33.72,-117.2,0.986
4.8264,6.0,5.489285714285714,1.2392857142857143,506.0,1.8071428571428567,33.9,-117.98,1.468
2.2976,32.0,3.2487046632124352,1.0336787564766838,1281.0,3.3186528497409324,33.93,-118.34,1.557
2.2083,31.0,4.441860465116279,1.12015503875969,1163.0,4.507751937984496,34.06,-118.09,1.856
3.0759,52.0,4.898907103825136,0.9562841530054644,1303.0,3.560109289617486,34.01,-118.31,1.237
4.75,36.0,5.92654028436019,1.0497630331753554,1031.0,2.443127962085308,33.88,-118.38,4.421
3.0526,28.0,8.13076923076923,1.915384615384616,288.0,2.2153846153846155,36.16,-121.39,1.469
2.212,10.0,5.207762557077626,1.0136986301369864,1274.0,2.9086757990867578,40.67,-122.38,0.656
2.5,29.0,6.333333333333333,1.1056910569105691,364.0,2.959349593495935,41.12,-120.96,0.592
5.5545,16.0,6.2075,1.1075,1357.0,3.3925,33.57,-117.66,2.142
1.4556,32.0,4.356449375866852,1.1262135922330097,2589.0,3.590846047156727,33.93,-116.87,0.546
2.1447,43.0,4.4526315789473685,1.0421052631578946,946.0,3.319298245614035,32.79,-117.17,1.333
3.0417,52.0,4.638115631691649,1.0342612419700214,1308.0,2.8008565310492504,34.17,-118.12,2.226
5.1433,16.0,6.306264501160093,1.0162412993039442,1515.0,3.51508120649652,32.93,-117.15,1.853
1.7427,32.0,4.757575757575758,1.0171277997364954,2060.0,2.7140974967061924,40.69,-122.36,0.606
4.0337,23.0,6.094420600858369,1.053648068669528,1586.0,3.40343347639485,38.16,-122.26,1.304
1.925,45.0,4.198312236286919,1.0042194092827004,630.0,2.6582278481012658,37.76,-122.19,0.741
5.1418,32.0,5.030508474576271,1.0,928.0,3.145762711864407,33.79,-117.88,1.903
11.0567,5.0,9.636036036036035,1.1873873873873877,1862.0,3.354954954954955,33.6,-117.58,4.954
2.2216,22.0,6.797752808988764,1.5584269662921348,1432.0,1.6089887640449438,33.8,-116.54,1.839
4.4474,25.0,6.342776203966006,1.0226628895184136,928.0,2.6288951841359776,38.03,-122.26,2.037
4.4306,21.0,5.904225352112676,1.0591549295774647,2101.0,2.9591549295774646,32.78,-116.92,1.591
4.1667,13.0,6.185737976782753,1.2620232172470978,1335.0,2.2139303482587063,33.09,-117.26,2.271
1.365,40.0,4.756676557863502,1.1097922848664687,1026.0,3.0445103857566767,35.37,-118.96,0.543
3.0489,33.0,4.361607142857143,1.0357142857142858,1293.0,2.8861607142857144,37.66,-122.1,1.526
2.4526,29.0,5.782051282051282,1.121082621082621,1700.0,2.421652421652422,41.31,-122.3,0.971
5.0532,19.0,4.973796033994335,1.0892351274787535,3993.0,2.8279036827195467,33.81,-118.29,2.182
5.5632,24.0,6.343355965082444,0.9776915615906888,2667.0,2.586808923375364,38.64,-121.36,1.752
5.0431,16.0,6.296296296296297,1.0030864197530864,1207.0,3.725308641975309,34.02,-117.62,1.641
2.754,21.0,2.642540620384047,1.0029542097488922,2300.0,3.397341211225997,34.2,-118.59,1.798
1.4688,8.0,10.0,1.9166666666666667,63.0,2.625,33.32,-115.98,0.538
3.9792,42.0,5.263513513513513,0.9797297297297296,450.0,3.0405405405405403,34.19,-118.41,1.938
6.5253,24.0,7.28125,1.00625,911.0,2.846875,38.03,-122.57,3.877
3.1917,6.0,7.058011049723757,1.441988950276243,1938.0,2.676795580110497,34.57,-117.1,1.128
12.3292,29.0,7.916666666666667,1.0555555555555556,244.0,3.388888888888889,37.38,-121.81,4.167
3.0441,20.0,4.4932502596054,1.0768431983385254,2296.0,2.384215991692628,34.09,-117.91,1.854
3.125,19.0,4.2,1.0621621621621622,1427.0,3.8567567567567567,34.07,-118.07,2.071
1.3417,33.0,4.421800947867299,1.037914691943128,838.0,3.971563981042654,34.12,-117.33,0.69
4.0388,17.0,4.877598152424942,1.1085450346420322,1893.0,4.371824480369515,33.51,-117.67,1.204
2.3864,30.0,5.527896995708154,1.0171673819742488,720.0,3.0901287553648067,37.51,-120.96,1.391
6.1273,26.0,7.0049504950495045,0.9876237623762376,1204.0,2.98019801980198,33.92,-118.0,2.896
2.9792,37.0,5.393728222996516,1.1428571428571428,863.0,3.0069686411149825,38.73,-122.95,1.513
2.8401,9.0,5.354263565891473,1.0689922480620155,3665.0,2.8410852713178296,33.77,-117.24,1.042
3.235,12.0,6.094650205761317,1.0905349794238683,757.0,3.11522633744856,33.64,-117.19,2.107
1.7596,40.0,2.09375,0.53125,50.0,1.5625,38.68,-121.38,0.938
4.2656,13.0,5.793851717902351,0.9828209764918626,3294.0,2.9783001808318263,39.12,-121.64,1.107
4.9904,5.0,7.843010752688172,1.2247311827956988,3123.0,3.358064516129032,34.6,-118.16,1.541
2.875,41.0,4.064,1.048,1176.0,3.136,34.19,-118.34,1.924
5.6206,44.0,4.84375,0.9340277777777778,736.0,2.555555555555556,37.59,-122.34,3.864
2.8472,44.0,5.169741697416974,0.9077490774907748,607.0,2.2398523985239853,34.18,-118.17,2.188
2.4,40.0,3.7243589743589753,1.0064102564102564,298.0,1.9102564102564104,32.76,-117.2,2.55
5.0,32.0,5.80078125,0.984375,1117.0,2.181640625,38.46,-122.69,2.759
6.115,19.0,7.64525993883792,1.0122324159021407,1027.0,3.140672782874618,33.68,-117.78,3.156
2.5288,39.0,4.539130434782609,1.0695652173913044,1200.0,1.7391304347826086,32.74,-117.18,2.74
3.6471,19.0,6.479338842975206,0.962809917355372,1631.0,3.3698347107438016,37.32,-120.45,1.014
2.1856,41.0,3.718987341772152,1.0658227848101265,803.0,2.0329113924050635,32.76,-117.12,1.205
2.2755,21.0,4.064606741573034,0.9620786516853932,2109.0,2.962078651685393,32.58,-117.11,1.25
0.9702,28.0,2.5576470588235294,0.9952941176470588,807.0,1.8988235294117648,33.65,-117.92,2.254
3.5909,25.0,4.055806938159879,1.0844645550527905,1229.0,1.85369532428356,34.05,-118.47,5.00001
11.2463,22.0,8.249027237354085,1.0350194552529184,1480.0,2.8793774319066148,37.25,-121.99,5.00001
1.9913,21.0,5.542105263157895,1.0789473684210529,867.0,2.281578947368421,36.58,-119.49,0.953
2.9605,52.0,5.39240506329114,1.1518987341772151,921.0,2.331645569620253,34.06,-118.36,5.00001
1.5911,29.0,4.57092819614711,1.0455341506129596,1659.0,2.905429071803853,36.07,-119.02,0.608
4.1477,38.0,5.530373831775701,1.1214953271028036,891.0,2.08177570093458,32.83,-117.31,5.00001
5.237,32.0,6.187817258883249,0.9746192893401016,634.0,3.218274111675127,33.8,-117.95,2.157
3.1204,32.0,4.596287703016241,1.0951276102088168,1371.0,3.1809744779582365,33.91,-118.14,2.042
1.4464,17.0,5.431034482758621,1.5344827586206895,130.0,2.2413793103448274,37.65,-120.46,0.792
2.1937,20.0,3.625766871165644,1.1625766871165644,678.0,2.079754601226994,32.75,-117.14,1.625
1.8967,52.0,5.0,1.0491803278688523,406.0,3.3278688524590163,36.74,-119.82,0.438
3.6422,26.0,4.3539094650205765,0.9547325102880658,891.0,3.6666666666666665,34.94,-120.45,1.206
7.3681,13.0,7.584033613445378,1.158263305322129,2061.0,2.8865546218487395,33.85,-117.77,3.531
2.1378,39.0,3.7617834394904457,1.1184713375796178,1379.0,1.756687898089172,33.77,-118.17,1.804
1.5481,52.0,5.02,1.0,311.0,3.11,39.73,-121.84,2.0
5.308,37.0,4.635294117647059,1.0147058823529411,662.0,1.947058823529412,33.9,-118.42,5.00001
5.5335,21.0,6.113924050632911,1.0886075949367089,417.0,2.6392405063291138,33.88,-118.37,3.426
3.1786,36.0,5.819672131147541,0.9704918032786886,937.0,3.072131147540984,38.68,-121.37,0.834
2.5401,32.0,4.829268292682927,0.96987087517934,1916.0,2.7489239598278337,38.13,-121.28,1.254
3.4338,28.0,5.208771929824562,1.136842105263158,1644.0,2.8842105263157896,35.03,-117.68,0.549
6.1359,52.0,8.275862068965518,1.5172413793103448,6675.0,230.17241379310343,38.69,-121.15,2.25
3.4471,31.0,5.326388888888889,1.0138888888888888,716.0,2.486111111111111,38.44,-122.86,2.095
4.9196,37.0,4.866666666666666,0.8862745098039215,621.0,2.4352941176470586,33.84,-118.3,2.324
2.0114,36.0,4.398706896551724,1.144396551724138,1390.0,2.9956896551724137,33.94,-118.3,0.993
4.119,18.0,5.843575418994414,1.1396648044692737,486.0,2.7150837988826817,39.33,-120.17,1.109
4.7159,9.0,6.402298850574713,0.9885057471264368,529.0,3.0402298850574714,37.68,-120.97,1.637
2.1549,22.0,5.022458628841608,1.0898345153664302,2405.0,2.842789598108747,33.81,-117.26,1.465
2.4674,31.0,5.125523012552302,1.1694560669456069,1459.0,3.0523012552301254,37.99,-121.18,1.309
0.7683,38.0,4.253561253561253,1.0541310541310542,1144.0,3.259259259259259,37.76,-122.19,0.818
3.2813,45.0,5.934579439252336,1.1308411214953271,598.0,2.794392523364486,36.8,-119.99,1.054
2.8942,45.0,4.45609756097561,0.9951219512195122,1507.0,3.675609756097561,36.67,-121.62,1.29
2.1987,30.0,24.024193548387096,4.701612903225806,316.0,2.548387096774193,39.09,-120.06,1.24
1.7431,52.0,5.0398550724637685,1.039855072463768,632.0,2.289855072463768,34.95,-120.42,1.315
4.1807,6.0,5.397260273972603,1.05,3760.0,2.5753424657534247,33.17,-117.3,1.826
3.5179,16.0,3.64765784114053,1.054989816700611,1006.0,2.0488798370672097,32.79,-117.11,1.293
2.0978,13.0,5.196185286103543,0.9455040871934604,821.0,2.2370572207084467,39.18,-121.63,1.34
3.3675,33.0,4.84144645340751,0.9847009735744088,1726.0,2.400556328233658,32.78,-117.02,1.582
2.5172,16.0,6.150470219435737,1.0956112852664577,1325.0,2.0768025078369905,35.31,-120.82,2.939
3.1641,17.0,5.58348623853211,1.1155963302752294,1457.0,2.673394495412844,35.35,-120.49,1.586
4.744,48.0,7.117647058823529,1.088235294117647,610.0,2.563025210084034,37.8,-122.19,2.573
7.266,52.0,7.436619718309859,1.0309859154929577,973.0,2.740845070422535,37.89,-122.27,3.711
1.6458,52.0,4.29245283018868,1.0,429.0,2.0235849056603774,38.26,-121.51,0.528
3.25,28.0,5.528673835125448,1.1129032258064515,1162.0,2.082437275985663,34.0,-118.35,3.01
6.4288,46.0,6.774683544303797,1.081012658227848,1022.0,2.5873417721518988,34.2,-118.13,2.955
3.1972,8.0,5.685325264750378,1.0847201210287445,1744.0,2.638426626323752,39.05,-120.94,1.515
4.1607,20.0,5.29971181556196,0.9855907780979828,1882.0,2.711815561959654,34.28,-118.81,1.968
2.3804,37.0,6.238970588235294,1.2279411764705883,740.0,2.7205882352941178,34.64,-120.46,1.48
1.75,50.0,3.926900584795322,0.9415204678362572,1063.0,3.108187134502924,36.76,-119.78,0.498
3.6731,16.0,3.96635262449529,1.0794078061911172,1385.0,1.864064602960969,37.93,-122.48,3.18
3.7433,25.0,5.025122121423587,1.0614096301465457,3264.0,2.277739009071877,37.93,-122.07,2.521
1.6983,34.0,4.872586872586872,1.0308880308880308,520.0,2.007722007722008,40.58,-122.38,0.726
3.2633,21.0,5.265270506108203,1.0514834205933683,3795.0,3.31151832460733,32.61,-117.05,1.297
4.375,21.0,6.35,1.071153846153846,1413.0,2.7173076923076924,37.35,-118.42,1.804
3.4455,10.0,5.512027491408935,1.092783505154639,1395.0,2.3969072164948453,33.14,-117.11,1.905
2.096,34.0,2.466893039049236,0.99830220713073,1987.0,3.3735144312393888,34.05,-118.3,1.875
1.6875,52.0,4.703225806451613,1.032258064516129,395.0,2.548387096774193,37.84,-122.28,1.32
2.3241,42.0,5.111436950146628,1.1378299120234605,889.0,2.607038123167156,38.11,-122.24,0.992
4.3409,30.0,5.130508474576272,1.023728813559322,1970.0,3.3389830508474576,34.32,-118.42,1.56
3.4028,18.0,5.845132743362832,1.2035398230088497,754.0,3.336283185840708,35.55,-115.93,0.675
1.9236,29.0,5.126482213438735,1.0355731225296445,909.0,3.592885375494072,35.13,-118.92,1.063
1.625,38.0,4.616766467065868,1.089820359281437,1220.0,3.6526946107784433,36.97,-120.06,0.528
1.9668,30.0,3.206115515288788,0.9762174405436014,3649.0,4.132502831257078,33.93,-118.21,1.521
3.6548,30.0,6.147214854111406,1.0610079575596818,2307.0,3.059681697612732,35.36,-119.05,0.847
4.069,28.0,5.247349823321555,0.9717314487632508,820.0,2.8975265017667846,32.69,-117.07,1.533
2.625,16.0,8.333333333333334,1.6666666666666667,20.0,3.333333333333333,37.9,-121.24,1.375
3.7917,23.0,5.624423963133641,1.066820276497696,1392.0,3.207373271889401,34.63,-120.47,1.422
1.7774,23.0,3.636898920510304,1.085377821393523,3785.0,3.714425907752698,38.0,-121.3,1.0
6.0516,30.0,6.780612244897959,0.9744897959183674,1135.0,2.895408163265306,33.94,-117.93,2.45
4.2014,35.0,5.782608695652174,1.1106719367588933,1590.0,3.142292490118577,32.81,-116.88,1.432
4.1369,34.0,6.25,1.0911458333333333,1017.0,2.6484375,37.36,-122.05,3.169
3.2806,45.0,4.30544747081712,1.0972762645914398,1920.0,3.735408560311284,37.32,-121.88,1.642
1.4115,52.0,3.3505747126436782,0.9022988505747126,730.0,4.195402298850575,34.03,-118.2,1.406
3.9531,35.0,5.426890756302521,1.035294117647059,1879.0,3.157983193277311,34.05,-118.13,2.684
3.1,17.0,4.846511627906977,0.9767441860465116,650.0,3.0232558139534884,32.8,-117.01,0.842
6.6537,32.0,6.330917874396135,0.9951690821256038,1285.0,3.103864734299517,34.24,-118.48,2.676
4.15,20.0,5.708860759493671,1.0063291139240509,1236.0,2.607594936708861,37.74,-121.4,3.224
5.5849,15.0,5.885662431941924,1.0,1752.0,3.17967332123412,37.26,-121.83,2.574
3.2639,10.0,5.1156186612576064,1.081135902636917,1335.0,2.707910750507099,36.13,-120.37,0.864
2.825,38.0,5.768656716417911,1.0970149253731345,320.0,2.388059701492537,37.74,-121.42,1.525
2.3393,48.0,5.148148148148148,1.0509259259259258,583.0,2.699074074074074,37.96,-121.31,0.776
1.5611,29.0,4.462915601023018,1.1278772378516624,1530.0,3.9130434782608696,36.71,-119.76,0.444
4.875,25.0,5.78125,1.0,85.0,2.65625,38.31,-121.93,2.5
1.8317,47.0,5.061420345489443,1.128598848368522,1903.0,3.652591170825336,33.99,-118.3,0.965
4.2227,28.0,4.899532710280374,0.947429906542056,2556.0,2.985981308411215,34.21,-119.19,2.354
3.9722,52.0,4.71608040201005,1.0728643216080402,712.0,1.7889447236180904,37.76,-122.39,2.909
2.7264,32.0,4.547846889952153,0.9569377990430622,946.0,2.263157894736842,33.63,-117.91,3.111
5.9369,5.0,7.855313700384123,1.1254801536491676,2795.0,3.5787451984635084,34.13,-117.57,2.252
3.8819,44.0,4.395348837209302,1.0813953488372092,1378.0,3.204651162790697,33.85,-118.18,1.432
1.7714,38.0,5.542857142857143,1.2317460317460318,1142.0,3.6253968253968254,38.53,-121.45,0.699
4.9394,31.0,5.861985472154964,0.9418886198547216,1348.0,3.263922518159806,33.83,-117.95,2.178
3.142,23.0,4.538277511961723,1.0526315789473684,1109.0,2.65311004784689,37.64,-122.08,1.795
4.5833,35.0,5.269230769230769,0.9825174825174824,1025.0,3.583916083916084,34.24,-118.42,1.772
2.5882,33.0,4.376146788990826,1.1055045871559632,655.0,3.0045871559633026,33.91,-118.26,0.928
2.4423,21.0,5.779527559055119,1.2703412073490814,1000.0,2.6246719160104988,39.07,-122.91,1.023
12.0372,27.0,8.276283618581907,1.0440097799511003,1248.0,3.0513447432762835,37.39,-122.13,5.00001
3.75,52.0,6.081632653061225,1.064625850340136,792.0,2.693877551020408,34.1,-118.1,2.8
3.8036,14.0,5.851293103448276,1.0775862068965518,1540.0,3.3189655172413794,33.83,-117.11,1.396
3.662,23.0,4.008298755186722,1.1452282157676348,997.0,2.0684647302904566,37.27,-121.94,2.119
3.05,17.0,5.3837638376383765,1.095940959409594,753.0,2.77859778597786,37.94,-120.29,1.448
5.2801,34.0,5.510526315789473,1.0,1207.0,3.1763157894736844,34.25,-118.45,2.123
4.875,1.0,5.533333333333333,1.0,32.0,2.1333333333333333,35.08,-117.95,1.417
6.0862,9.0,6.379166666666666,1.0083333333333333,850.0,3.5416666666666665,32.97,-117.11,2.636
4.0037,2.0,7.536463536463536,1.5144855144855145,2801.0,2.798201798201798,34.0,-117.58,2.452
2.6165,34.0,4.593167701863354,1.031055900621118,1166.0,3.62111801242236,33.89,-118.24,1.009
2.0833,50.0,4.176315789473684,1.1789473684210523,877.0,2.307894736842105,38.56,-121.48,0.943
4.6312,7.0,5.839679358717435,0.9639278557114228,1584.0,3.1743486973947896,34.18,-117.34,1.249
4.3661,35.0,5.797665369649805,0.9766536964980544,629.0,2.4474708171206228,33.8,-117.84,2.221
5.8758,16.0,5.122696155871512,1.1642969984202212,3026.0,1.5934702474986835,34.05,-118.41,5.00001
3.2687,22.0,4.728888888888889,1.06,1420.0,3.1555555555555554,32.58,-117.08,1.31
1.875,33.0,3.5851063829787235,1.1063829787234043,565.0,3.00531914893617,33.12,-117.08,1.143
5.3423,16.0,4.336088154269972,1.0606060606060606,515.0,1.418732782369146,33.66,-117.83,2.917
4.9044,24.0,4.881889763779528,1.1653543307086611,513.0,2.0196850393700787,33.72,-118.07,4.85
3.0694,44.0,5.385852090032154,1.0192926045016075,806.0,2.5916398713826365,37.95,-122.34,1.353
1.3631,28.0,4.851936218678816,1.10250569476082,1195.0,2.722095671981777,39.1,-121.56,0.455
5.2417,36.0,6.005813953488372,1.1656976744186047,942.0,2.738372093023256,37.11,-122.02,1.964
6.1599,34.0,5.833333333333333,0.9758454106280192,1278.0,3.0869565217391304,33.85,-118.37,3.412
2.93,23.0,3.881873727087577,1.0692464358452138,1029.0,2.095723014256619,32.8,-117.22,1.833
3.4872,18.0,5.408759124087592,1.000912408759124,2697.0,2.460766423357664,38.69,-120.85,1.414
3.9934,18.0,4.857142857142857,0.8095238095238095,55.0,2.619047619047619,34.08,-118.68,5.00001
6.0722,4.0,5.857777777777778,0.9688888888888888,673.0,2.991111111111111,33.66,-117.59,2.608
5.2463,16.0,5.95703125,1.091796875,1444.0,2.8203125,32.96,-117.12,1.563
9.0243,14.0,7.876106194690266,0.991150442477876,764.0,3.380530973451328,37.92,-121.99,4.277
2.0288,18.0,4.3487544483985765,0.8896797153024911,708.0,2.5195729537366547,39.71,-121.81,1.167
2.8889,30.0,3.639581657280772,1.0555108608205954,1910.0,1.5366049879324215,34.08,-118.38,3.353
5.3279,23.0,5.73109243697479,0.953781512605042,638.0,2.680672268907563,34.42,-119.73,4.139
3.375,24.0,5.58203125,0.998046875,1388.0,2.7109375,40.76,-124.15,1.006
5.0176,19.0,6.061538461538461,0.9564102564102565,1264.0,3.241025641025641,37.77,-121.48,2.742
4.2969,30.0,5.864035087719298,0.9385964912280702,1404.0,3.0789473684210527,34.11,-117.63,1.656
3.0902,26.0,4.168042010502625,1.048762190547637,4545.0,3.40960240060015,33.77,-117.91,1.904
8.9571,33.0,7.210696920583469,1.0307941653160453,1684.0,2.7293354943273904,37.86,-122.18,3.997
4.8036,4.0,3.9246575342465753,1.0359589041095891,1050.0,1.797945205479452,37.39,-122.08,3.4
5.75,52.0,6.739130434782608,0.9723320158102768,658.0,2.600790513833992,37.76,-122.23,3.063
3.1445,45.0,4.840361445783133,0.9969879518072288,633.0,1.9066265060240963,34.11,-118.28,4.383
2.0268,17.0,6.190082644628099,1.3677685950413223,574.0,2.371900826446281,40.67,-122.95,0.942
5.3873,18.0,4.958659217877095,1.0491620111731843,1901.0,2.124022346368715,37.34,-121.96,2.883
7.1736,12.0,6.289002557544757,0.9974424552429668,1054.0,2.6956521739130435,33.55,-117.7,2.621
2.9619,27.0,3.961485557083906,1.1031636863823937,2083.0,2.8651994497936726,33.83,-118.31,2.234
1.875,41.0,4.4,1.032,642.0,5.136,33.9,-118.05,1.199
2.551,30.0,3.1767241379310347,0.9892241379310344,1844.0,3.974137931034482,33.99,-118.2,1.6
2.6149,19.0,4.98389458272328,1.0702781844802345,1421.0,2.0805270863836016,40.2,-122.21,0.844
3.3616,30.0,4.348159509202454,1.0904907975460123,1669.0,2.5598159509202456,33.73,-118.29,2.685
3.2917,49.0,4.308641975308642,1.0648148148148149,1301.0,2.007716049382716,33.77,-118.14,3.074
1.6325,39.0,4.272388059701493,1.0055970149253732,1685.0,3.1436567164179103,36.73,-119.75,0.521
3.0206,20.0,3.2512716174974567,1.0111902339776195,2929.0,2.979654120040692,34.14,-118.24,2.195
1.7297,16.0,3.89727463312369,0.9979035639412998,1994.0,4.180293501048218,33.67,-116.19,0.675
2.5179,26.0,5.334174022698613,1.0378310214375788,2789.0,3.5170239596469104,34.71,-118.12,1.04
2.125,36.0,3.464788732394366,0.9683098591549296,1024.0,3.6056338028169015,34.02,-118.13,1.535
4.3235,25.0,5.524489795918368,0.946938775510204,1423.0,2.904081632653061,38.61,-121.3,1.169
4.4271,28.0,5.743055555555555,1.2361111111111112,703.0,4.881944444444445,36.86,-121.73,1.757
1.6389,24.0,4.8441558441558445,0.9662337662337662,1087.0,2.823376623376624,39.51,-121.58,0.567
6.0358,32.0,5.475352112676056,1.0105633802816902,779.0,2.742957746478873,37.25,-121.93,2.601
6.3223,5.0,8.579225352112676,1.125,1947.0,3.4278169014084505,33.94,-117.14,2.232
2.15,47.0,3.3795620437956204,0.978102189781022,327.0,2.386861313868613,37.74,-122.17,0.972
2.6654,38.0,3.951541850220264,1.118942731277533,2188.0,4.819383259911894,33.94,-118.35,1.422
2.181,52.0,3.68870523415978,1.0771349862258952,1086.0,2.9917355371900825,37.79,-122.25,1.388
2.0313,18.0,5.44,1.0933333333333333,253.0,3.373333333333333,36.09,-119.45,1.125
2.462,6.0,3.232558139534884,1.19661733615222,1051.0,2.221987315010571,34.04,-118.26,1.625
4.2083,33.0,5.026162790697675,1.1511627906976745,1073.0,3.119186046511628,33.91,-118.32,1.805
2.6065,19.0,5.648175182481752,1.294890510948905,2086.0,3.045255474452554,38.74,-121.27,1.549
4.0882,12.0,5.36036036036036,1.0705705705705706,3321.0,4.986486486486487,32.85,-116.98,1.345
4.8382,52.0,5.2639593908629445,0.9289340101522844,909.0,2.307106598984772,37.74,-122.44,2.949
3.5865,35.0,5.372972972972973,1.0972972972972972,602.0,3.254054054054054,33.89,-118.1,1.78
2.4922,24.0,4.731884057971015,0.9637681159420288,889.0,3.221014492753623,36.19,-119.37,0.661
3.9954,52.0,4.655263157894737,1.0894736842105264,1032.0,2.7157894736842105,37.77,-122.5,3.247
7.598,21.0,6.562162162162162,1.037837837837838,500.0,2.702702702702702,37.27,-121.99,3.478
3.9329,17.0,5.193220338983051,0.9966101694915256,1704.0,2.888135593220339,38.45,-122.74,1.709
2.5119,37.0,3.9292929292929295,1.0353535353535352,850.0,4.292929292929293,34.08,-118.06,1.805
5.62,36.0,6.228571428571429,1.031746031746032,786.0,2.495238095238096,33.81,-118.1,2.396
4.0776,13.0,6.1172638436482085,1.0553745928338762,1767.0,2.8778501628664497,33.23,-117.24,1.96
2.2653,40.0,3.54739652870494,1.0600801068090788,2149.0,2.869158878504673,34.07,-118.31,4.45
2.6048,17.0,6.130620985010706,1.423982869379015,715.0,1.531049250535332,33.02,-117.07,1.482
3.0187,24.0,4.173775671406003,1.099526066350711,1649.0,2.605055292259084,34.21,-118.58,2.177
6.1922,29.0,6.7465753424657535,1.0,2634.0,2.577299412915852,37.94,-122.09,2.732
5.1755,14.0,6.38646967340591,1.0606531881804044,3283.0,2.552877138413686,37.77,-121.99,2.948
3.5966,50.0,5.2952755905511815,1.1299212598425197,791.0,3.1141732283464565,37.34,-121.9,2.458
7.9819,26.0,7.571428571428571,0.956043956043956,2381.0,2.907203907203907,37.28,-121.92,3.97
2.625,8.0,23.88888888888889,5.944444444444445,36.0,2.0,38.95,-119.95,1.875
8.1631,42.0,6.31404958677686,1.008264462809917,634.0,2.6198347107438016,34.02,-118.43,5.00001
2.5301,24.0,3.452970297029703,0.9801980198019802,1478.0,3.658415841584159,33.64,-117.93,1.929
6.3236,24.0,7.829396325459317,1.0656167979002624,1203.0,3.15748031496063,34.29,-118.71,3.02
3.436,37.0,5.516826923076923,1.0300480769230769,2920.0,3.5096153846153846,38.08,-122.22,0.948
3.2865,52.0,4.8839590443686,1.023890784982935,657.0,2.242320819112628,36.62,-121.91,2.401
3.9444,45.0,4.087412587412588,0.9195804195804196,723.0,2.527972027972028,37.78,-122.27,2.129
1.7344,35.0,4.4491525423728815,1.0677966101694916,918.0,3.889830508474576,33.93,-118.35,1.469
3.7201,18.0,4.602453987730061,1.0773006134969323,2281.0,2.798773006134969,33.81,-117.98,1.831
4.2292,33.0,6.39375,1.021875,1018.0,3.18125,33.89,-118.01,2.128
3.3066,36.0,5.443636363636363,0.96,894.0,3.250909090909091,34.11,-117.38,0.963
3.4219,35.0,5.6157407407407405,0.9791666666666666,982.0,2.2731481481481484,40.78,-124.14,0.928
3.9519,50.0,5.439330543933054,1.100418410041841,691.0,2.8912133891213387,38.01,-122.12,1.265
1.7596,40.0,2.09375,0.53125,50.0,1.5625,38.68,-121.38,0.938
2.2222,34.0,4.935064935064935,1.0415584415584416,1009.0,2.620779220779221,37.35,-120.61,0.75
3.75,16.0,3.981949458483754,0.9765342960288808,1227.0,2.214801444043321,34.43,-119.88,2.231
2.6082,29.0,3.494117647058824,1.0294117647058822,1968.0,2.8941176470588235,33.97,-118.04,1.625
2.8167,52.0,4.145985401459854,1.0170316301703164,1336.0,3.2506082725060828,37.35,-121.88,1.835
1.9355,10.0,5.13655462184874,1.1050420168067228,1262.0,2.6512605042016806,36.22,-119.36,0.683
3.8235,10.0,5.34593837535014,1.0070028011204482,1686.0,2.361344537815126,36.32,-119.35,0.946
3.1538,19.0,4.328260869565217,1.1478260869565218,1202.0,2.6130434782608694,33.82,-117.99,2.521
4.7386,21.0,5.7405405405405405,0.9675675675675676,631.0,3.4108108108108106,37.16,-121.72,3.941
2.087,33.0,6.141975308641976,1.2160493827160497,1221.0,2.5123456790123457,40.12,-123.82,0.824
4.5401,28.0,5.544388609715243,0.9614740368509213,1811.0,3.033500837520938,37.99,-122.07,1.669
2.1422,19.0,3.79951690821256,1.1376811594202898,844.0,2.0386473429951693,32.81,-116.97,1.25
2.8594,45.0,3.455072463768116,1.0753623188405796,1084.0,3.1420289855072463,37.33,-121.88,2.059
5.6402,17.0,6.262458471760797,0.9700996677740864,771.0,2.5614617940199333,32.81,-117.05,2.286
6.0238,23.0,4.910714285714286,1.199404761904762,541.0,1.6101190476190477,37.89,-122.49,5.00001
2.8967,47.0,4.670329670329671,1.0073260073260073,844.0,3.091575091575092,37.94,-122.35,0.956
5.5461,36.0,6.224137931034483,1.1896551724137931,158.0,2.7241379310344827,37.71,-122.19,2.625
2.3,52.0,3.5942028985507246,1.2463768115942029,173.0,2.5072463768115942,38.1,-122.25,1.094
5.5524,21.0,6.156645569620253,0.9746835443037974,1968.0,3.113924050632912,38.11,-122.65,2.792
6.2236,32.0,6.488789237668161,0.9573991031390134,1151.0,2.580717488789237,34.16,-117.27,1.597
4.125,32.0,4.668918918918919,1.0202702702702702,926.0,6.256756756756757,33.74,-117.86,1.759
2.9449,17.0,5.624801271860095,1.1542130365659775,1603.0,2.548489666136725,37.21,-119.45,0.956
5.7368,35.0,6.2368421052631575,0.9973684210526316,996.0,2.6210526315789475,33.79,-118.1,2.872
3.2833,44.0,2.0330188679245285,0.9198113207547168,682.0,3.2169811320754715,37.66,-122.41,2.333
4.0446,40.0,5.608391608391608,1.041958041958042,445.0,3.111888111888112,37.37,-121.82,1.963
4.4375,22.0,5.4189723320158105,1.2124505928853757,1947.0,1.923913043478261,32.95,-117.26,5.00001
5.0,31.0,10.821428571428571,2.0892857142857144,1408.0,2.793650793650793,34.22,-117.21,1.611
4.3548,17.0,5.713942307692308,1.0540865384615383,2412.0,2.8990384615384617,32.97,-117.06,1.923
5.2138,20.0,5.33,0.976,2734.0,2.734,33.69,-117.88,2.331
5.0764,24.0,5.455069124423964,1.1002304147465438,2600.0,2.995391705069125,33.82,-117.94,2.286
2.0536,42.0,4.735632183908046,1.0421455938697315,946.0,3.624521072796935,36.73,-119.74,0.5
6.7248,18.0,7.174083769633508,1.0209424083769634,2477.0,3.242146596858639,34.28,-118.54,3.772
4.4074,52.0,4.683794466403162,0.9723320158102768,480.0,1.897233201581028,37.76,-122.4,2.773
2.2409,29.0,3.918918918918919,1.052123552123552,1014.0,1.9575289575289576,32.76,-117.11,1.142
3.125,52.0,5.252918287937743,1.0350194552529184,490.0,1.906614785992218,38.06,-122.23,1.711
1.8672,43.0,5.050125313283208,1.050125313283208,1543.0,3.8671679197994986,33.96,-118.25,0.981
3.6477,15.0,8.33495145631068,1.6310679611650485,501.0,2.4320388349514563,40.3,-121.09,1.134
4.3333,31.0,4.8384279475982535,1.039301310043668,1151.0,5.026200873362446,34.01,-118.09,1.495
2.8553,52.0,4.664652567975831,1.0981873111782476,1636.0,2.471299093655589,37.78,-122.46,3.607
5.057,46.0,5.21978021978022,1.0366300366300367,782.0,2.8644688644688645,33.98,-118.36,2.463
3.5072,29.0,5.154135338345864,0.9172932330827068,2477.0,4.656015037593985,34.1,-117.74,1.219
3.2702,24.0,4.955882352941177,0.9705882352941176,2048.0,4.302521008403361,38.48,-121.47,0.673
5.0415,29.0,6.555555555555555,1.0408163265306123,1012.0,2.2947845804988662,38.46,-122.7,2.402
3.6797,20.0,5.348017621145375,1.0418502202643172,1145.0,2.5220264317180616,36.97,-122.05,2.638
5.8416,25.0,7.273381294964029,1.0611510791366907,639.0,2.2985611510791366,38.57,-121.4,2.976
4.8015,30.0,5.549295774647887,0.9929577464788732,1004.0,3.535211267605634,34.27,-118.46,1.797
2.6643,10.0,4.436454849498328,1.0384615384615383,1967.0,3.289297658862876,33.92,-116.89,0.81
5.2601,13.0,4.156378600823046,1.1008230452674896,959.0,1.9732510288065843,37.78,-122.27,2.927
3.1477,52.0,4.213703099510604,1.0962479608482871,1335.0,2.177814029363785,37.8,-122.41,5.00001
3.654,38.0,4.9363636363636365,1.069090909090909,2357.0,2.1427272727272726,32.75,-117.17,2.49
3.5385,24.0,4.705483672211953,1.050523721503389,4647.0,2.8632162661737524,34.3,-119.29,1.868
6.729,22.0,7.488095238095238,1.0297619047619049,2855.0,2.8323412698412698,34.31,-119.21,4.093
2.9803,30.0,4.8478260869565215,1.075098814229249,1753.0,3.464426877470356,34.21,-118.4,1.915
3.2833,9.0,9.628428927680796,2.117206982543641,825.0,2.057356608478803,33.7,-116.22,1.247
2.9735,34.0,4.301369863013699,1.0325342465753424,1805.0,3.0907534246575343,34.21,-118.47,2.2
3.1875,23.0,5.275092936802974,0.9702602230483272,706.0,2.62453531598513,38.79,-121.24,1.102
11.1118,18.0,8.427659574468086,1.0872340425531914,1541.0,3.27872340425532,33.01,-117.23,5.00001
7.1053,15.0,6.52054794520548,0.9178082191780822,213.0,2.9178082191780823,38.36,-122.01,3.152
6.9532,4.0,7.2701062215478,1.054628224582701,1871.0,2.8391502276176026,34.14,-117.68,2.77
3.925,52.0,4.635944700460829,1.055299539170507,1314.0,3.0276497695852536,34.13,-118.19,1.804
2.5664,34.0,5.62043795620438,1.1532846715328466,1013.0,3.697080291970803,32.82,-115.55,0.675
1.808,52.0,4.780856423173804,1.0604534005037782,1102.0,2.7758186397984885,37.85,-122.28,1.055
1.2446,27.0,4.1477272727272725,1.1856060606060606,1768.0,3.3484848484848486,34.02,-118.3,1.038
4.3056,44.0,6.134020618556701,1.0549828178694158,779.0,2.676975945017182,33.82,-118.13,2.286
4.0625,44.0,5.10969387755102,0.9948979591836736,1291.0,3.2933673469387754,34.03,-118.14,2.011
3.0859,13.0,4.497902097902098,1.06993006993007,1627.0,2.275524475524476,37.95,-121.96,1.678
1.4886,52.0,4.862745098039215,1.3333333333333333,124.0,2.431372549019608,37.76,-122.38,4.5
3.0865,52.0,2.9285714285714284,0.8273809523809523,316.0,1.880952380952381,37.76,-122.41,2.25
2.1182,40.0,3.7936507936507935,1.034920634920635,1135.0,3.6031746031746033,36.7,-119.56,0.589
6.1323,32.0,6.28951048951049,1.020979020979021,1846.0,2.581818181818182,37.59,-122.39,5.00001
6.135,11.0,6.622727272727273,1.0287878787878788,1790.0,2.712121212121212,37.98,-122.11,2.973
7.2589,21.0,8.035714285714286,1.1071428571428572,812.0,2.636363636363636,38.23,-122.18,3.204
4.1,30.0,4.576687116564417,1.0552147239263805,1048.0,6.429447852760736,33.73,-117.9,1.664
2.0583,34.0,4.526104417670683,1.104417670682731,971.0,3.899598393574297,34.12,-117.3,0.648
3.0294,42.0,4.919449901768173,1.0864440078585462,1550.0,3.045186640471513,34.07,-117.74,1.357
3.0673,38.0,4.881019830028329,1.1161473087818696,711.0,2.0141643059490084,37.73,-122.14,2.184
3.0212,14.0,5.613680154142582,1.2003853564547209,2578.0,2.483622350674374,38.7,-121.28,1.129
1.9937,21.0,3.6866485013623977,1.0354223433242506,1688.0,4.599455040871935,34.07,-118.2,1.396
5.3623,15.0,7.55956678700361,1.1407942238267148,937.0,3.3826714801444044,33.73,-116.89,2.013
3.9818,19.0,5.335106382978723,1.077659574468085,3251.0,3.4585106382978723,36.71,-121.63,1.529
5.0853,26.0,5.916496945010183,1.0264765784114054,1452.0,2.957230142566192,33.68,-117.89,2.603
6.4631,32.0,6.091476091476092,1.0,1336.0,2.7775467775467777,37.29,-121.99,3.441
4.7361,50.0,5.539393939393939,1.0121212121212122,322.0,1.951515151515152,33.76,-118.14,4.188
4.0798,25.0,5.245136186770428,0.9649805447470816,1296.0,2.5214007782101167,38.45,-122.74,1.792
2.3125,15.0,5.9010989010989015,1.2557442557442555,2310.0,2.3076923076923075,35.63,-118.41,0.969
8.1484,36.0,6.806691449814126,1.100371747211896,871.0,3.2379182156133828,34.03,-118.4,5.00001
15.0001,36.0,7.549090909090909,0.9854545454545456,1461.0,2.6563636363636363,34.05,-118.5,5.00001
2.5603,52.0,3.608235294117647,1.0235294117647058,2122.0,2.496470588235294,37.8,-122.42,2.875
4.4375,52.0,4.57286432160804,1.0552763819095476,1525.0,1.9158291457286432,37.79,-122.44,5.00001
6.7273,9.0,9.169519152404238,1.2991035044824777,3029.0,2.468622656886716,34.13,-118.68,5.00001
8.758,30.0,7.338129496402877,1.0575539568345325,787.0,2.8309352517985613,37.35,-122.06,5.00001
5.2949,33.0,7.188405797101449,1.0471014492753623,842.0,3.050724637681159,38.65,-121.27,1.733
7.309,8.0,7.745454545454545,1.1090909090909091,241.0,4.381818181818182,37.44,-121.85,3.679
2.7986,29.0,4.409090909090909,1.1414141414141414,649.0,3.2777777777777777,34.06,-117.69,1.144
2.918,39.0,3.891737891737892,1.0446343779677112,2054.0,1.9506172839506173,34.0,-118.46,3.456
4.125,29.0,5.2642642642642645,1.027027027027027,1318.0,3.957957957957958,34.23,-118.54,2.414
3.5603,52.0,4.904306220095694,1.0263157894736843,957.0,2.289473684210526,34.09,-118.25,2.1
2.7679,33.0,4.827433628318584,1.0309734513274336,890.0,3.938053097345133,34.01,-118.08,1.764
6.7248,18.0,7.174083769633508,1.0209424083769634,2477.0,3.242146596858639,34.28,-118.54,3.772
3.7315,22.0,4.638386648122392,1.0486787204450625,1500.0,2.086230876216968,33.65,-117.98,1.979
4.3472,22.0,5.392513368983957,1.041711229946524,2260.0,2.4171122994652405,33.74,-118.31,3.512
1.7574,11.0,4.0,1.1219512195121952,895.0,1.984478935698448,39.42,-123.85,1.5
4.4375,22.0,5.4189723320158105,1.2124505928853757,1947.0,1.923913043478261,32.95,-117.26,5.00001
4.5179,25.0,5.40117994100295,1.0176991150442478,809.0,2.3864306784660765,33.81,-118.01,1.771
2.3889,6.0,6.316614420062696,1.2946708463949843,992.0,3.109717868338558,36.09,-119.57,0.532
6.0368,22.0,6.611336032388664,1.0708502024291495,1595.0,3.228744939271256,34.29,-118.72,2.48
2.9531,28.0,4.341753343239227,1.098068350668648,3013.0,4.476968796433878,33.91,-118.16,1.271
3.2792,40.0,4.452975047984645,1.0786948176583493,1499.0,2.8771593090211134,37.76,-122.51,2.608
2.5729,14.0,5.2704969595303,1.0104843782763682,35682.0,7.48207171314741,33.35,-117.42,1.344
5.6533,35.0,5.209923664122138,0.9770992366412212,662.0,2.5267175572519083,37.37,-122.05,2.914
1.2745,15.0,2.738693467336684,0.9262981574539364,1347.0,2.256281407035176,32.67,-117.1,0.929
2.2258,25.0,3.581589958158996,1.0271966527196652,1807.0,3.780334728033473,34.06,-117.78,1.148
3.5078,24.0,3.5960591133004924,0.9655172413793104,335.0,1.6502463054187193,32.81,-117.22,3.625
4.1042,36.0,5.822085889570552,1.0061349693251531,502.0,3.079754601226994,33.92,-118.25,1.244
0.9355,24.0,3.482051282051282,1.1897435897435895,1371.0,2.343589743589744,37.78,-122.43,1.125
3.7426,20.0,5.940677966101695,1.0,676.0,2.864406779661017,38.68,-121.24,1.355
2.6312,28.0,4.169312169312169,1.058201058201058,891.0,2.357142857142857,33.9,-118.31,1.713
4.4861,35.0,7.033149171270718,1.160220994475138,555.0,3.0662983425414363,38.28,-122.21,2.693
7.7006,52.0,6.607142857142857,1.1071428571428572,150.0,2.6785714285714284,37.97,-122.62,3.167
1.3333,30.0,8.571428571428571,2.1587301587301586,122.0,1.9365079365079363,34.22,-115.52,0.425
4.45,31.0,5.154377880184332,0.9930875576036866,1135.0,2.615207373271889,33.94,-117.95,2.679
3.0817,20.0,5.437037037037037,1.048148148148148,721.0,2.6703703703703705,37.25,-118.45,1.188
1.6154,17.0,62.422222222222224,14.11111111111111,83.0,1.8444444444444448,33.97,-114.49,0.875
3.3182,24.0,5.88911704312115,1.0821355236139631,1284.0,2.6365503080082138,38.63,-121.29,2.13
3.0625,25.0,5.1035598705501615,1.0032362459546926,844.0,2.7313915857605178,35.41,-119.04,0.694
1.8061,5.0,3.0027624309392267,0.9337016574585636,623.0,1.7209944751381216,36.83,-119.71,1.134
3.371,17.0,4.04969696969697,0.9733333333333334,3381.0,4.098181818181819,33.76,-117.93,1.618
8.8742,31.0,5.692946058091287,1.0943983402489628,1938.0,2.0103734439834025,33.6,-117.88,5.00001
2.1736,29.0,5.485835694050992,1.1288951841359771,2237.0,3.168555240793201,38.52,-121.46,0.721
2.8233,31.0,4.0607476635514015,1.0822429906542057,1987.0,1.8570093457943928,34.06,-118.38,3.1
5.8305,24.0,6.181146025878004,0.9815157116451017,1768.0,3.268022181146026,37.25,-121.82,2.456
4.5132,27.0,5.492505353319058,1.025695931477516,1227.0,2.627408993576017,38.38,-122.82,2.599
3.4539,43.0,4.561068702290076,0.9770992366412212,1251.0,4.774809160305344,33.92,-118.22,1.25
3.4833,15.0,5.746153846153846,0.9769230769230768,997.0,2.556410256410256,33.15,-117.13,1.932
3.7813,43.0,4.752321981424148,1.0340557275541795,1240.0,1.9195046439628485,33.76,-118.12,4.615
2.6701,41.0,4.8887323943661976,1.06056338028169,1680.0,2.3661971830985915,38.89,-121.08,1.39
3.8644,47.0,5.336898395721925,0.9679144385026738,1651.0,2.942959001782531,34.07,-118.16,2.415
1.8839,32.0,11.572519083969466,2.206106870229008,304.0,2.3206106870229006,39.66,-120.48,0.71
2.7198,26.0,5.866817155756208,1.1241534988713318,1332.0,3.006772009029345,34.89,-117.01,0.704
3.2891,29.0,6.062962962962963,1.1,753.0,2.7888888888888888,40.77,-122.96,0.931
3.7887,52.0,4.926724137931035,1.110632183908046,1584.0,2.2758620689655173,37.78,-122.46,5.00001
3.125,16.0,5.380070546737214,1.058201058201058,3407.0,3.004409171075838,36.8,-119.83,0.808
3.0461,40.0,4.007473841554559,1.101644245142003,1144.0,1.710014947683109,34.11,-118.29,2.643
8.0595,17.0,8.18840579710145,1.0579710144927537,1052.0,3.0492753623188404,37.22,-121.87,4.85
2.5417,50.0,6.473087818696884,1.141643059490085,837.0,2.3711048158640224,40.78,-124.16,0.854
1.9355,10.0,5.13655462184874,1.1050420168067228,1262.0,2.6512605042016806,36.22,-119.36,0.683
3.3194,21.0,6.878048780487805,1.1170731707317074,590.0,2.8780487804878048,37.32,-120.55,1.414
3.5719,19.0,4.387329591018444,1.078588612670409,2828.0,2.267842822774659,33.73,-117.81,2.528
4.6534,24.0,6.596685082872928,0.988950276243094,1187.0,3.2790055248618786,38.25,-122.62,1.965
5.3307,16.0,6.005353319057816,1.019271948608137,2624.0,2.809421841541756,33.87,-117.78,1.696
3.6125,33.0,5.196808510638298,1.0372340425531914,1600.0,4.25531914893617,33.95,-118.05,1.708
2.4886,36.0,2.961864406779661,1.1027542372881356,4033.0,4.272245762711864,33.94,-118.34,1.607
4.3194,34.0,5.225490196078432,0.9607843137254902,819.0,2.676470588235294,34.22,-118.56,1.97
4.9867,7.0,4.826747720364741,1.0562310030395137,3223.0,2.4490881458966567,37.51,-122.0,1.817
3.2705,12.0,5.330082520630158,1.0855213803450865,4520.0,3.390847711927982,33.93,-117.24,1.132
2.2083,47.0,5.167785234899329,1.0827740492170022,1126.0,2.519015659955257,37.5,-120.84,0.973
5.3209,26.0,5.765432098765432,0.9135802469135802,519.0,3.203703703703704,34.44,-118.52,1.85
2.5898,52.0,3.4942528735632186,1.0272988505747127,1377.0,1.978448275862069,37.83,-122.26,1.76
2.0972,36.0,3.0126582278481013,1.0901898734177216,3561.0,5.634493670886076,37.33,-121.88,1.875
4.5604,4.0,6.737383177570093,1.0663551401869158,6578.0,3.073831775700935,38.47,-121.38,1.459
10.2264,45.0,3.1666666666666665,0.8333333333333334,7460.0,1243.3333333333333,38.32,-121.98,1.375
5.8864,13.0,5.23943661971831,0.971830985915493,800.0,2.2535211267605635,33.96,-118.43,5.00001
3.4459,21.0,5.990228013029316,1.0553745928338762,871.0,2.8371335504886,33.9,-117.55,1.988
5.8661,16.0,7.888888888888889,1.1071428571428572,770.0,3.055555555555556,33.06,-117.16,4.045
4.1687,41.0,5.873333333333333,1.0466666666666666,738.0,2.46,33.79,-118.12,2.407
3.5462,19.0,5.226640159045726,0.9821073558648112,1444.0,2.8707753479125246,33.14,-117.08,1.568
5.0997,27.0,7.502608695652174,1.062608695652174,1662.0,2.890434782608696,38.6,-121.35,1.701
2.4234,32.0,5.0543657331136735,1.0345963756177925,1897.0,3.125205930807249,35.33,-119.01,0.637
2.3849,11.0,4.983529411764706,1.0341176470588236,2410.0,2.835294117647059,37.59,-120.96,1.22
3.9464,33.0,5.507518796992481,0.9849624060150376,731.0,2.7481203007518795,34.38,-119.06,2.303
3.525,20.0,4.429172510518934,0.9593267882187938,2396.0,3.360448807854137,34.11,-117.91,1.53
1.5122,19.0,3.948186528497409,1.160621761658031,960.0,2.4870466321243523,36.79,-119.79,0.475
3.1719,43.0,5.36376404494382,0.99438202247191,1505.0,2.1137640449438204,33.95,-118.32,1.835
3.0677,37.0,4.439024390243903,1.102981029810298,1341.0,3.634146341463415,33.93,-118.34,1.677
3.8882,37.0,6.052486187845304,1.0883977900552486,951.0,2.62707182320442,38.61,-121.36,1.595
2.7656,31.0,5.404166666666667,1.0791666666666666,765.0,3.1875,38.9,-121.28,0.936
4.3278,8.0,5.843045843045843,1.038073038073038,3833.0,2.9782439782439782,38.36,-122.68,1.841
5.3074,18.0,4.617241379310345,0.9793103448275862,761.0,2.6241379310344826,33.03,-117.08,1.372
1.755,47.0,4.516717325227964,1.0182370820668694,765.0,2.325227963525836,40.8,-124.15,0.741
4.1179,4.0,6.42707240293809,1.1154249737670514,3077.0,3.228751311647429,38.26,-121.32,1.346
6.3369,4.0,4.863731656184487,0.8490566037735849,1408.0,2.951781970649895,33.47,-117.63,2.56
4.3594,44.0,5.843003412969283,1.0716723549488054,691.0,2.358361774744027,33.83,-118.12,2.213
3.1333,30.0,5.925531914893617,1.1312056737588652,966.0,3.425531914893617,36.51,-119.65,1.0
3.7796,21.0,5.256997455470738,1.037319762510602,2827.0,2.397794741306192,38.67,-121.16,1.59
1.5326,52.0,3.676795580110497,0.9558011049723756,1144.0,3.160220994475138,33.97,-118.26,0.906
4.4948,36.0,6.428104575163399,1.0326797385620916,910.0,2.973856209150327,33.91,-118.13,1.906
2.6997,52.0,4.062745098039216,1.0627450980392157,1623.0,2.1215686274509804,37.83,-122.28,1.269
2.1553,37.0,4.255287009063444,1.081570996978852,1341.0,2.025679758308157,36.98,-122.03,2.554
3.2708,26.0,4.26980198019802,1.066831683168317,1130.0,2.797029702970297,33.97,-118.35,1.281
2.3,40.0,3.818840579710145,0.9094202898550724,1056.0,3.8260869565217392,34.17,-118.14,1.467
3.7308,34.0,5.048611111111111,1.084722222222222,2171.0,3.015277777777778,33.95,-118.1,1.969
2.0425,35.0,5.556306306306307,1.0563063063063065,1194.0,2.689189189189189,40.19,-122.26,0.637
8.2883,34.0,6.618834080717488,0.9730941704035876,613.0,2.7488789237668163,37.37,-122.21,5.00001
11.8442,31.0,8.385678391959798,1.0577889447236182,2092.0,2.628140703517588,34.1,-118.45,5.00001
5.795,22.0,7.139720558882235,1.1037924151696608,1371.0,2.736526946107785,38.32,-122.53,3.323
5.549,49.0,7.0,1.0381944444444444,691.0,2.399305555555556,37.56,-122.32,5.00001
3.3906,33.0,5.695550351288056,1.0374707259953162,1147.0,2.686182669789228,32.78,-116.95,1.381
2.2708,26.0,3.947058823529412,1.080392156862745,664.0,1.3019607843137255,33.77,-118.08,0.675
2.2527,18.0,4.528712871287128,1.0574257425742577,1339.0,2.651485148514852,36.95,-120.05,0.652
0.9274,38.0,4.342857142857143,0.8571428571428571,65.0,1.8571428571428568,38.53,-121.4,0.675
3.6875,22.0,4.510948905109489,1.0583941605839415,413.0,1.5072992700729928,37.39,-122.06,0.4
2.4219,33.0,4.311244979919679,1.0140562248995983,1371.0,2.753012048192771,33.88,-118.31,2.607
3.6875,16.0,5.7612903225806456,1.0580645161290323,548.0,3.535483870967742,37.79,-120.83,1.219
5.806,25.0,5.4858934169279,1.0689655172413792,999.0,3.1316614420062696,37.4,-122.08,3.087
6.0722,4.0,5.857777777777778,0.9688888888888888,673.0,2.991111111111111,33.66,-117.59,2.608
4.2011,41.0,5.05420054200542,1.062330623306233,825.0,2.2357723577235773,38.01,-122.68,2.554
5.3243,29.0,6.237864077669903,0.9368932038834952,460.0,2.233009708737864,38.59,-121.35,2.657
2.7344,18.0,7.085158150851582,1.6131386861313868,999.0,2.4306569343065694,38.42,-120.42,0.919
3.875,40.0,4.138263665594855,1.112540192926045,806.0,2.5916398713826365,34.0,-118.44,3.213
8.0727,25.0,6.908408408408408,1.045045045045045,2003.0,3.0075075075075075,37.31,-122.05,4.555
1.4828,24.0,4.248322147651007,0.9228187919463088,1083.0,3.634228187919463,32.67,-115.49,0.731
7.4678,15.0,6.594464500601685,1.0734055354993983,2009.0,2.417569193742479,37.48,-122.29,5.00001
7.6864,16.0,7.107544141252006,1.0658105939004816,1677.0,2.691813804173355,37.53,-122.25,4.225
3.9722,25.0,4.149,1.067,1749.0,1.749,34.0,-118.48,4.5
4.625,25.0,6.554716981132075,1.018867924528302,840.0,3.169811320754717,33.89,-117.83,2.457
4.5556,34.0,5.710073710073711,0.9901719901719902,2282.0,2.803439803439804,37.57,-122.48,2.49
4.4667,34.0,5.812375249500998,1.037924151696607,1625.0,3.2435129740518964,33.79,-117.95,1.906
4.0223,33.0,5.047520661157025,1.0289256198347108,1601.0,3.307851239669421,34.3,-118.43,1.46
2.5067,18.0,4.0807926829268295,1.1966463414634143,1391.0,2.120426829268293,36.96,-122.03,2.326
4.8226,18.0,6.589703588143526,0.9859594383775352,1907.0,2.9750390015600625,38.66,-121.78,1.399
6.1287,4.0,6.791896869244936,1.0810313075506446,10450.0,3.2074892572130143,34.01,-117.75,2.896
3.0078,26.0,5.184065934065934,1.0467032967032968,1060.0,2.912087912087912,38.33,-122.7,1.604
3.4773,31.0,4.611898016997167,1.028328611898017,1595.0,2.259206798866856,32.79,-117.0,1.558
2.4706,28.0,3.833910034602076,0.9826989619377162,1498.0,5.183391003460208,33.9,-118.23,0.888
3.5,44.0,5.572769953051643,1.164319248826291,1087.0,2.551643192488263,37.74,-122.5,2.757
4.1554,33.0,5.664107485604607,1.0153550863723608,1288.0,2.472168905950096,37.28,-121.88,3.131
3.3431,20.0,6.383720930232558,1.172093023255814,1421.0,3.3046511627906976,39.32,-123.11,1.375
5.997,19.0,5.805015673981191,1.0363636363636364,3963.0,2.484639498432602,34.22,-118.35,2.287
3.5096,34.0,5.1525,0.9775,1169.0,2.9225,32.73,-117.03,1.42
2.7367,21.0,4.108389786347056,1.04794163626889,4907.0,2.5570609692548203,36.69,-121.65,1.603
2.4135,27.0,2.258771929824561,0.881578947368421,397.0,1.7412280701754386,34.02,-118.4,1.844
2.065,26.0,10.583333333333334,2.055555555555556,498.0,2.305555555555556,39.52,-120.51,0.961
1.6302,32.0,3.1828703703703702,1.037037037037037,1698.0,3.9305555555555554,34.02,-118.25,1.307
4.8611,35.0,7.15748031496063,1.4488188976377954,682.0,2.6850393700787403,37.09,-122.02,2.4
3.6094,52.0,6.05625,1.0375,788.0,2.4625,37.96,-121.31,1.184
3.512,16.0,3.762287334593573,1.0756143667296787,5014.0,2.369565217391304,33.67,-117.91,2.184
6.3245,52.0,4.735294117647059,1.1360294117647058,437.0,1.6066176470588236,37.8,-122.41,5.00001
5.6975,48.0,5.861878453038674,1.0635359116022098,926.0,2.5580110497237567,34.18,-118.33,2.314
3.6036,14.0,4.577677224736048,1.0256410256410255,1597.0,2.4087481146304675,38.34,-121.96,1.435
4.0833,18.0,11.53658536585366,2.804878048780488,88.0,2.1463414634146343,37.85,-119.93,1.375
6.4631,32.0,6.091476091476092,1.0,1336.0,2.7775467775467777,37.29,-121.99,3.441
2.9506,35.0,5.063457330415755,0.9693654266958424,954.0,2.087527352297593,36.79,-119.81,0.738
2.3482,22.0,4.001342281879195,1.1718120805369128,1751.0,2.350335570469799,32.8,-117.23,1.906
4.5278,35.0,4.283676703645008,1.0364500792393028,1383.0,2.1917591125198097,34.43,-119.73,3.404
5.388,26.0,5.772277227722772,0.9183168316831684,1285.0,3.18069306930693,37.54,-121.99,2.25
2.5574,32.0,5.830927835051546,1.1463917525773195,1655.0,3.4123711340206184,38.52,-121.42,0.726
2.7159,45.0,5.306590257879656,1.1260744985673352,1132.0,3.2435530085959887,37.77,-122.19,1.014
2.0995,15.0,3.430830039525692,0.9644268774703556,1133.0,4.478260869565218,34.93,-120.44,0.875
5.1048,37.0,5.3538461538461535,1.3076923076923077,673.0,1.7256410256410255,33.6,-117.91,5.00001
3.1287,50.0,4.467576791808874,1.030716723549488,883.0,3.013651877133106,34.13,-118.19,1.98
1.881,25.0,5.56353591160221,1.1104972375690607,1160.0,3.2044198895027622,35.96,-119.19,0.525
3.75,10.0,3.45,0.8,50.0,2.5,38.01,-121.29,1.208
3.0197,28.0,4.266666666666667,1.1,214.0,3.566666666666667,36.67,-121.64,1.375
5.1721,17.0,7.501118568232662,1.0357941834451905,1417.0,3.170022371364653,38.74,-121.16,2.371
4.0653,14.0,3.850920245398773,1.0687116564417178,3025.0,1.855828220858896,37.3,-121.93,2.342
5.0391,28.0,5.867796610169491,1.0,810.0,2.7457627118644066,37.91,-122.07,2.598
2.0865,40.0,5.2288557213930345,1.1691542288557213,574.0,2.855721393034826,34.64,-120.45,1.115
8.9571,33.0,7.210696920583469,1.0307941653160453,1684.0,2.7293354943273904,37.86,-122.18,3.997
6.5437,14.0,6.901548672566372,0.9966814159292036,2923.0,3.233407079646017,33.9,-117.78,2.682
1.4282,18.0,4.8405275779376495,1.1870503597122302,2722.0,3.26378896882494,37.73,-122.38,1.404
3.1932,17.0,3.7431781701444624,1.0224719101123596,1636.0,2.626003210272873,37.25,-121.83,1.234
3.8625,41.0,4.658018867924528,1.0377358490566038,1528.0,3.60377358490566,37.72,-122.4,2.183
6.1834,16.0,8.263250883392226,1.0265017667844525,1902.0,3.360424028268551,33.09,-117.04,3.356
4.5833,39.0,4.911111111111111,1.0733333333333333,1023.0,2.273333333333333,37.39,-122.08,3.424
3.2862,37.0,4.7497584541062805,1.0956521739130434,3533.0,3.413526570048309,33.93,-118.33,1.523
1.975,26.0,5.282786885245901,1.0737704918032789,1100.0,4.508196721311475,36.06,-118.97,0.514
2.1898,40.0,5.915407854984895,1.1661631419939578,725.0,2.190332326283988,41.23,-122.27,0.655
3.7813,36.0,6.634615384615385,1.0480769230769231,316.0,3.0384615384615383,33.84,-118.1,2.091
3.0577,41.0,4.854838709677419,1.0161290322580645,1002.0,4.040322580645161,33.99,-118.07,1.633
2.2917,14.0,6.105590062111801,1.0124223602484472,399.0,2.4782608695652173,39.22,-121.24,1.451
2.5288,16.0,5.315638450502152,1.06025824964132,2463.0,3.533715925394548,36.98,-120.05,0.618
3.8967,12.0,5.967171717171717,1.0303030303030305,1211.0,3.058080808080808,33.14,-117.12,1.726
1.3903,26.0,4.501577287066247,1.2176656151419558,974.0,3.0725552050473186,33.2,-117.38,1.844
3.275,48.0,4.5,1.08984375,1273.0,2.486328125,37.76,-122.48,3.321
3.662,8.0,6.619926199261992,1.018450184501845,690.0,2.5461254612546127,34.48,-117.27,1.653
3.9926,14.0,5.555555555555555,1.0098039215686274,1867.0,3.0506535947712417,36.32,-119.77,0.925
3.5909,31.0,3.698675496688742,1.0066225165562914,591.0,1.9569536423841056,37.39,-122.1,3.531
3.1349,29.0,4.321937321937322,1.0427350427350428,1776.0,2.52991452991453,34.27,-118.33,2.302
4.1711,38.0,5.440116845180136,0.9698149951314508,2466.0,2.401168451801363,37.99,-122.57,3.369
1.5635,17.0,3.4126506024096384,1.0436746987951808,3200.0,4.819277108433735,37.29,-120.48,0.604
4.1779,10.0,5.817850637522769,1.0546448087431697,2088.0,3.80327868852459,34.03,-117.64,1.591
4.1172,37.0,5.256613756613756,1.0555555555555556,1279.0,3.383597883597884,34.07,-117.95,1.765
1.5982,20.0,6.124015748031496,1.2263779527559056,1000.0,1.968503937007874,33.74,-116.88,1.4
2.625,20.0,6.315789473684211,1.4210526315789471,55.0,2.894736842105264,37.73,-122.38,1.875
4.0425,31.0,4.713833157338965,1.0464625131995775,2420.0,2.555438225976769,33.8,-118.31,2.779
6.1668,9.0,7.596153846153846,1.3798076923076923,465.0,2.235576923076923,36.37,-121.66,4.058
4.1591,27.0,5.381834215167548,1.101410934744268,3026.0,2.6684303350970016,37.55,-122.0,3.324
3.6667,38.0,5.182222222222222,0.9911111111111112,584.0,2.5955555555555554,38.42,-122.86,2.444
2.0493,19.0,4.186486486486486,0.9972972972972972,770.0,2.081081081081081,37.58,-120.94,0.995
3.0989,21.0,4.013341419041844,1.0751970891449365,4396.0,2.6658580958156457,33.87,-118.14,1.714
4.9237,4.0,6.310280373831776,0.9813084112149532,1684.0,3.147663551401869,34.66,-120.47,1.666
8.5621,23.0,7.329861111111111,1.0625,979.0,3.399305555555556,33.89,-117.99,3.478
2.925,43.0,4.85655737704918,1.213114754098361,933.0,3.823770491803279,37.35,-121.89,1.708
1.6009,39.0,5.12183908045977,1.2459770114942528,1516.0,3.485057471264368,35.39,-118.99,0.488
2.3352,34.0,3.4571428571428573,0.8825396825396825,995.0,3.1587301587301586,33.94,-118.29,1.077
7.9761,52.0,7.709756097560976,1.151219512195122,842.0,2.053658536585366,37.8,-122.44,5.00001
4.2237,25.0,5.995226730310263,1.0513126491646778,1994.0,2.379474940334129,38.27,-122.45,2.623
2.9083,14.0,3.6482084690553744,1.0390879478827362,982.0,3.198697068403909,33.76,-118.0,1.792
4.1692,21.0,4.2224052718286655,1.0687808896210873,4790.0,1.972817133443163,37.61,-122.43,3.445
1.2404,26.0,3.045238095238095,1.042857142857143,1276.0,3.038095238095238,40.59,-122.39,0.813
3.9536,26.0,4.987878787878788,1.0703030303030303,2184.0,2.6472727272727274,33.78,-117.95,1.91
4.8611,16.0,4.87603305785124,1.0743801652892562,178.0,1.4710743801652892,33.61,-117.73,1.868
2.3687,31.0,4.815561959654179,1.0720461095100864,1371.0,3.951008645533141,36.7,-119.55,0.639
2.5658,14.0,4.815483870967742,1.0916129032258064,1277.0,1.647741935483871,38.29,-122.47,2.08
4.625,7.0,6.68348623853211,1.1116207951070336,1932.0,2.9541284403669725,35.16,-118.51,1.368
2.2417,30.0,3.420135527589545,1.027105517909003,2678.0,2.5924491771539206,33.85,-118.19,1.519
3.0079,25.0,4.170229007633588,1.0312977099236642,2758.0,2.1053435114503816,37.3,-121.97,2.773
3.2857,17.0,5.730769230769231,1.0897435897435896,3754.0,4.010683760683761,33.91,-117.49,1.391
4.0647,14.0,5.279596977329975,1.057934508816121,926.0,2.332493702770781,38.46,-122.65,1.878
4.0298,5.0,4.531128404669261,1.0544747081712065,1213.0,2.359922178988327,32.64,-117.04,2.256
6.3054,14.0,7.03921568627451,0.9831932773109244,1151.0,3.224089635854342,33.3,-117.25,3.59
5.2851,36.0,6.138571428571429,1.0242857142857142,2038.0,2.9114285714285715,33.94,-117.98,2.588
2.5644,31.0,5.234527687296417,1.0944625407166124,817.0,2.6612377850162865,35.35,-119.04,0.73
3.5347,23.0,5.430952380952381,0.9714285714285714,1164.0,2.771428571428572,40.56,-122.38,1.012
2.0208,43.0,3.2962962962962963,0.6666666666666666,86.0,3.185185185185185,39.18,-122.91,0.725
4.4712,20.0,3.4289340101522843,0.9441624365482234,1427.0,3.6218274111675126,37.44,-121.88,1.44
4.0911,19.0,4.802098950524738,1.0614692653673163,1761.0,2.640179910044977,33.88,-118.11,2.397
4.4821,35.0,5.987931034482759,0.9706896551724138,2091.0,3.605172413793104,33.84,-118.02,2.141
2.7813,23.0,6.709302325581396,1.4147286821705427,612.0,2.372093023255814,33.06,-116.6,1.729
3.0921,14.0,16.67153284671533,4.54014598540146,342.0,2.4963503649635035,37.64,-118.97,0.875
5.8343,15.0,6.598726114649682,0.9490445859872612,395.0,2.515923566878981,32.95,-117.26,5.00001
4.2564,25.0,5.592105263157895,1.0855263157894737,4528.0,4.2556390977443606,33.79,-117.81,2.046
2.895,18.0,4.30958904109589,1.084931506849315,1200.0,3.287671232876712,33.91,-118.08,1.469
3.3776,23.0,3.789072426937738,1.0635324015247776,1317.0,1.673443456162643,34.43,-119.75,2.832
2.6953,36.0,3.4020356234096694,0.9720101781170484,1769.0,4.501272264631044,33.93,-118.21,1.21
5.2923,5.0,4.363380281690141,1.064788732394366,735.0,2.0704225352112675,33.7,-117.8,1.94
2.6055,36.0,4.9748427672955975,0.9842767295597484,761.0,2.393081761006289,36.78,-119.82,0.692
3.5655,38.0,5.153846153846154,0.9698996655518396,861.0,2.879598662207358,34.08,-117.41,0.956
5.1314,15.0,29.074766355140188,6.08411214953271,276.0,2.5794392523364484,37.06,-119.32,1.792
0.9802,46.0,4.584288052373159,1.0540098199672667,1823.0,2.983633387888707,37.81,-122.29,1.292
2.8155,30.0,5.52054794520548,1.2945205479452055,326.0,2.232876712328767,39.02,-120.81,1.01
1.0951,40.0,4.139359698681733,1.152542372881356,1517.0,2.8568738229755177,34.12,-117.29,0.658
5.4351,37.0,6.0542986425339365,0.9728506787330315,535.0,2.420814479638009,37.53,-122.3,3.766
1.9093,13.0,4.779327317473339,1.1575061525840853,2244.0,1.840853158326497,38.68,-121.33,1.429
4.1447,11.0,5.630952380952381,0.988095238095238,1701.0,3.375,38.55,-121.34,1.14
3.4773,31.0,4.611898016997167,1.028328611898017,1595.0,2.259206798866856,32.79,-117.0,1.558
1.8333,38.0,4.576923076923077,1.1318681318681318,570.0,3.131868131868132,32.66,-117.09,1.271
2.4912,29.0,3.7248,1.1312,2304.0,1.8432,37.81,-122.25,2.578
2.7072,29.0,3.2546201232032854,1.1129363449691991,1019.0,2.0924024640657084,34.02,-118.48,3.75
10.7937,29.0,7.471786833855799,1.2178683385579938,1500.0,2.3510971786833856,34.07,-118.48,5.00001
2.8608,30.0,3.641340782122905,1.0525139664804468,2744.0,3.065921787709497,33.91,-118.08,1.656
6.5799,10.0,5.383333333333334,0.8888888888888888,482.0,2.6777777777777776,38.29,-122.26,2.181
1.5652,38.0,3.161290322580645,0.9193548387096774,1308.0,4.219354838709678,34.02,-118.26,1.231
3.2813,31.0,6.162679425837321,1.0956937799043065,1306.0,3.124401913875598,36.8,-119.69,0.687
3.1929,26.0,4.311871227364185,1.080482897384306,2806.0,1.8819584171696848,34.17,-118.39,2.652
2.3683,17.0,4.439102564102564,1.0961538461538465,1471.0,2.3573717948717947,38.67,-121.36,0.825
1.432,44.0,4.04915514592934,1.1136712749615976,2182.0,3.351766513056836,34.0,-118.28,1.24
2.4931,26.0,3.977653631284916,1.037243947858473,1528.0,2.845437616387337,33.78,-117.96,2.361
2.5875,24.0,9.77578475336323,2.318385650224215,755.0,3.3856502242152464,38.94,-119.95,1.734
1.6901,36.0,4.344827586206897,1.0883620689655171,1807.0,3.894396551724138,33.99,-118.26,1.035
4.2813,52.0,6.8578947368421055,1.1210526315789473,883.0,2.323684210526316,32.76,-117.1,2.708
4.6827,19.0,5.103286384976526,1.0657276995305165,998.0,2.3427230046948355,37.26,-121.97,2.551
5.0915,31.0,5.953079178885631,0.9882697947214076,867.0,2.5425219941348973,37.98,-122.0,1.932
10.7751,19.0,9.02051282051282,1.0974358974358975,659.0,3.3794871794871795,32.84,-117.25,5.00001
2.8417,22.0,3.8372093023255816,1.069767441860465,2428.0,5.133192389006343,34.36,-119.05,1.625
3.4167,31.0,7.023255813953488,1.131782945736434,383.0,2.9689922480620154,37.67,-121.06,1.969
3.1607,33.0,5.415254237288136,1.0932203389830508,460.0,3.8983050847457625,33.94,-118.1,1.89
2.825,16.0,4.648464163822526,1.0119453924914676,1124.0,1.918088737201365,38.48,-122.66,1.862
4.0625,21.0,6.41038961038961,0.987012987012987,1164.0,3.0233766233766235,33.94,-117.38,1.368
2.5428,31.0,5.693208430913349,1.199063231850117,1026.0,2.4028103044496487,39.76,-121.61,0.85
5.0862,37.0,5.281081081081081,0.9945945945945946,967.0,2.6135135135135137,34.23,-118.25,2.613
2.4911,35.0,4.506702412868632,0.96514745308311,1648.0,4.418230563002681,34.07,-117.99,1.459
3.5719,45.0,4.093943139678616,1.0877626699629173,1157.0,1.4301606922126082,34.07,-118.35,5.00001
2.5727,27.0,4.787234042553192,1.059961315280464,1703.0,3.294003868471953,38.25,-121.3,0.861
4.0625,23.0,5.180451127819549,1.0112781954887218,767.0,2.8834586466165413,32.85,-116.92,1.45
15.0001,37.0,9.333333333333334,1.0378006872852237,809.0,2.7800687285223367,34.09,-118.41,5.00001
3.9798,31.0,4.7073170731707314,1.1121951219512196,1002.0,2.44390243902439,34.0,-118.42,4.586
1.3304,28.0,5.6453900709219855,1.0780141843971631,962.0,3.4113475177304964,36.7,-119.8,0.513
3.625,6.0,5.40463645943098,1.17913593256059,2533.0,2.6691253951527925,34.05,-117.66,1.136
4.7143,35.0,6.103092783505154,1.0309278350515465,572.0,2.948453608247423,37.65,-122.09,1.938
1.8819,41.0,4.412523020257827,1.1086556169429098,1781.0,3.279926335174954,35.37,-118.97,0.58
1.9667,26.0,8.25,1.855555555555556,406.0,2.2555555555555555,38.94,-119.97,0.846
2.0959,36.0,5.240384615384615,1.0934065934065933,2945.0,4.045329670329671,32.68,-117.06,1.25
4.5814,24.0,5.796812749003984,1.0677290836653386,2663.0,3.536520584329349,33.71,-117.89,2.333
3.3621,34.0,5.16271186440678,1.0542372881355933,676.0,2.2915254237288134,34.15,-118.04,3.772
8.2435,27.0,6.656652360515022,1.090128755364807,816.0,3.5021459227467813,34.14,-118.16,5.00001
2.8097,33.0,5.260416666666667,1.0163690476190477,1568.0,2.333333333333333,32.77,-117.05,1.583
6.0891,5.0,5.469594594594595,0.918918918918919,1063.0,3.591216216216216,32.91,-117.16,2.146
1.8942,45.0,4.861111111111111,0.9166666666666666,225.0,3.125,38.17,-122.23,2.167
2.1771,15.0,4.392496392496392,1.1341991341991342,1306.0,1.8845598845598843,36.97,-121.99,2.132
4.7639,36.0,5.261818181818182,1.0036363636363637,799.0,2.9054545454545453,37.66,-122.44,2.656
4.712,20.0,6.265,1.015,1705.0,2.841666666666667,39.66,-121.77,1.586
5.3368,28.0,7.241558441558442,0.961038961038961,1140.0,2.961038961038961,34.11,-117.65,2.335
5.4829,15.0,6.075165806927045,1.0383198231392778,4453.0,3.281503316138541,34.43,-118.49,1.996
5.0681,19.0,5.939655172413793,1.139655172413793,1635.0,2.8189655172413794,34.11,-117.66,2.305
1.583,19.0,3.1481481481481484,1.0454840805718,3751.0,2.437296946068876,34.07,-118.45,3.5
4.6875,18.0,6.346570397111913,1.032490974729242,987.0,3.563176895306859,32.72,-117.07,1.418
7.8239,29.0,6.666666666666667,1.0426356589147288,612.0,2.372093023255814,33.51,-117.74,5.00001
3.335,11.0,5.379073756432247,1.0634648370497428,2013.0,3.452830188679245,36.19,-119.32,0.697
2.79,41.0,4.067484662576687,1.051124744376278,1015.0,2.0756646216768915,32.75,-117.24,2.26
3.4784,32.0,5.223880597014926,0.9940298507462688,997.0,2.976119402985075,32.73,-117.03,1.544
3.625,25.0,5.405172413793103,1.0377155172413792,2133.0,2.2984913793103448,36.82,-119.78,0.895
6.3521,45.0,5.616438356164384,0.9178082191780822,565.0,2.5799086757990866,34.02,-118.45,4.934
3.622,36.0,4.968152866242038,1.019108280254777,1348.0,4.292993630573249,33.92,-118.07,1.74
1.0424,32.0,3.941747572815534,0.9902912621359224,1509.0,2.441747572815534,38.61,-121.45,0.814
5.7709,4.0,5.181347150259067,1.093264248704663,833.0,2.1580310880829017,33.65,-117.58,1.903
3.0139,34.0,5.402631578947369,1.0052631578947369,1258.0,3.310526315789473,33.92,-118.3,1.547
5.0818,35.0,5.188405797101449,0.9681159420289857,1277.0,3.701449275362319,34.22,-118.39,1.868
1.6667,30.0,5.265217391304348,1.2565217391304349,611.0,2.6565217391304348,34.83,-116.96,0.447
1.275,19.0,4.226973684210527,1.3486842105263157,1431.0,2.3536184210526314,32.8,-114.55,0.561
2.5313,52.0,1.3784860557768923,1.0756972111553784,346.0,1.3784860557768923,34.05,-118.23,2.25
2.6998,25.0,3.7767052767052767,1.0842985842985844,2669.0,1.7175032175032174,37.9,-122.06,2.161
5.163,24.0,5.5,1.0116279069767442,2465.0,2.605708245243129,33.72,-118.03,2.61
2.9803,30.0,4.8478260869565215,1.075098814229249,1753.0,3.464426877470356,34.21,-118.4,1.915
4.5278,35.0,4.283676703645008,1.0364500792393028,1383.0,2.1917591125198097,34.43,-119.73,3.404
2.2067,24.0,5.945255474452555,1.1423357664233578,641.0,2.339416058394161,40.08,-120.91,0.696
5.3366,4.0,6.083687943262412,0.9673758865248226,1981.0,2.8099290780141843,34.04,-117.24,1.651
3.15,49.0,5.83,1.0466666666666666,705.0,2.35,36.77,-119.81,0.722
2.5444,30.0,4.847953216374269,1.016374269005848,3668.0,4.290058479532164,37.79,-122.28,2.75
3.343,22.0,4.285714285714286,1.216117216117216,1382.0,2.531135531135531,33.89,-117.87,1.846
4.87,19.0,5.662109375,0.974609375,1356.0,2.6484375,33.03,-117.27,2.209
0.9241,17.0,2.8177676537585423,1.0523917995444192,762.0,1.735763097949886,37.81,-122.28,1.775
2.6736,52.0,3.692934782608696,1.0733695652173914,521.0,1.4157608695652173,34.0,-118.48,5.00001
5.0753,35.0,5.5125,1.1208333333333331,1084.0,4.516666666666667,33.9,-118.11,1.78
6.3538,49.0,6.29388560157791,1.017751479289941,1148.0,2.264299802761341,37.9,-122.28,3.337
4.2731,34.0,5.451117318435754,1.0013966480446927,2054.0,2.868715083798883,33.8,-117.93,2.18
5.7653,21.0,6.196926032660903,1.0172910662824208,6160.0,2.958693563880884,37.59,-122.46,3.258
3.5333,10.0,5.154434250764526,1.0168195718654434,1823.0,2.787461773700306,38.14,-121.26,1.168
3.0625,42.0,4.826666666666667,0.9933333333333332,420.0,2.8,34.19,-118.31,3.617
3.7455,33.0,4.808510638297872,1.1111111111111112,1990.0,4.704491725768322,34.21,-118.37,1.596
2.3015,36.0,5.284629981024668,1.094876660341556,1275.0,2.419354838709677,32.76,-117.06,1.568
4.2155,8.0,8.315391879131257,1.3229461756373937,3159.0,2.9830028328611897,32.65,-117.04,2.478
4.9957,22.0,5.718222222222222,1.0435555555555556,2703.0,2.4026666666666667,33.75,-117.83,2.964
2.2538,36.0,3.5,1.0513126491646778,2077.0,2.478520286396181,33.77,-118.17,1.813
2.0521,26.0,4.893371757925072,1.015850144092219,2446.0,3.5244956772334293,37.57,-120.91,0.654
5.5429,16.0,6.214421252371917,1.0037950664136623,1863.0,3.535104364326376,37.38,-121.87,2.691
4.5112,16.0,4.414285714285715,1.0114285714285711,730.0,2.085714285714286,33.84,-117.87,1.39
3.5313,20.0,5.8526011560693645,0.9479768786127168,1039.0,3.0028901734104045,36.32,-119.33,0.828
6.1103,35.0,7.438709677419355,1.0774193548387097,828.0,2.670967741935484,32.77,-116.99,3.016
3.5109,29.0,4.6923076923076925,1.085164835164835,2223.0,3.0535714285714284,34.09,-117.88,1.86
5.1237,52.0,5.7828418230563,0.970509383378016,1001.0,2.683646112600536,33.88,-117.93,2.4
3.6121,29.0,4.006960556844548,1.111368909512761,741.0,1.7192575406032482,34.0,-118.48,5.0
3.9722,27.0,4.619271445358402,1.0963572267920094,1877.0,2.2056404230317272,37.55,-122.31,3.541
5.8479,25.0,6.611553784860558,1.0577689243027888,1560.0,3.1075697211155378,37.26,-121.89,2.633
3.4091,41.0,4.946987951807229,1.0481927710843373,873.0,2.103614457831325,37.9,-122.3,2.23
3.8534,32.0,5.599009900990099,1.0297029702970295,1156.0,2.8613861386138613,37.77,-120.96,1.576
4.3269,40.0,5.534090909090909,1.0833333333333333,1322.0,5.007575757575758,33.8,-117.85,1.941
5.451,35.0,6.024742268041237,1.045360824742268,1130.0,2.329896907216495,34.17,-118.43,3.418
6.3047,23.0,6.591677503250975,1.0013003901170352,2473.0,3.2158647594278285,33.7,-118.02,2.857
1.9044,18.0,3.879194630872483,1.0447427293064877,783.0,1.751677852348993,38.55,-121.39,1.543
4.125,32.0,6.151282051282052,0.9846153846153848,1199.0,3.0743589743589745,34.2,-118.86,2.646
3.1523,14.0,5.226685796269727,1.0129124820659972,2070.0,2.96987087517934,37.53,-120.84,1.418
2.0074,27.0,4.4,1.0577777777777777,592.0,2.631111111111111,39.15,-123.2,0.962
8.2004,32.0,8.2491961414791,1.0691318327974275,1877.0,3.017684887459807,34.15,-118.05,5.00001
1.4871,27.0,3.9380952380952383,1.138095238095238,1141.0,2.716666666666667,38.03,-121.94,0.871
5.1483,28.0,5.602534562211981,1.0380184331797235,2110.0,2.4308755760368665,37.3,-121.99,3.42
5.6558,38.0,6.154471544715447,1.008130081300813,319.0,2.5934959349593494,37.89,-122.07,2.633
2.4097,19.0,4.950704225352113,1.0023474178403755,1742.0,4.089201877934272,37.92,-121.25,0.66
2.108,52.0,5.24468085106383,0.946808510638298,189.0,2.0106382978723403,38.75,-121.28,0.838
2.7344,35.0,5.735955056179775,1.0617977528089888,953.0,2.676966292134832,37.31,-120.46,0.878
3.1406,33.0,5.039634146341464,1.0182926829268293,814.0,2.481707317073171,37.95,-122.04,1.631
2.6781,33.0,3.9130434782608696,1.1358695652173914,1416.0,1.923913043478261,34.05,-118.35,3.288
2.575,45.0,5.663793103448276,1.1939655172413792,649.0,2.7974137931034484,39.17,-122.9,0.736
5.0452,40.0,5.431623931623932,1.1794871794871795,725.0,3.0982905982905984,33.9,-118.36,2.319
3.25,42.0,3.413114754098361,1.0262295081967212,1396.0,2.2885245901639344,37.35,-121.9,1.853
4.2802,14.0,6.325670498084291,1.0689655172413792,633.0,2.425287356321839,39.04,-121.06,1.948
3.1944,35.0,6.026315789473684,1.0847953216374269,1110.0,3.245614035087719,38.53,-121.41,0.79
4.601,34.0,6.320328542094456,0.9794661190965092,1226.0,2.517453798767967,37.51,-120.83,1.5
5.0286,30.0,6.184375,1.06875,999.0,3.121875,34.89,-120.43,1.58
3.599,18.0,5.707910750507099,1.0933062880324544,1439.0,2.918864097363083,33.74,-117.97,2.62
3.9688,30.0,6.60431654676259,1.1079136690647482,469.0,3.3741007194244603,37.61,-120.8,1.75
2.9286,20.0,4.507142857142857,1.2178571428571427,1819.0,3.248214285714285,32.56,-117.12,2.577
4.9643,34.0,5.059183673469388,1.0020408163265306,1131.0,2.3081632653061224,33.63,-117.92,3.179
3.75,18.0,5.7538644470868014,1.0915576694411415,2755.0,3.2758620689655173,38.5,-122.79,2.483
2.3846,32.0,2.801556420233463,1.034046692607004,3646.0,3.546692607003891,34.08,-118.3,2.583
5.2319,23.0,5.950173812282735,1.0556199304750868,2351.0,2.724217844727694,37.37,-122.04,4.301
2.1429,43.0,3.2742382271468142,1.0969529085872576,1359.0,1.882271468144044,37.8,-122.25,2.5
3.2964,52.0,4.263502454991817,1.1096563011456628,2071.0,3.3895253682487727,37.76,-122.41,2.65
3.8056,11.0,3.988919667590028,1.0318559556786704,1806.0,2.5013850415512464,33.78,-117.94,1.711
4.5208,33.0,5.510548523206751,1.0928270042194093,762.0,3.2151898734177213,37.26,-121.92,2.307
6.1863,16.0,7.317494600431965,1.062634989200864,1249.0,2.697624190064795,33.65,-117.7,3.556
2.5509,26.0,5.245746691871456,1.0897920604914937,2372.0,2.241965973534972,33.18,-117.36,1.818
3.6071,7.0,4.887774594078319,1.0687679083094557,5271.0,2.517191977077364,33.9,-117.49,1.591
3.125,38.0,4.9,1.01,402.0,4.02,34.24,-118.41,1.759
1.7188,26.0,4.93646408839779,1.0055248618784531,1548.0,4.276243093922652,36.98,-120.65,0.495
1.8462,25.0,4.545045045045045,1.108108108108108,994.0,4.4774774774774775,35.95,-119.04,0.558
6.204,19.0,6.56420233463035,0.9844357976653696,893.0,3.4747081712062258,38.24,-122.62,2.018
4.6327,34.0,5.552816901408451,0.9577464788732394,880.0,3.0985915492957745,33.93,-117.44,1.16
4.5795,43.0,5.866666666666666,1.025,651.0,2.7125,34.01,-118.44,4.0
2.0357,30.0,3.2578512396694217,1.0661157024793388,2650.0,4.380165289256198,33.98,-118.22,1.699
6.1986,17.0,6.778225806451613,1.0221774193548387,1520.0,3.064516129032258,34.04,-117.24,2.145
4.0,48.0,5.4485049833887045,1.069767441860465,664.0,2.2059800664451825,34.01,-118.46,5.00001
3.2569,42.0,4.945273631840796,1.0,1239.0,3.082089552238806,34.08,-118.06,2.015
1.3882,15.0,3.9295302013422817,1.1006711409395973,1024.0,3.436241610738255,32.8,-115.56,0.694
3.1613,36.0,4.208728652751423,1.064516129032258,1789.0,3.3946869070208727,33.79,-118.27,1.823
3.1061,19.0,5.490066225165563,1.0706401766004414,1110.0,2.450331125827814,39.76,-121.58,1.102
1.9659,50.0,4.333333333333333,0.9727891156462584,590.0,4.01360544217687,34.06,-117.64,0.857
4.8693,44.0,6.181434599156118,1.042194092827004,817.0,3.4472573839662446,38.02,-122.02,1.569
2.5966,14.0,3.950892857142857,0.9955357142857144,533.0,2.3794642857142856,34.65,-120.46,1.093
4.0301,14.0,4.536612021857923,1.028415300546448,3163.0,3.456830601092896,34.31,-118.44,1.543
3.0469,16.0,5.764227642276423,1.1165311653116532,1104.0,2.991869918699187,39.79,-122.25,0.722
3.0288,19.0,3.373529411764706,1.0529411764705885,1686.0,2.4794117647058824,34.15,-118.23,2.583
3.4402,40.0,4.60381861575179,0.9952267303102624,1780.0,4.248210023866348,33.93,-118.2,1.494
5.5959,30.0,5.78239608801956,1.019559902200489,1053.0,2.574572127139364,34.41,-119.74,3.462
1.9483,16.0,4.21669341894061,0.9839486356340288,1054.0,1.6918138041733548,36.82,-119.72,1.125
3.6346,22.0,6.052132701421801,1.0592417061611374,1147.0,2.7180094786729856,33.19,-117.23,1.925
3.8954,27.0,5.5548523206751055,1.0242616033755274,2432.0,2.5654008438818567,38.67,-121.23,1.33
2.0789,34.0,4.216374269005848,0.9649122807017544,661.0,3.865497076023392,33.94,-118.27,0.924
1.5909,44.0,2.7336244541484715,1.1179039301310043,572.0,2.497816593886463,32.72,-117.17,2.625
1.8382,40.0,3.850152905198777,1.107033639143731,1499.0,4.584097859327217,34.02,-118.26,1.264
3.1917,14.0,6.641592920353983,1.491150442477876,515.0,2.2787610619469025,33.64,-114.57,0.734
4.3235,32.0,4.821138211382114,1.048780487804878,1067.0,2.1686991869918697,37.89,-122.11,2.795
3.9375,52.0,4.688693098384729,1.0102790014684289,2099.0,3.0822320117474304,37.77,-122.46,4.029
2.7667,5.0,4.449197860962567,1.1871657754010696,907.0,2.4251336898395723,33.69,-116.25,0.929
3.125,33.0,7.238095238095238,1.183673469387755,434.0,2.952380952380953,39.15,-122.2,1.08
3.9615,17.0,5.493506493506493,1.0086580086580086,494.0,2.1385281385281387,38.65,-121.52,3.313
4.2019,25.0,3.625441696113074,1.017667844522968,1646.0,5.81625441696113,33.85,-117.93,1.639
2.625,42.0,4.788203753351207,0.9597855227882036,1318.0,3.533512064343164,33.91,-118.27,1.011
2.625,50.0,4.74223602484472,1.049689440993789,728.0,2.260869565217391,32.74,-117.13,2.032
2.3079,12.0,5.672727272727273,1.059090909090909,1532.0,2.3212121212121213,39.83,-121.6,0.953
4.1711,38.0,5.440116845180136,0.9698149951314508,2466.0,2.401168451801363,37.99,-122.57,3.369
4.87,19.0,5.662109375,0.974609375,1356.0,2.6484375,33.03,-117.27,2.209
7.5674,14.0,6.477611940298507,1.1059701492537313,1505.0,2.246268656716418,33.61,-117.85,5.00001
3.5625,27.0,4.0551378446115285,1.0426065162907268,2230.0,2.7944862155388472,37.36,-121.95,2.086
1.4958,31.0,4.5,0.9505208333333334,1167.0,3.0390625,39.09,-121.55,0.534
2.7891,40.0,5.71830985915493,1.0845070422535212,374.0,2.6338028169014085,39.32,-121.65,0.735
4.4529,10.0,6.006167400881057,1.0466960352422907,4163.0,3.66784140969163,38.15,-122.24,1.441
2.5343,39.0,4.216931216931217,1.1375661375661377,1668.0,4.412698412698413,34.09,-118.2,1.382
2.5988,28.0,5.433139534883721,1.183139534883721,1074.0,3.122093023255814,32.58,-117.11,1.356
5.1647,5.0,5.942942942942943,0.9984984984984984,2456.0,3.687687687687688,34.04,-117.5,1.547
4.7965,5.0,5.84015984015984,1.033966033966034,3258.0,3.254745254745255,33.76,-117.54,1.608
1.8317,47.0,5.061420345489443,1.128598848368522,1903.0,3.652591170825336,33.99,-118.3,0.965
7.1997,13.0,19.468,2.872,780.0,3.12,34.28,-117.17,2.538
10.5815,11.0,8.465671641791046,1.1134328358208956,959.0,2.8626865671641792,37.83,-121.94,5.00001
6.4209,52.0,4.737171464330413,1.0112640801001251,1371.0,1.7158948685857325,37.79,-122.44,5.00001
1.9479,50.0,4.82520325203252,1.0609756097560976,907.0,3.686991869918699,37.76,-122.18,0.895
4.445,52.0,5.534591194968553,1.150943396226415,742.0,2.333333333333333,37.77,-122.43,4.0
4.2137,13.0,5.1537242472266245,0.9667194928684628,1915.0,3.03486529318542,38.34,-121.99,1.517
5.3081,12.0,3.686580882352941,1.3216911764705883,1673.0,1.5376838235294117,34.06,-118.25,2.875
5.3131,36.0,5.56734693877551,1.0244897959183674,668.0,2.726530612244898,33.84,-118.33,3.141
2.1513,8.0,8.117845117845118,1.5589225589225588,786.0,2.646464646464646,40.61,-121.67,0.804
5.2327,34.0,4.731182795698925,0.967741935483871,217.0,2.333333333333333,37.35,-121.74,5.00001
2.8139,15.0,5.571932299012694,1.002820874471086,4769.0,3.363187588152327,38.51,-121.42,0.904
3.5902,39.0,5.116316639741519,1.0807754442649435,2789.0,4.505654281098546,33.72,-117.87,1.659
2.2765,30.0,4.021645021645021,1.028860028860029,2647.0,3.81962481962482,34.07,-117.64,0.981
5.1781,3.0,7.107116104868914,1.0614232209737828,4095.0,3.067415730337079,38.39,-121.98,1.919
4.3229,18.0,5.398601398601398,0.951048951048951,825.0,2.8846153846153846,37.75,-121.52,3.273
2.6275,17.0,4.7465753424657535,0.9863013698630136,1501.0,2.5702054794520546,39.18,-123.21,1.421
2.8365,21.0,5.975728155339806,0.9902912621359224,609.0,2.9563106796116503,36.25,-119.32,0.9
3.4679,18.0,3.8483935742971886,1.0602409638554218,2192.0,2.200803212851405,33.73,-117.98,2.197
3.9583,8.0,5.550552251486831,1.0339847068819032,4797.0,4.075615972812234,32.55,-117.09,1.444
4.5875,32.0,6.712418300653595,1.0588235294117647,843.0,2.7549019607843137,38.33,-122.77,2.907
3.2929,27.0,5.068711656441717,1.087116564417178,2002.0,2.456441717791411,36.71,-121.66,1.575
2.6864,30.0,7.15445321307779,1.589627959413754,1769.0,1.9943630214205184,35.44,-120.95,2.836
3.045,36.0,5.140298507462687,1.0537313432835822,1174.0,3.5044776119402985,34.0,-118.09,1.606
2.2442,42.0,4.795258620689655,1.0452586206896552,1544.0,3.327586206896552,34.14,-117.91,1.667
3.7679,10.0,5.313725490196078,0.9915966386554622,1353.0,3.7899159663865545,34.97,-120.45,1.313
3.358,9.0,4.65625,1.09375,297.0,1.85625,38.57,-121.5,0.775
5.8426,26.0,6.400702987697716,0.9789103690685412,1623.0,2.8523725834797893,33.78,-118.04,2.594
2.3304,24.0,4.524390243902439,1.0146341463414634,1520.0,3.707317073170732,36.35,-119.3,0.649
2.59,45.0,5.471111111111111,1.1311111111111112,1587.0,3.526666666666667,37.74,-122.4,2.118
1.6667,13.0,4.015923566878981,1.144904458598726,1381.0,2.199044585987261,40.91,-124.08,0.788
3.6187,34.0,4.412474849094568,1.0321931589537223,1299.0,2.613682092555332,34.22,-118.54,2.116
3.0398,31.0,4.587470449172577,1.074468085106383,1535.0,1.8144208037825056,34.15,-118.4,3.691
3.4817,15.0,5.6280834914611,1.0588235294117647,1687.0,3.2011385199240987,38.02,-121.91,1.298
4.119,32.0,4.651234567901234,0.910493827160494,1326.0,4.092592592592593,34.04,-117.97,1.633
4.725,44.0,5.969945355191257,0.9754098360655736,943.0,2.576502732240437,37.94,-122.08,2.321
4.73,45.0,5.922570016474465,1.0197693574958815,1686.0,2.7775947281713345,34.19,-118.14,2.01
2.4135,27.0,2.258771929824561,0.881578947368421,397.0,1.7412280701754386,34.02,-118.4,1.844
3.3125,42.0,4.890675241157556,1.0289389067524115,1118.0,3.594855305466238,34.18,-118.15,1.549
3.6437,2.0,3.319559228650138,1.2892561983471074,577.0,1.5895316804407713,37.78,-122.43,2.75
1.6172,24.0,4.705357142857143,1.0,270.0,2.4107142857142856,37.7,-120.92,1.563
4.975,10.0,4.70873786407767,1.0800970873786409,763.0,1.851941747572816,34.1,-118.18,1.667
2.6544,12.0,5.958333333333333,1.2916666666666667,517.0,2.154166666666667,38.06,-120.4,1.281
2.1705,10.0,5.03,1.18,228.0,2.28,37.87,-122.3,1.5
5.1765,34.0,6.784172661870503,0.9712230215827338,378.0,2.719424460431654,37.29,-121.92,3.446
3.9464,32.0,4.95952023988006,1.0764617691154423,1803.0,2.7031484257871066,34.13,-118.02,2.736
5.536,13.0,6.119174942704355,1.0435446906035142,3920.0,2.9946524064171123,33.88,-117.64,2.048
2.7321,33.0,5.467637540453074,0.9902912621359224,1565.0,2.5323624595469254,36.3,-119.13,0.765
5.653,25.0,7.043388429752066,1.0185950413223142,1699.0,3.510330578512397,34.27,-118.73,2.258
2.7153,22.0,4.736245954692556,1.0307443365695792,2546.0,4.119741100323624,36.43,-121.32,1.143
3.1573,12.0,4.978303747534516,1.106508875739645,2209.0,2.178500986193294,37.96,-121.98,1.267
3.6845,32.0,4.326388888888889,1.0208333333333333,1516.0,3.509259259259259,34.21,-118.39,1.785
2.6673,25.0,3.192039800995025,1.1054726368159205,2843.0,2.828855721393035,34.13,-118.26,2.181
5.2128,52.0,5.862934362934363,0.996138996138996,1242.0,2.3976833976833976,37.76,-122.23,2.899
5.2831,52.0,5.4909560723514215,0.9870801033591732,930.0,2.4031007751937983,37.33,-121.92,2.995
6.7921,25.0,6.984547461368654,0.9911699779249448,1517.0,3.34878587196468,33.6,-117.67,2.66
1.8214,10.0,5.838983050847458,1.271186440677966,845.0,2.3870056497175143,36.76,-119.85,0.801
4.1985,34.0,4.761862917398946,1.039543057996485,2002.0,1.7592267135325133,37.46,-122.19,5.00001
2.375,17.0,5.690406976744186,1.0784883720930232,1768.0,2.569767441860465,36.02,-119.01,0.798
2.2278,52.0,6.220883534136546,1.104417670682731,604.0,2.42570281124498,39.25,-121.02,1.554
1.2188,37.0,2.8823529411764706,1.088235294117647,194.0,2.8529411764705883,34.13,-118.26,2.188
2.4079,7.0,4.035853468433359,1.0413094310210445,2557.0,1.9929851909586904,40.6,-122.37,1.114
5.2083,36.0,5.079646017699115,0.936283185840708,1371.0,2.426548672566372,34.11,-118.22,2.209
7.2821,27.0,7.760736196319018,1.4386503067484662,594.0,1.822085889570552,32.86,-117.25,5.00001
5.5592,31.0,6.284414106939704,1.0398179749715586,2848.0,3.2400455062571103,37.39,-121.84,2.299
2.4135,36.0,5.364795918367347,0.9948979591836736,1279.0,3.2627551020408165,32.7,-117.08,0.97
8.0838,36.0,7.084935897435898,1.125,1433.0,2.296474358974359,33.8,-118.38,5.00001
2.925,29.0,5.017021276595744,1.048936170212766,1071.0,2.27872340425532,38.54,-121.42,0.943
2.0958,52.0,4.735955056179775,1.0589887640449438,982.0,2.758426966292135,34.0,-118.3,1.164
2.6384,16.0,4.527303754266212,1.0341296928327646,1693.0,2.889078498293516,38.46,-122.75,1.469
7.5,8.0,6.564885496183206,0.9465648854961832,1111.0,2.826972010178117,36.85,-119.88,2.562
3.3427,16.0,3.748995983935743,1.1465863453815262,951.0,1.909638554216868,33.79,-118.29,1.542
3.125,9.0,5.55409219190969,1.0959548447789276,3489.0,3.282220131702728,34.54,-117.32,0.928
5.5423,14.0,6.7779690189328745,1.0783132530120485,3699.0,3.183304647160069,34.15,-117.8,2.487
3.567,52.0,4.550632911392405,1.0253164556962024,1340.0,2.1202531645569622,37.76,-122.25,2.529
2.2254,40.0,3.3452188006482984,1.072933549432739,2140.0,3.46839546191248,34.04,-118.34,1.271
3.2813,45.0,5.934579439252336,1.1308411214953271,598.0,2.794392523364486,36.8,-119.99,1.054
3.15,44.0,5.446376811594203,1.0405797101449274,791.0,2.2927536231884056,38.54,-121.43,1.015
0.9675,36.0,4.7477203647416415,1.209726443768997,1223.0,3.717325227963526,35.37,-118.98,0.471
6.6176,18.0,6.464379947229552,1.0738786279683377,2984.0,3.936675461741425,37.45,-121.9,2.762
3.6848,33.0,4.819875776397516,0.9565217391304348,2288.0,2.8422360248447207,32.74,-117.04,1.407
1.2434,52.0,4.3619047619047615,1.05,1186.0,2.823809523809524,34.02,-118.31,0.984
3.0453,25.0,4.141382868937049,1.132094943240454,2297.0,2.370485036119711,33.79,-118.15,1.859
1.832,39.0,5.115151515151515,0.9757575757575756,535.0,3.242424242424242,39.45,-121.94,0.705
4.9102,37.0,5.070621468926554,0.9774011299435028,1082.0,3.056497175141243,34.2,-118.52,2.072
3.2356,50.0,3.502808988764045,1.026685393258427,958.0,1.345505617977528,37.8,-122.42,5.00001
4.2895,4.0,4.004213483146067,1.1207865168539326,1285.0,1.8047752808988764,37.91,-122.35,1.868
2.1591,32.0,3.737903225806452,1.0080645161290325,970.0,3.911290322580645,33.97,-118.15,1.815
4.9968,35.0,6.1562115621156215,1.0430504305043051,2112.0,2.5977859778597785,34.17,-117.97,2.95
2.621,28.0,4.790152403282533,1.0211019929660023,1973.0,2.313012895662368,34.1,-117.76,2.022
3.6639,25.0,5.126482213438735,1.1172595520421609,1848.0,2.4347826086956523,34.12,-118.06,2.481
4.9432,10.0,6.89873417721519,1.0379746835443038,470.0,2.9746835443037973,36.35,-119.67,1.188
5.2049,37.0,5.090196078431372,0.9490196078431372,750.0,2.9411764705882355,34.12,-118.22,2.408
7.8772,52.0,8.282548476454293,1.049861495844875,947.0,2.623268698060942,37.83,-122.23,5.00001
2.15,37.0,3.75320970042796,1.0470756062767477,3228.0,4.604850213980028,34.02,-118.18,1.322
1.6875,52.0,3.0892857142857144,1.1403061224489797,1102.0,2.811224489795918,36.91,-121.75,1.614
3.5333,36.0,5.185483870967742,0.9758064516129032,788.0,3.177419354838709,34.21,-118.56,1.968
1.7159,49.0,4.491735537190083,0.993801652892562,1861.0,3.8450413223140494,33.99,-118.28,0.95
7.0059,39.0,6.681592039800995,1.037313432835821,1094.0,2.7213930348258706,34.22,-118.22,5.00001
3.1795,32.0,4.889830508474576,1.0084745762711864,1509.0,2.557627118644068,33.93,-117.42,1.256
4.174,26.0,4.465433300876339,1.01460564751704,3680.0,3.583252190847128,33.82,-118.28,2.051
6.1805,18.0,5.876388888888889,1.011111111111111,2030.0,2.8194444444444446,32.86,-117.19,2.724
4.1302,30.0,5.502183406113537,0.9694323144104804,638.0,2.7860262008733625,34.22,-118.35,2.583
6.2575,15.0,7.35546875,0.9921875,893.0,3.48828125,38.39,-121.37,1.435
7.8252,10.0,8.437611408199643,1.052584670231729,3819.0,3.403743315508021,34.16,-117.59,3.614
1.3092,5.0,3.295663600525624,1.0867279894875164,2066.0,2.7148488830486204,32.71,-117.16,3.25
3.129,48.0,4.144736842105263,1.064327485380117,1674.0,2.4473684210526314,37.78,-122.48,3.75
4.5882,8.0,26.366197183098592,3.95774647887324,203.0,2.859154929577465,39.35,-120.22,1.984
5.6975,48.0,5.861878453038674,1.0635359116022098,926.0,2.5580110497237567,34.18,-118.33,2.314
1.6667,30.0,5.265217391304348,1.2565217391304349,611.0,2.6565217391304348,34.83,-116.96,0.447
3.5625,38.0,9.753554502369669,2.248815165876777,1196.0,2.834123222748816,34.24,-117.3,0.965
5.6345,35.0,5.47008547008547,0.9423076923076924,1428.0,3.051282051282051,34.22,-118.58,2.282
1.2634,28.0,3.272727272727273,0.9795454545454544,2178.0,4.95,36.34,-119.29,0.506
7.9029,37.0,6.247572815533981,0.9563106796116504,510.0,2.4757281553398056,37.45,-122.13,5.00001
2.3125,38.0,4.45,0.95,196.0,3.2666666666666666,39.12,-123.19,0.7
3.4833,23.0,4.259933774834437,1.1390728476821192,1478.0,2.447019867549669,33.79,-118.14,2.094
3.5938,35.0,5.951742627345845,1.0402144772117965,906.0,2.428954423592493,35.38,-118.95,0.952
1.494,45.0,1.768025078369906,1.1065830721003134,1172.0,3.6739811912225706,34.06,-118.27,1.875
2.5809,52.0,4.700280112044818,1.0812324929971988,1220.0,3.417366946778712,37.75,-122.41,2.553
6.0516,29.0,6.9581395348837205,1.3116279069767445,463.0,2.153488372093024,33.63,-117.95,5.00001
10.1714,6.0,8.305343511450381,1.0882103477523324,3744.0,3.175572519083969,33.78,-117.78,4.815
3.6025,15.0,5.121304791029561,1.0112130479102956,3208.0,3.27013251783894,34.08,-117.44,1.164
3.8147,19.0,5.024813895781637,1.0272952853598014,1663.0,4.126550868486352,33.14,-117.2,1.392
5.7535,18.0,5.281012658227848,1.020253164556962,3226.0,4.083544303797468,37.66,-122.47,2.979
2.7562,18.0,4.873479318734793,0.9683698296836984,1333.0,3.24330900243309,37.44,-120.76,0.905
3.9732,28.0,4.6524663677130045,1.0381165919282511,1216.0,2.726457399103139,33.86,-118.35,2.815
4.2826,4.0,5.979665071770335,1.1208133971291867,3925.0,2.347488038277512,33.17,-117.24,2.375
3.5817,30.0,4.982309124767226,1.0558659217877095,2558.0,2.381750465549348,37.6,-122.4,3.693
7.2025,9.0,6.324675324675325,1.0285714285714285,1194.0,3.101298701298701,33.67,-117.81,2.75
1.275,23.0,4.541114058355437,1.0689655172413792,1370.0,3.6339522546419096,32.79,-115.54,0.604
3.4519,36.0,4.463302752293578,1.0137614678899085,1086.0,4.981651376146789,34.26,-118.42,1.433
3.663,5.0,5.158536585365853,1.2134146341463414,814.0,2.481707317073171,37.72,-122.17,1.583
4.0208,36.0,5.027027027027027,1.0574324324324325,1221.0,4.125,34.24,-118.43,1.714
3.7578,24.0,5.061538461538461,0.9576923076923076,781.0,3.003846153846154,36.8,-119.73,0.692
3.7321,33.0,5.616438356164384,1.0136986301369864,2580.0,3.5342465753424657,34.07,-117.72,1.342
6.6345,52.0,5.603092783505154,0.8556701030927835,650.0,3.350515463917526,37.34,-121.87,3.09
3.1326,17.0,3.833457804331591,1.0268857356235996,3386.0,2.5287528005974607,37.54,-121.98,2.208
3.0536,49.0,3.66530612244898,0.9959183673469388,779.0,3.179591836734694,37.78,-122.21,1.375
6.2778,36.0,6.169960474308301,0.9960474308300395,740.0,2.924901185770751,33.84,-118.34,3.097
3.0902,26.0,4.168042010502625,1.048762190547637,4545.0,3.40960240060015,33.77,-117.91,1.904
1.5174,43.0,4.609004739336493,0.9786729857819904,1492.0,3.5355450236966823,36.76,-119.77,0.546
3.4375,45.0,4.205333333333333,1.1226666666666667,1042.0,2.7786666666666666,34.02,-118.39,3.145
2.4808,27.0,4.017316017316017,1.0432900432900434,2028.0,2.9264069264069263,37.63,-122.07,1.576
1.6033,44.0,4.951289398280802,1.0515759312320916,1042.0,2.98567335243553,38.64,-121.42,0.585
3.2464,26.0,5.496774193548387,1.0161290322580645,918.0,2.9612903225806453,35.26,-120.68,2.08
2.1905,52.0,3.4619565217391304,1.1358695652173914,1655.0,4.497282608695652,34.03,-118.25,1.24
2.7983,16.0,5.77725674091442,1.1254396248534584,2132.0,2.499413833528722,33.72,-117.07,1.125
4.0,49.0,4.361702127659575,0.9787234042553192,1008.0,3.0638297872340425,37.73,-122.43,2.64
1.0685,46.0,3.6322314049586777,1.0557851239669422,1094.0,2.260330578512397,38.61,-121.45,0.7
4.9803,29.0,5.33378196500673,1.0390309555854644,2104.0,2.831763122476447,33.83,-118.01,2.086
2.1827,26.0,4.521428571428571,0.9214285714285714,305.0,2.1785714285714284,40.05,-122.1,0.727
3.6477,28.0,4.928363988383349,1.0396902226524685,4753.0,4.601161665053243,33.82,-118.26,1.174
2.0978,52.0,4.215189873417722,1.0607594936708862,946.0,2.39493670886076,37.83,-122.26,1.554
2.9728,36.0,4.299465240641712,0.997326203208556,1217.0,3.2540106951871657,34.18,-118.37,1.902
5.738,33.0,5.984615384615385,1.1,258.0,1.984615384615385,34.14,-118.41,4.976
3.1821,9.0,5.675156174915906,1.0480538202787122,6716.0,3.2272945699183087,34.44,-117.35,0.956
4.0693,16.0,5.536585365853658,1.0208034433285509,4383.0,3.144189383070301,32.86,-116.98,1.464
2.5875,44.0,4.66546762589928,1.10431654676259,776.0,2.79136690647482,35.05,-118.16,0.689
2.425,16.0,5.08,1.1866666666666668,182.0,2.4266666666666667,33.86,-116.08,0.761
2.0625,22.0,3.9614093959731536,1.0369127516778522,1472.0,2.469798657718121,33.2,-117.25,1.245
4.7283,11.0,5.421348314606742,0.9812734082397004,1633.0,3.0580524344569286,38.44,-122.76,1.702
2.2017,32.0,3.797860962566845,1.1090909090909091,1731.0,1.851336898395722,32.75,-117.25,2.083
2.2866,19.0,4.143884892086331,1.0287769784172662,2010.0,3.615107913669065,32.7,-117.03,1.099
3.8864,42.0,6.2264808362369335,1.0313588850174216,921.0,3.2090592334494774,37.61,-121.09,1.714
2.1862,36.0,3.8020833333333335,0.9979166666666668,2097.0,4.36875,34.04,-118.21,1.353
4.8684,44.0,6.120253164556962,1.0284810126582278,783.0,2.4778481012658227,32.73,-117.28,3.586
4.6528,47.0,4.335820895522388,0.8768656716417911,781.0,2.914179104477612,34.13,-118.23,2.444
2.3333,27.0,4.766666666666667,1.1333333333333333,179.0,1.988888888888889,37.99,-121.26,0.875
2.8636,24.0,3.872,0.96,631.0,2.524,37.25,-121.88,2.403
3.0972,34.0,6.452914798206278,1.1345291479820627,607.0,2.721973094170404,36.31,-119.29,0.828
2.63,29.0,3.496212121212121,1.003787878787879,2576.0,4.878787878787879,33.97,-118.14,1.56
3.3715,52.0,3.843388960205392,1.0539152759948651,1240.0,1.5917843388960204,37.8,-122.43,5.0
3.9196,25.0,7.214477211796247,1.6032171581769437,964.0,2.584450402144772,39.18,-120.87,1.427
2.6136,35.0,4.598159509202454,1.0429447852760736,1141.0,3.5,33.82,-118.3,2.136
10.2292,26.0,8.043754972155927,1.030230708035004,3599.0,2.8631662688941923,34.15,-118.54,5.00001
3.5179,16.0,3.64765784114053,1.054989816700611,1006.0,2.0488798370672097,32.79,-117.11,1.293
2.5658,29.0,3.422993492407809,0.9978308026030368,1236.0,2.6811279826464207,32.64,-117.1,1.347
4.2386,34.0,6.072,1.066,1366.0,2.732,37.67,-122.14,1.923
3.7569,42.0,4.896373056994818,1.0,460.0,2.383419689119171,38.61,-121.37,1.271
5.6732,43.0,5.907090464547677,1.1100244498777505,1028.0,2.513447432762836,33.96,-118.4,3.307
3.4605,52.0,4.838235294117647,0.9963235294117648,1364.0,2.5073529411764706,37.78,-122.46,4.417
4.0208,36.0,5.453551912568306,0.9726775956284152,531.0,2.901639344262295,37.71,-122.15,1.915
3.6292,8.0,5.593659942363113,1.0605187319884726,2864.0,2.751200768491835,38.45,-122.76,1.836
3.7917,40.0,4.959798994974874,1.030150753768844,1039.0,2.610552763819096,38.24,-122.64,1.516
3.7109,35.0,4.912332838038633,1.0104011887072808,1742.0,2.588410104011887,33.95,-117.39,1.091
2.4537,10.0,5.583333333333333,0.9839743589743588,721.0,2.310897435897436,39.8,-121.6,1.179
6.1563,13.0,6.3392070484581495,1.0440528634361232,557.0,2.4537444933920707,35.44,-118.93,2.042
10.4835,30.0,7.618556701030927,0.9759450171821306,851.0,2.924398625429553,33.95,-117.99,4.986
10.9529,17.0,8.609958506224066,1.0871369294605808,704.0,2.921161825726141,32.83,-117.25,5.00001
2.4107,38.0,5.36231884057971,1.181159420289855,332.0,2.4057971014492754,34.15,-117.3,0.88
4.4211,41.0,5.656903765690377,1.165271966527197,1047.0,2.190376569037657,34.01,-118.47,4.629
2.8274,43.0,4.080733944954129,1.0091743119266054,1598.0,2.932110091743119,33.99,-118.33,1.225
2.7014,43.0,5.113095238095238,1.0238095238095235,826.0,2.458333333333333,32.75,-117.05,1.337
2.7411,27.0,4.402366863905326,1.2662721893491125,295.0,1.7455621301775148,37.89,-122.13,3.5
4.5625,46.0,4.845138055222089,1.027611044417767,1872.0,2.247298919567827,37.97,-122.59,2.752
2.1383,30.0,4.997549019607843,1.0866013071895424,2768.0,2.261437908496732,36.78,-119.76,0.788
4.1141,36.0,6.955719557195572,1.132841328413284,853.0,3.1476014760147604,37.64,-122.09,1.731
3.0833,33.0,4.25107296137339,1.03862660944206,1665.0,3.572961373390558,34.21,-118.38,1.791
4.9,42.0,5.929765886287625,1.2040133779264215,815.0,2.725752508361204,33.83,-118.19,4.063
3.575,52.0,4.695652173913044,1.0347826086956522,1181.0,2.053913043478261,37.75,-122.43,3.968
2.5833,37.0,4.158536585365853,0.9829268292682928,1839.0,4.485365853658537,33.92,-118.21,1.327
7.5839,13.0,8.268907563025211,1.0672268907563025,364.0,3.0588235294117645,33.95,-117.75,4.269
5.2861,6.0,6.435957696827262,1.034077555816686,8222.0,3.220524872698786,33.85,-117.58,1.951
4.087,26.0,5.651376146788991,1.036697247706422,1952.0,5.969418960244648,37.34,-121.83,1.825
2.6673,38.0,5.042462845010616,1.048832271762208,1167.0,2.477707006369427,37.99,-121.3,0.875
2.625,31.0,4.416666666666667,0.9345238095238096,1163.0,3.461309523809524,37.96,-121.22,0.721
3.8846,39.0,4.830115830115831,1.054054054054054,1849.0,3.5694980694980694,33.9,-118.07,1.641
1.7425,43.0,3.3582089552238807,1.0127931769722816,1980.0,4.221748400852879,34.01,-118.25,1.005
4.3194,40.0,4.73404255319149,0.99645390070922,804.0,2.851063829787234,33.92,-118.15,1.984
2.775,24.0,3.100742311770944,1.0742311770943795,1492.0,1.5821845174973488,34.02,-118.5,2.917
2.1903,52.0,4.27683615819209,0.9830508474576272,767.0,2.1666666666666665,38.62,-122.87,1.6
4.6827,19.0,5.103286384976526,1.0657276995305165,998.0,2.3427230046948355,37.26,-121.97,2.551
2.0893,41.0,3.369565217391304,0.9420289855072465,349.0,2.528985507246377,34.06,-117.65,1.125
2.5043,41.0,5.465217391304348,1.1782608695652177,828.0,3.6,37.75,-122.17,0.923
2.2366,23.0,3.4433497536945814,0.955665024630542,1112.0,2.738916256157636,38.29,-122.28,1.402
4.3148,25.0,5.310107948969578,0.9793915603532876,2243.0,2.201177625122669,34.12,-117.75,2.407
3.0472,26.0,3.5754527162977867,1.1167002012072436,1966.0,3.955734406438632,37.47,-122.21,2.11
4.7375,45.0,5.2661498708010335,1.0180878552971575,1086.0,2.806201550387597,33.94,-118.41,2.896
1.1912,32.0,6.356164383561644,1.6164383561643836,703.0,2.4075342465753424,38.97,-122.65,0.6
8.0595,17.0,8.18840579710145,1.0579710144927537,1052.0,3.0492753623188404,37.22,-121.87,4.85
2.0547,34.0,3.1375212224108657,1.132427843803056,1351.0,2.293718166383701,34.06,-118.31,4.1
2.2422,30.0,3.286052009456265,1.0803782505910164,1460.0,3.451536643026005,34.08,-118.31,2.545
7.8383,52.0,7.726351351351352,0.9966216216216216,829.0,2.800675675675676,34.17,-118.27,5.00001
3.4013,52.0,4.613157894736842,1.0,982.0,2.5842105263157893,38.61,-122.86,1.833
5.6817,20.0,4.936127744510978,0.9500998003992016,2228.0,4.447105788423154,37.32,-121.8,2.242
3.0,13.0,6.177285318559557,1.2271468144044322,920.0,2.548476454293629,37.49,-119.9,1.12
4.5526,28.0,5.784256559766764,0.912536443148688,1099.0,3.204081632653061,34.02,-118.09,2.502
3.4712,40.0,4.798561151079137,0.9928057553956836,1226.0,4.410071942446043,33.93,-118.19,1.443
2.8846,49.0,3.857142857142857,1.0514285714285714,707.0,2.02,37.87,-122.27,2.113
4.1713,23.0,6.356060606060606,1.0416666666666667,1227.0,4.6477272727272725,33.26,-117.3,1.338
1.6607,20.0,4.625,0.9847560975609756,1287.0,3.923780487804878,38.64,-121.46,0.67
4.1708,33.0,4.664179104477612,1.0298507462686568,866.0,3.2313432835820897,33.89,-118.14,1.75
1.9236,37.0,3.710227272727273,1.0,827.0,4.698863636363637,37.38,-120.73,0.644
1.6767,26.0,5.720779220779221,1.3571428571428572,855.0,2.7759740259740258,37.64,-120.9,0.813
3.6827,34.0,5.197508896797153,1.1405693950177935,1541.0,2.7419928825622777,34.12,-118.08,2.641
4.0214,16.0,4.345273631840796,1.155223880597015,2164.0,2.153233830845771,33.75,-117.84,1.395
4.119,32.0,4.651234567901234,0.910493827160494,1326.0,4.092592592592593,34.04,-117.97,1.633
4.1731,36.0,5.491803278688525,0.9057377049180328,848.0,3.4754098360655736,34.05,-117.93,2.051
3.5865,52.0,3.731034482758621,1.0827586206896551,240.0,1.6551724137931034,36.62,-121.91,2.9
5.3913,46.0,4.785992217898833,0.9610894941634242,895.0,3.482490272373541,37.71,-122.44,2.489
1.7297,16.0,3.89727463312369,0.9979035639412998,1994.0,4.180293501048218,33.67,-116.19,0.675
2.6218,49.0,4.291245791245792,1.0606060606060606,1539.0,2.590909090909091,34.08,-118.31,3.509
4.7622,12.0,6.672645739910314,1.1345291479820627,675.0,3.0269058295964126,36.82,-119.86,0.893
5.7951,24.0,6.63575042158516,1.053962900505902,1912.0,3.224283305227656,33.89,-117.84,2.269
10.0263,52.0,9.625,1.75,37.0,2.3125,35.42,-119.11,2.0
3.1768,30.0,5.468048359240069,1.0483592400690849,1857.0,3.2072538860103625,38.51,-121.49,0.795
5.5519,35.0,6.416256157635468,1.0098522167487685,1110.0,2.733990147783252,36.6,-121.91,3.295
8.2954,37.0,6.606606606606607,1.0435435435435436,1521.0,2.283783783783784,34.13,-118.43,5.00001
2.7472,22.0,4.265415549597855,1.1018766756032172,2661.0,3.567024128686327,34.31,-118.44,1.601
4.918,36.0,6.169491525423729,1.0610169491525423,899.0,3.047457627118644,33.83,-118.11,2.252
1.9937,21.0,3.6866485013623977,1.0354223433242506,1688.0,4.599455040871935,34.07,-118.2,1.396
4.0526,44.0,5.724919093851133,1.0744336569579287,828.0,2.679611650485437,37.94,-122.33,1.508
15.0001,42.0,8.5625,0.9642857142857144,632.0,2.821428571428572,34.05,-118.49,5.00001
3.8073,14.0,5.111111111111111,1.0956072351421189,1085.0,2.803617571059432,32.82,-116.91,1.701
4.445,52.0,5.534591194968553,1.150943396226415,742.0,2.333333333333333,37.77,-122.43,4.0
4.25,27.0,4.775665399239544,1.0,3033.0,5.766159695817491,37.34,-121.84,1.629
3.055,6.0,5.528,1.0346666666666666,826.0,2.2026666666666666,38.52,-122.76,2.241
2.4828,25.0,4.085653104925053,1.0985010706638116,956.0,2.04710920770878,32.75,-117.14,1.333
1.1638,35.0,4.558011049723757,0.988950276243094,670.0,3.701657458563536,35.37,-118.98,0.579
3.9286,30.0,5.732876712328767,1.0171232876712328,756.0,2.589041095890411,38.43,-121.81,1.331
3.1733,19.0,3.599260172626387,1.0567200986436498,1866.0,2.300863131935881,34.16,-118.26,2.063
5.6271,44.0,6.262780269058296,1.0143497757847533,2818.0,2.527354260089686,37.5,-122.26,3.748
5.2591,16.0,6.04119850187266,0.9176029962546816,811.0,3.0374531835206,34.14,-117.21,1.407
5.3806,17.0,7.6970610399397135,1.1974378296910324,3409.0,2.568952524491334,34.24,-119.09,4.521
3.75,27.0,4.13768115942029,1.1107660455486543,1901.0,1.9679089026915115,37.77,-122.28,2.428
3.1827,41.0,5.261904761904762,1.0809523809523809,443.0,2.1095238095238096,38.56,-121.43,1.317
1.473,35.0,3.069767441860465,1.0734883720930233,3120.0,2.902325581395349,37.33,-121.88,2.136
7.218,29.0,6.594230769230769,1.0076923076923077,1518.0,2.919230769230769,37.3,-122.0,4.007
3.5109,29.0,4.865800865800866,1.0389610389610389,1770.0,2.554112554112554,33.2,-117.23,1.66
3.125,52.0,6.13103448275862,1.1172413793103448,273.0,1.8827586206896552,38.56,-121.47,0.856
5.5111,9.0,6.536656891495602,1.0410557184750733,788.0,2.310850439882698,38.77,-120.93,1.963
1.023,20.0,4.194762684124386,1.0769230769230769,1363.0,2.230769230769231,39.92,-122.19,0.542
5.6683,24.0,6.080882352941177,1.0073529411764706,1891.0,3.4761029411764706,37.41,-121.87,2.487
3.0042,18.0,5.201453790238837,1.150571131879543,2948.0,3.0612668743509865,34.06,-117.25,1.065
3.6667,3.0,3.104575163398693,1.0130718954248366,236.0,1.542483660130719,33.98,-118.42,4.5
2.517,30.0,4.498759305210919,1.034739454094293,1577.0,1.956575682382134,38.63,-121.4,1.304
4.2159,18.0,5.705555555555556,1.1444444444444444,436.0,2.422222222222222,33.65,-117.98,2.113
4.9968,35.0,6.1562115621156215,1.0430504305043051,2112.0,2.5977859778597785,34.17,-117.97,2.95
5.9199,25.0,5.786666666666667,0.9866666666666668,199.0,2.6533333333333333,34.16,-118.21,4.205
7.1882,27.0,7.58235294117647,0.923529411764706,976.0,2.8705882352941177,33.77,-117.82,3.592
2.0357,32.0,4.51063829787234,1.1648936170212767,1639.0,4.35904255319149,33.89,-118.19,1.073
4.5132,27.0,5.492505353319058,1.025695931477516,1227.0,2.627408993576017,38.38,-122.82,2.599
2.8636,24.0,3.872,0.96,631.0,2.524,37.25,-121.88,2.403
8.4888,30.0,5.954113924050633,1.134493670886076,1292.0,2.0443037974683542,37.9,-122.45,5.00001
4.5066,16.0,5.420618556701031,1.0123711340206183,1265.0,2.6082474226804124,38.56,-121.35,1.402
4.0651,33.0,3.781212841854935,1.028537455410226,1347.0,1.6016646848989298,34.09,-118.37,5.00001
3.7635,14.0,5.401898734177215,1.268987341772152,1236.0,1.9556962025316456,35.19,-120.81,3.362
7.8588,34.0,7.176678445229682,1.0547703180212014,1525.0,2.6943462897526502,34.17,-118.07,4.548
2.52,24.0,4.088888888888889,1.055072463768116,2688.0,2.597101449275362,33.88,-118.15,1.46
8.1596,36.0,6.950980392156863,1.026143790849673,807.0,2.6372549019607843,33.89,-118.4,5.00001
4.6635,35.0,5.193333333333333,0.9533333333333334,371.0,2.473333333333333,34.25,-118.27,2.301
3.5242,33.0,5.125641025641026,0.9435897435897436,1061.0,2.7205128205128206,37.75,-121.42,1.214
2.0286,32.0,3.684210526315789,1.1169590643274854,1434.0,4.192982456140351,34.29,-118.44,1.229
3.725,30.0,5.404166666666667,0.9958333333333332,1419.0,2.95625,35.38,-118.95,0.831
3.1167,39.0,4.659574468085107,1.0611702127659577,1071.0,2.848404255319149,37.78,-122.2,1.216
1.8446,25.0,4.8359375,1.037109375,1589.0,1.5517578125,33.74,-116.98,0.857
4.8966,45.0,6.176646706586826,1.0419161676646709,1722.0,2.5778443113772456,37.48,-122.24,3.621
2.6316,46.0,6.229508196721311,1.3442622950819672,807.0,2.2049180327868854,38.5,-122.94,1.17
4.775,35.0,5.073558648111332,1.083499005964215,1850.0,3.677932405566601,34.24,-118.4,1.795
3.8307,33.0,5.728440366972477,1.062385321100917,1733.0,3.179816513761468,35.38,-118.92,0.706
3.512,16.0,3.762287334593573,1.0756143667296787,5014.0,2.369565217391304,33.67,-117.91,2.184
3.436,37.0,5.516826923076923,1.0300480769230769,2920.0,3.5096153846153846,38.08,-122.22,0.948
1.2841,43.0,4.644230769230769,1.2259615384615383,857.0,4.120192307692308,32.71,-117.14,0.72
4.0347,34.0,5.311015118790497,1.0561555075593954,1139.0,2.4600431965442766,34.16,-118.43,3.536
15.0001,46.0,6.0,0.8,13.0,2.6,37.5,-122.14,5.00001
5.3508,25.0,5.39493670886076,1.0379746835443038,1132.0,2.8658227848101268,37.31,-122.03,4.091
2.02,22.0,3.933085501858736,1.308550185873606,851.0,3.163568773234201,38.95,-119.95,0.875
6.0074,16.0,6.862704918032787,1.1147540983606556,2003.0,4.104508196721311,37.58,-122.08,2.365
4.2727,46.0,5.837349397590361,1.0271084337349397,768.0,2.3132530120481927,37.8,-122.19,2.469
2.0134,35.0,3.81728045325779,1.0594900849858355,2935.0,4.157223796033994,33.91,-118.19,1.324
2.7797,15.0,5.343520782396088,1.1100244498777505,1842.0,2.251833740831296,38.66,-121.33,1.055
2.85,22.0,4.743354720439964,1.1118240146654446,2804.0,2.5701191567369386,37.95,-122.05,1.446
2.5417,30.0,5.086021505376344,1.1720430107526882,242.0,2.6021505376344085,38.01,-120.37,1.232
4.0658,44.0,4.523456790123457,0.9901234567901236,1056.0,2.607407407407408,33.87,-118.18,1.751
3.2024,40.0,5.373068432671082,1.0529801324503312,1646.0,3.6335540838852096,33.93,-118.3,1.28
6.7694,16.0,6.28968253968254,1.0674603174603174,1829.0,2.4193121693121693,32.94,-117.25,4.259
0.8172,52.0,6.102459016393443,1.3729508196721312,728.0,2.9836065573770494,37.82,-122.28,0.853
6.1168,27.0,5.712837837837838,0.9763513513513512,807.0,2.726351351351352,37.97,-121.97,2.105
2.5938,18.0,4.470588235294118,1.0565167243367934,2386.0,2.7520184544406,38.34,-121.98,1.295
3.3869,40.0,3.622950819672131,1.0163934426229508,1930.0,4.519906323185012,33.99,-118.19,1.573
4.0878,22.0,5.046747967479675,1.0731707317073171,1478.0,3.0040650406504064,38.32,-122.32,1.644
2.4671,30.0,4.386727688787185,1.05720823798627,828.0,1.894736842105263,32.8,-117.24,2.763
3.5179,15.0,6.145833333333333,1.1412037037037035,1200.0,2.7777777777777777,39.33,-121.4,1.072
4.2232,33.0,6.1896955503512885,1.0866510538641687,1015.0,2.377049180327869,37.46,-122.23,3.637
4.2039,11.0,6.7539267015706805,1.031413612565445,881.0,4.612565445026178,37.19,-121.74,5.00001
3.0804,35.0,4.528239202657807,1.0033222591362123,1786.0,5.933554817275748,37.75,-122.45,3.134
5.7309,36.0,4.938053097345133,0.8805309734513275,662.0,2.9292035398230087,37.64,-122.08,1.779
2.9571,18.0,4.968790637191157,1.033810143042913,2831.0,3.681404421326398,33.77,-118.3,3.462
4.6076,6.0,4.665773011617516,1.0875781948168006,2597.0,2.320822162645219,33.66,-117.64,2.04
3.6736,23.0,5.556574923547401,0.9877675840978594,1371.0,4.192660550458716,32.57,-117.09,1.395
2.7339,28.0,4.057239057239057,1.037037037037037,2399.0,4.038720538720539,33.9,-118.16,1.567
5.6346,36.0,6.154205607476635,1.0654205607476634,531.0,2.481308411214953,33.72,-117.6,2.725
3.7896,18.0,5.936031331592689,1.010443864229765,2269.0,2.962140992167102,40.52,-122.37,0.981
1.4375,52.0,4.0,1.296,456.0,1.824,38.58,-121.49,1.688
3.95,22.0,6.894736842105263,1.0175438596491229,134.0,2.3508771929824563,38.12,-121.23,1.781
4.125,35.0,6.317204301075269,1.0268817204301075,568.0,3.053763440860215,33.85,-117.96,1.892
3.6563,40.0,4.405194805194805,0.9662337662337662,835.0,2.168831168831169,34.17,-118.39,2.224
6.0743,3.0,6.577235772357724,1.08130081300813,710.0,2.886178861788618,33.55,-117.69,2.743
4.1167,18.0,5.466666666666667,1.1333333333333333,391.0,6.516666666666667,33.73,-117.74,0.875
4.225,34.0,4.635311143270623,0.9450072358900145,2072.0,2.9985528219971056,33.83,-118.03,1.984
4.5096,36.0,5.627403846153846,1.0805288461538465,2143.0,2.5757211538461537,37.03,-122.08,2.037
2.0227,20.0,7.552486187845304,1.569060773480663,429.0,2.3701657458563536,41.82,-120.48,0.475
3.6667,52.0,4.863636363636363,1.0478468899521531,2198.0,5.258373205741627,37.78,-122.45,4.184
3.4643,46.0,5.26875,0.946875,870.0,2.71875,33.96,-118.31,1.363
5.0719,37.0,5.684873949579832,0.9705882352941176,1331.0,2.796218487394958,33.84,-118.12,2.2
3.7672,19.0,5.215170278637771,1.041795665634675,1834.0,2.8390092879256965,35.5,-120.68,1.738
1.9342,32.0,4.89957264957265,0.9957264957264956,1538.0,3.286324786324786,36.39,-119.31,0.686
3.7361,35.0,5.734848484848484,1.143939393939394,474.0,3.590909090909091,33.93,-118.16,1.798
5.0384,35.0,6.228070175438597,1.0292397660818713,574.0,3.3567251461988303,33.89,-118.0,2.008
1.1471,14.0,6.44131455399061,1.812206572769953,436.0,2.0469483568075115,36.0,-116.22,0.329
3.2625,18.0,6.151943462897527,2.127208480565371,508.0,1.795053003533569,32.79,-117.24,1.938
4.6187,6.0,5.98639455782313,0.9650145772594751,2997.0,2.912536443148688,33.25,-117.25,2.05
5.5785,17.0,6.2,1.2297872340425533,591.0,2.514893617021277,37.15,-122.18,2.841
3.2778,41.0,4.5,1.0035971223021585,1053.0,3.787769784172662,33.8,-118.21,1.508
1.3844,29.0,3.4564643799472297,0.9604221635883904,1009.0,2.662269129287599,37.78,-122.43,1.775
2.0524,31.0,3.602094240837696,1.068062827225131,2461.0,4.294938917975567,33.97,-118.14,1.608
10.0346,28.0,8.134038800705467,1.072310405643739,1686.0,2.973544973544973,37.36,-122.07,5.00001
5.5843,31.0,5.203240058910162,1.0736377025036818,1647.0,2.425625920471281,33.85,-118.38,3.846
3.86,23.0,5.518927444794953,1.138801261829653,1480.0,2.334384858044164,33.47,-117.69,3.0
4.375,36.0,4.803418803418803,0.9273504273504274,707.0,3.0213675213675213,33.93,-118.1,1.745
3.0433,21.0,5.23208722741433,1.0545171339563864,1908.0,2.97196261682243,39.45,-123.64,1.407
4.1071,29.0,4.871254162042176,0.9689234184239732,2069.0,2.2963374028856824,33.79,-118.33,3.656
4.8929,36.0,5.0,1.0790513833992097,1052.0,4.158102766798419,33.97,-118.07,1.562
3.65,22.0,5.531481481481482,1.0425925925925923,1420.0,2.6296296296296298,37.96,-121.98,2.041
2.6149,10.0,5.599269183922046,1.2289890377588306,2227.0,2.712545676004872,34.86,-118.15,0.835
6.5861,26.0,5.954206602768903,0.9946751863684772,2824.0,3.007454739084132,33.82,-118.33,4.178
2.9293,38.0,4.3344120819848975,1.063646170442287,3702.0,3.993527508090615,33.89,-118.19,1.136
2.1866,29.0,2.633093525179856,1.0359712230215827,691.0,2.485611510791367,34.1,-118.33,2.5
2.575,39.0,3.591203104786546,1.0866752910737387,2546.0,3.2936610608020698,34.16,-118.14,1.535
3.3281,32.0,5.067901234567901,0.9629629629629628,1261.0,2.594650205761317,36.79,-119.76,0.751
3.4698,31.0,5.390243902439025,1.1986062717770034,956.0,3.3310104529616726,33.9,-118.35,2.25
2.5544,8.0,2.996978851963746,1.187311178247734,694.0,2.096676737160121,33.78,-118.19,1.625
1.8485,48.0,4.754385964912281,1.3157894736842106,571.0,5.008771929824562,34.02,-118.24,0.906
2.0227,44.0,5.102325581395349,1.1116279069767443,609.0,2.832558139534884,37.74,-122.16,1.031
4.0417,31.0,5.421841541755889,1.025695931477516,1396.0,2.989293361884368,38.67,-121.32,1.145
3.8247,33.0,4.827160493827161,1.034567901234568,2097.0,2.588888888888889,34.21,-118.55,2.087
4.1563,26.0,5.684426229508197,0.9262295081967212,807.0,3.307377049180328,38.67,-121.31,1.357
4.9355,34.0,6.5625,1.0791666666666666,1392.0,2.9,34.25,-118.25,3.369
3.1204,52.0,4.051764705882353,1.0541176470588236,1122.0,2.64,34.09,-118.16,2.24
4.1083,35.0,5.97265625,1.3203125,688.0,2.6875,34.28,-117.53,1.08
2.6765,52.0,5.0,1.0268456375838926,473.0,3.174496644295302,37.77,-122.21,0.888
4.1125,30.0,4.038759689922481,0.9767441860465116,306.0,2.372093023255814,34.19,-118.4,2.167
3.1755,15.0,5.332579185520362,1.0950226244343892,1110.0,2.51131221719457,35.65,-117.74,0.817
3.6991,19.0,3.746450304259635,1.050709939148073,2496.0,2.531440162271805,37.34,-122.04,2.715
2.775,24.0,3.100742311770944,1.0742311770943795,1492.0,1.5821845174973488,34.02,-118.5,2.917
3.6107,13.0,5.261096605744125,0.9712793733681462,2248.0,2.9347258485639687,37.8,-121.0,1.413
4.7027,14.0,4.951739618406285,1.037037037037037,2698.0,3.028058361391695,37.32,-121.8,2.276
3.2308,34.0,4.595907928388747,1.1713554987212276,775.0,1.9820971867007675,33.05,-117.3,3.313
4.7019,14.0,6.143631436314363,0.962059620596206,1140.0,3.089430894308943,38.98,-121.06,2.128
5.1412,18.0,6.429672447013488,1.0578034682080926,1449.0,2.791907514450867,37.05,-122.11,3.158
1.7395,19.0,2.934560327198364,1.043967280163599,3325.0,3.3997955010224947,34.06,-118.24,1.625
3.8929,34.0,4.441037735849057,0.9622641509433962,1227.0,2.893867924528302,33.79,-117.86,1.875
2.3715,18.0,3.421338155515371,1.027124773960217,974.0,1.7613019891500905,37.29,-121.87,2.28
1.51,30.0,2.4884814292430653,1.149976492712741,4123.0,1.9384109073812883,34.1,-118.33,1.875
3.075,25.0,4.3259668508287294,0.9723756906077348,784.0,2.165745856353591,38.35,-122.5,1.651
0.8894,20.0,2.46875,1.1026785714285714,851.0,1.899553571428572,37.34,-121.89,3.5
2.4583,35.0,5.782201405152225,1.2950819672131149,1168.0,2.73536299765808,34.77,-119.72,0.621
5.5675,36.0,5.376623376623376,1.0064935064935066,817.0,2.6525974025974026,34.21,-118.5,2.159
3.3152,23.0,4.623655913978495,1.014336917562724,1060.0,3.799283154121864,34.4,-118.92,1.98
5.4395,25.0,6.638403990024938,1.0024937655860349,1247.0,3.109725685785536,33.81,-117.82,2.44
5.8382,30.0,7.425714285714286,1.0457142857142858,922.0,2.6342857142857143,37.72,-122.1,3.302
2.6,42.0,4.98813056379822,1.0682492581602374,987.0,2.9287833827893177,34.04,-118.34,1.714
4.3594,44.0,5.843003412969283,1.0716723549488054,691.0,2.358361774744027,33.83,-118.12,2.213
5.4091,22.0,6.819182389937107,1.0581761006289307,2347.0,3.690251572327044,34.26,-118.74,2.224
1.9236,52.0,4.5064935064935066,1.0909090909090908,558.0,2.415584415584416,34.07,-117.65,1.172
2.881,47.0,3.8613138686131374,1.0766423357664234,1097.0,4.0036496350364965,33.97,-118.22,1.833
5.5405,16.0,6.475524475524476,0.958041958041958,887.0,3.101398601398601,36.82,-119.85,1.193
2.6848,26.0,4.5942684766214175,1.0950226244343892,888.0,1.339366515837104,33.61,-117.71,0.741
2.5898,52.0,3.4942528735632186,1.0272988505747127,1377.0,1.978448275862069,37.83,-122.26,1.76
5.4103,33.0,5.275747508305648,0.9601328903654484,683.0,2.2691029900332227,32.81,-117.24,3.324
2.9375,31.0,4.514705882352941,1.0852941176470587,1291.0,3.797058823529412,33.79,-118.27,1.74
6.8667,24.0,7.321739130434783,1.008695652173913,781.0,3.395652173913044,33.6,-117.66,2.796
10.4835,30.0,7.618556701030927,0.9759450171821306,851.0,2.924398625429553,33.95,-117.99,4.986
1.4844,52.0,3.866666666666666,1.011764705882353,1008.0,3.952941176470589,37.78,-122.23,1.194
15.0001,36.0,9.368263473053892,1.1736526946107784,862.0,2.580838323353293,34.09,-118.44,5.00001
6.3566,16.0,5.561643835616438,0.8794520547945206,1343.0,3.67945205479452,37.27,-121.82,2.791
4.9429,28.0,5.839679358717435,0.9799599198396792,1500.0,3.006012024048096,33.8,-117.94,2.548
6.6661,32.0,6.85996705107084,1.1548599670510709,1277.0,2.103789126853377,32.71,-117.24,5.00001
4.7543,27.0,5.3568,1.112,1545.0,2.472,33.87,-118.31,2.963
2.6531,29.0,5.127429805615551,1.2138228941684666,1617.0,3.49244060475162,34.96,-120.44,1.083
0.7235,19.0,2.839622641509434,0.9551886792452832,844.0,1.990566037735849,34.1,-117.29,0.713
4.74,42.0,5.105540897097625,1.0237467018469657,1136.0,2.9973614775725594,33.9,-118.36,2.3
4.3351,21.0,4.211992136304063,1.0570117955439056,7273.0,2.38302752293578,37.4,-122.06,2.674
4.1083,6.0,3.933940774487472,1.152619589977221,1200.0,2.733485193621868,34.14,-118.26,2.107
1.3942,38.0,3.566137566137566,0.9417989417989416,701.0,3.708994708994709,38.68,-121.76,0.694
4.275,36.0,5.576923076923077,0.9615384615384616,768.0,3.282051282051282,37.66,-122.1,1.853
4.3222,15.0,6.361247216035634,1.1184855233853006,7540.0,3.3585746102449887,33.91,-117.43,1.38
4.0096,5.0,5.061293984108967,1.0170261066969353,2028.0,2.3019296254256525,34.04,-117.69,1.826
3.3616,13.0,5.896240601503759,1.1338345864661654,1902.0,2.860150375939849,33.97,-116.52,0.896
3.7857,19.0,20.2,4.05,187.0,2.3375,36.79,-118.91,0.786
5.2949,33.0,7.188405797101449,1.0471014492753623,842.0,3.050724637681159,38.65,-121.27,1.733
6.4949,32.0,5.662962962962963,1.101851851851852,1267.0,2.346296296296296,37.42,-122.11,4.178
1.625,52.0,3.4285714285714284,0.8571428571428571,46.0,6.571428571428571,34.06,-117.75,0.675
2.2188,50.0,4.925133689839572,1.0,420.0,2.2459893048128343,40.88,-124.09,1.058
6.5631,26.0,7.027707808564232,1.0403022670025188,1014.0,2.554156171284635,34.44,-119.66,5.00001
5.7409,19.0,6.395348837209302,0.9391771019677996,1654.0,2.958855098389982,33.19,-117.34,2.741
3.6875,28.0,4.65566037735849,1.0471698113207548,2974.0,2.004043126684636,37.74,-122.27,3.539
2.2794,52.0,4.023076923076923,0.953846153846154,317.0,2.4384615384615387,34.03,-118.46,3.375
2.3704,38.0,4.08235294117647,1.0431372549019609,1592.0,3.1215686274509804,33.85,-117.92,1.661
3.1103,33.0,3.819852941176471,0.9411764705882352,1432.0,5.264705882352941,34.21,-119.17,1.435
5.1695,36.0,6.207692307692308,1.0442307692307693,1305.0,2.5096153846153846,33.99,-118.37,3.97
7.9125,12.0,6.845238095238095,0.9761904761904762,2042.0,3.4727891156462585,33.7,-117.76,3.449
5.8692,52.0,7.125,1.0731707317073171,981.0,2.990853658536585,34.14,-118.12,4.904
4.2813,52.0,5.410628019323672,1.0434782608695652,1232.0,1.98389694041868,37.88,-122.27,2.849
2.9821,17.0,13.473039215686274,2.588235294117647,997.0,2.4436274509803924,38.25,-120.34,1.115
3.7232,33.0,4.353474320241692,1.0181268882175227,1233.0,3.7250755287009065,33.76,-117.94,1.762
4.7891,28.0,4.578274760383387,0.926517571884984,877.0,2.801916932907348,37.96,-121.97,1.848
2.0899,21.0,4.583497053045186,1.0098231827111983,1308.0,2.569744597249509,40.48,-122.36,0.748
4.163,30.0,4.0,1.0,103.0,2.942857142857143,38.36,-121.98,1.125
1.725,52.0,3.765151515151515,0.9772727272727272,623.0,2.359848484848485,37.74,-121.43,1.115
3.9286,25.0,4.711640211640212,0.9232804232804231,918.0,2.4285714285714284,33.84,-117.88,2.627
1.4639,6.0,3.6898263027295286,1.1612903225806452,1509.0,3.744416873449131,34.0,-118.29,1.125
1.9871,35.0,5.1248073959938365,1.072419106317411,2511.0,3.869029275808937,38.62,-121.46,0.609
2.8393,20.0,8.335443037974683,1.2848101265822784,453.0,2.867088607594937,33.76,-117.02,1.207
4.0547,14.0,5.45,1.1016129032258064,1465.0,2.3629032258064515,37.26,-121.81,2.362
0.8026,23.0,5.369230769230769,1.1507692307692308,1054.0,3.243076923076923,37.81,-122.29,1.125
3.2639,10.0,5.1156186612576064,1.081135902636917,1335.0,2.707910750507099,36.13,-120.37,0.864
6.187,18.0,6.62621359223301,1.0072815533980584,1248.0,3.029126213592233,34.18,-118.93,2.879
5.5779,16.0,5.938223938223938,1.003861003861004,835.0,3.223938223938224,33.65,-117.65,2.348
3.1103,33.0,3.819852941176471,0.9411764705882352,1432.0,5.264705882352941,34.21,-119.17,1.435
5.2131,27.0,6.51207729468599,1.0367149758454106,2723.0,2.6309178743961352,37.71,-122.1,2.525
4.4659,32.0,5.321621621621621,1.072972972972973,1349.0,3.645945945945946,33.89,-118.27,1.381
1.3904,30.0,3.919753086419753,1.126543209876543,840.0,2.592592592592593,40.44,-122.29,0.481
2.3393,19.0,3.6070359281437128,1.1167664670658684,2572.0,1.9251497005988023,32.77,-117.03,1.182
6.4441,26.0,6.017057569296376,1.0085287846481876,1258.0,2.6823027718550105,33.69,-117.93,2.61
2.3,30.0,3.65,1.025,164.0,4.1,36.32,-121.26,2.063
3.7159,20.0,5.442655935613682,1.096579476861167,1198.0,2.41046277665996,32.8,-117.01,1.689
1.9867,33.0,4.215517241379311,1.0301724137931034,1472.0,3.1724137931034484,34.01,-118.12,1.663
2.4559,28.0,4.681528662420382,1.070063694267516,811.0,2.582802547770701,40.89,-124.01,0.756
2.3882,21.0,5.625766871165644,1.231083844580777,1496.0,3.0593047034764824,36.16,-119.35,0.492
2.4286,36.0,4.442896935933148,1.0668523676880224,1105.0,3.0779944289693595,34.02,-118.12,2.056
5.6683,23.0,5.610939907550077,1.0338983050847457,3399.0,2.6186440677966103,37.56,-122.26,3.91
3.375,39.0,4.352941176470588,1.0361990950226243,999.0,4.520361990950226,34.05,-118.17,1.26
5.2939,35.0,6.08314606741573,1.002247191011236,1224.0,2.750561797752809,34.24,-118.49,2.442
2.2734,47.0,6.002777777777778,1.2222222222222223,966.0,2.683333333333333,38.09,-122.22,0.887
2.4,13.0,5.246882793017456,1.0149625935162094,960.0,2.3940149625935163,37.95,-120.35,1.77
3.2589,9.0,11.458507963118189,2.0561609388097235,2811.0,2.3562447611064545,37.84,-120.2,1.379
3.5491,41.0,4.423076923076923,0.9576923076923076,729.0,2.8038461538461537,37.35,-121.98,2.611
1.9911,50.0,5.343675417661098,1.0859188544152745,990.0,2.362768496420048,37.84,-122.26,1.587
3.1719,32.0,6.208154506437769,1.0321888412017168,1198.0,2.570815450643777,37.05,-120.85,1.406
3.15,49.0,5.83,1.0466666666666666,705.0,2.35,36.77,-119.81,0.722
1.8641,43.0,3.5779967159277506,1.1198686371100164,2624.0,4.308702791461412,34.01,-118.26,1.082
4.6957,13.0,6.189751801441153,1.088871096877502,2543.0,2.0360288230584467,38.42,-122.61,2.598
4.5918,36.0,5.292483660130719,1.1797385620915033,1383.0,2.2598039215686274,34.06,-118.32,3.37
3.4943,40.0,5.977777777777778,1.0722222222222222,406.0,2.2555555555555555,36.63,-121.92,3.111
1.837,27.0,4.152487961476726,1.1701444622792938,1500.0,2.407704654895666,37.96,-122.04,1.75
2.4387,34.0,2.7439903846153846,0.9723557692307692,3032.0,3.644230769230769,33.98,-118.22,1.75
4.375,37.0,5.325714285714286,0.9771428571428572,578.0,3.302857142857143,33.91,-118.14,1.776
2.3382,38.0,4.8352941176470585,1.04,1518.0,3.571764705882353,33.9,-118.24,1.03
4.192,25.0,4.886756238003839,1.0460652591170825,1543.0,2.9616122840690977,33.79,-117.87,2.199
3.3987,37.0,5.700869565217391,1.0834782608695652,1431.0,2.488695652173913,38.14,-121.28,0.995
5.038,9.0,5.428415300546448,0.9672131147540984,2581.0,2.8207650273224045,38.42,-122.79,1.856
8.4471,16.0,7.934426229508197,0.9953161592505856,1395.0,3.2669789227166275,33.63,-117.65,3.513
2.0742,31.0,4.212014134275618,1.0848056537102473,1013.0,3.579505300353357,34.0,-117.4,0.762
3.6389,44.0,6.126436781609195,1.091954022988506,416.0,2.3908045977011496,38.34,-122.28,3.04
5.7039,19.0,5.674285714285714,0.9942857142857144,572.0,3.2685714285714287,33.85,-118.1,2.776
3.5057,36.0,5.544117647058823,1.0252100840336134,1111.0,2.3340336134453783,37.94,-122.07,2.051
4.1696,30.0,6.083333333333333,1.0277777777777777,1372.0,3.175925925925926,36.74,-121.64,1.75
6.3923,27.0,5.907356948228883,1.0272479564032695,2009.0,2.7370572207084467,37.32,-122.02,3.483
2.1181,39.0,3.4711538461538463,1.0745192307692308,1890.0,4.543269230769231,33.97,-118.16,1.766
6.6959,34.0,6.470909090909091,1.018181818181818,1747.0,3.1763636363636363,37.52,-122.34,4.112
7.2655,25.0,7.98936170212766,1.0452127659574468,1145.0,3.0452127659574466,37.86,-122.03,4.94
4.3333,35.0,6.00709219858156,1.049645390070922,679.0,2.4078014184397163,33.88,-117.94,2.393
2.125,8.0,4.827586206896552,0.9655172413793104,84.0,2.896551724137931,39.71,-121.78,1.792
2.5769,35.0,4.870090634441088,1.0694864048338368,887.0,2.6797583081570995,37.95,-122.32,1.461
4.1304,18.0,4.674367436743674,1.0264026402640265,2047.0,2.251925192519252,34.2,-118.5,2.291
4.233,35.0,6.125,1.0555555555555556,756.0,3.5,34.2,-118.58,2.213
3.6312,48.0,8.130434782608695,1.173913043478261,240.0,3.4782608695652173,38.11,-121.23,2.028
4.625,31.0,5.7696969696969695,1.0151515151515151,2430.0,3.6818181818181817,33.94,-118.04,1.739
3.138,45.0,4.717868338557993,1.0877742946708464,799.0,2.504702194357366,34.19,-118.33,2.17
4.1912,52.0,5.763285024154589,0.966183574879227,506.0,2.4444444444444446,37.88,-122.28,2.545
3.1906,34.0,6.016181229773463,1.0453074433656957,854.0,2.763754045307443,35.4,-118.97,0.762
3.5522,11.0,6.0494044993383325,1.015438906043229,6511.0,2.8720776356418174,40.55,-122.31,1.001
4.744,10.0,6.310258548790659,1.1242702251876564,3227.0,2.6914095079232694,37.66,-120.93,1.481
3.2875,6.0,8.00625,1.53125,422.0,2.6375,38.04,-120.3,1.113
2.1667,42.0,5.173076923076923,1.0288461538461535,200.0,1.9230769230769231,36.96,-122.04,1.964
2.5685,20.0,4.795073891625616,1.0,1725.0,1.6995073891625616,38.41,-122.4,2.676
2.3083,20.0,5.485776805251641,1.262582056892779,1072.0,2.3457330415754925,38.96,-122.63,0.602
6.67,11.0,6.495067817509248,0.998766954377312,4409.0,2.718249075215783,33.8,-117.79,2.832
2.4519,39.0,4.527397260273973,0.9691780821917808,642.0,2.198630136986301,40.6,-124.16,0.851
7.0215,6.0,6.534090909090909,0.8295454545454546,318.0,3.613636363636364,33.94,-117.56,2.571
3.5227,38.0,4.584269662921348,1.0292134831460673,1775.0,3.988764044943821,33.93,-118.13,2.024
1.1638,35.0,4.558011049723757,0.988950276243094,670.0,3.701657458563536,35.37,-118.98,0.579
4.7009,31.0,5.011904761904762,1.0476190476190477,1046.0,2.0753968253968256,34.01,-118.43,5.00001
2.2222,46.0,4.909385113268608,0.9676375404530744,879.0,2.8446601941747574,37.73,-122.39,1.951
12.8763,50.0,7.074183976261128,0.9258160237388724,836.0,2.4807121661721068,34.12,-118.28,5.00001
5.2149,13.0,6.261261261261262,0.9669669669669668,1077.0,3.234234234234234,40.52,-122.46,1.465
2.5043,49.0,4.547272727272727,1.0272727272727271,1171.0,2.129090909090909,37.98,-121.29,0.767
2.2071,34.0,5.71712158808933,1.084367245657568,1506.0,3.73697270471464,35.49,-119.38,0.646
2.6458,10.0,4.360526315789474,0.9447368421052632,958.0,2.5210526315789474,36.71,-119.57,0.848
4.625,19.0,5.037037037037037,1.0449735449735449,1776.0,2.3492063492063493,33.67,-117.99,2.822
3.0,39.0,4.628930817610063,0.949685534591195,1036.0,3.257861635220126,33.92,-118.28,1.1
6.0743,3.0,6.577235772357724,1.08130081300813,710.0,2.886178861788618,33.55,-117.69,2.743
2.7143,34.0,3.55,0.9763157894736842,1716.0,4.515789473684211,33.79,-118.25,1.381
3.8421,29.0,4.676470588235294,1.0058823529411764,1788.0,3.5058823529411764,37.46,-121.9,2.207
1.4103,52.0,3.7493796526054592,0.967741935483871,901.0,2.235732009925558,37.83,-122.28,1.039
6.912,29.0,6.615629984051036,1.0127591706539074,1638.0,2.61244019138756,37.49,-122.28,4.572
3.2083,40.0,4.11318553092182,1.0980163360560091,1675.0,1.9544924154025671,37.76,-122.47,3.3
3.1115,46.0,5.167577413479052,1.0783242258652097,1453.0,2.6466302367941714,34.17,-118.11,2.346
2.625,20.0,5.53125,1.3125,231.0,2.40625,38.71,-122.64,0.896
4.3527,33.0,5.29874213836478,1.0471698113207548,1484.0,4.666666666666667,33.86,-118.27,1.67
8.7496,29.0,7.935766423357665,1.032116788321168,2046.0,2.986861313868613,33.77,-117.8,3.495
6.9772,17.0,7.2582236842105265,1.105263157894737,1674.0,2.7532894736842106,37.12,-122.0,3.833
2.5625,45.0,3.997826086956522,0.9978260869565218,1312.0,2.8521739130434782,34.04,-118.35,1.38
5.1084,25.0,6.487025948103793,1.089820359281437,1452.0,2.8982035928143715,33.94,-117.94,3.038
2.0096,36.0,2.294016358157555,1.066293585880327,3469.0,1.493327593628928,37.8,-122.26,1.3
1.6011,52.0,3.81619937694704,1.0342679127725856,955.0,2.9750778816199377,32.71,-117.14,1.063
2.6598,50.0,4.803603603603603,1.1045045045045043,1768.0,3.185585585585585,36.85,-121.4,1.573
2.1377,30.0,3.3784135240572173,0.9843953185955788,2869.0,3.730819245773732,34.16,-118.14,1.423
1.6993,28.0,4.721153846153846,1.0673076923076923,1196.0,3.8333333333333335,34.15,-117.33,0.678
6.2547,49.0,5.163461538461538,0.8173076923076923,403.0,1.9375,34.16,-118.32,3.667
4.2026,24.0,5.617543859649123,0.9894736842105264,731.0,2.5649122807017544,34.59,-120.14,2.598
1.8388,49.0,3.651828298887122,1.206677265500795,1105.0,1.7567567567567568,33.77,-118.18,1.75
6.6842,25.0,6.77859778597786,1.0258302583025831,1006.0,3.7121771217712176,37.41,-121.85,2.653
4.3643,17.0,5.7188612099644125,0.9804270462633452,1879.0,3.3434163701067616,38.7,-121.32,1.249
3.0726,52.0,5.233830845771144,1.1890547263681592,381.0,1.8955223880597007,32.75,-117.17,2.896
2.8493,36.0,5.853018372703412,1.094488188976378,1395.0,3.661417322834646,33.89,-118.26,1.096
2.0734,21.0,3.833605220228385,1.0880913539967374,1621.0,2.6443719412724307,32.59,-117.1,0.875
10.5941,18.0,7.537037037037037,0.9481481481481482,1580.0,2.925925925925926,35.34,-119.08,2.458
5.3057,26.0,4.596875,1.0875,1089.0,3.403125,37.44,-121.88,2.264
2.1101,34.0,5.607329842931938,1.099476439790576,1056.0,2.764397905759162,40.78,-124.13,0.869
4.0985,43.0,5.226872246696035,1.0594713656387664,1247.0,2.746696035242291,37.75,-122.5,2.832
3.748,18.0,6.213,1.188,2679.0,2.679,34.15,-119.23,3.804
3.8571,37.0,4.411700975081256,0.980498374864572,1468.0,1.590465872156013,34.03,-118.51,5.00001
0.8012,28.0,5.283950617283951,1.1666666666666667,435.0,2.685185185185185,37.75,-122.19,0.818
1.7813,29.0,4.648578811369509,0.9198966408268734,1278.0,3.302325581395349,36.43,-119.69,0.579
8.1189,52.0,8.154761904761905,1.0515873015873016,735.0,2.9166666666666665,37.74,-122.47,5.00001
2.4519,25.0,4.430147058823529,0.9558823529411764,608.0,2.235294117647059,37.95,-122.02,2.083
2.0348,17.0,2.6659815005138747,1.0565262076053443,3950.0,4.059609455292908,34.2,-118.39,1.772
3.5426,26.0,5.301321585903084,1.096035242290749,2673.0,2.3550660792951543,33.66,-117.88,2.954
3.5893,46.0,5.3457330415754925,1.0415754923413567,939.0,2.054704595185996,38.57,-121.43,1.42
1.4115,52.0,3.3505747126436782,0.9022988505747126,730.0,4.195402298850575,34.03,-118.2,1.406
3.7667,27.0,7.305555555555555,1.9259259259259256,295.0,2.7314814814814814,39.05,-122.91,0.95
4.0174,28.0,5.028056112224449,1.0681362725450902,2846.0,2.851703406813628,37.28,-121.96,2.739
3.9825,22.0,5.2611940298507465,1.0170575692963753,2874.0,3.063965884861408,34.11,-117.76,1.805
2.3454,33.0,2.8876404494382024,1.0589887640449438,753.0,2.115168539325843,34.43,-119.72,2.438
3.117,37.0,4.87603305785124,1.0578512396694215,614.0,2.5371900826446283,33.96,-118.03,1.646
3.0865,7.0,5.098918083462133,1.2272024729520865,2343.0,3.6213292117465214,34.24,-118.45,2.059
3.5652,14.0,6.838983050847458,1.38135593220339,1000.0,2.824858757062147,39.32,-120.17,1.198
2.475,16.0,3.466666666666667,1.0666666666666669,51.0,3.4,34.35,-119.32,2.25
2.5875,22.0,5.537735849056604,0.9867924528301888,1927.0,3.6358490566037736,36.23,-119.14,0.704
1.4423,32.0,4.090753424657534,1.1164383561643836,1672.0,2.863013698630137,37.93,-122.34,0.883
2.4342,22.0,5.086666666666667,0.9966666666666668,790.0,2.6333333333333333,38.01,-121.24,1.25
1.7679,20.0,4.883052527254708,1.0327056491575817,4205.0,4.167492566897919,37.29,-120.51,0.798
7.9819,26.0,7.571428571428571,0.956043956043956,2381.0,2.907203907203907,37.28,-121.92,3.97
4.4722,44.0,5.485380116959064,1.0584795321637428,502.0,2.935672514619883,33.92,-118.37,2.183
3.9227,24.0,5.034345047923322,1.0199680511182108,3728.0,2.977635782747604,33.84,-118.27,2.086
3.4375,34.0,5.293478260869565,1.0833333333333333,739.0,2.677536231884058,37.34,-121.96,2.526
3.1213,27.0,4.434125269978401,0.9956803455723542,1737.0,3.751619870410367,34.1,-117.32,0.788
7.6659,35.0,6.840625,0.959375,800.0,2.5,37.29,-121.92,4.269
2.0976,25.0,3.660839160839161,0.944055944055944,1505.0,5.2622377622377625,35.99,-119.96,0.477
3.0,2.0,7.069343065693431,1.2773722627737227,756.0,2.759124087591241,40.58,-122.32,1.142
4.25,33.0,5.751968503937008,1.0275590551181102,494.0,1.94488188976378,36.81,-119.79,1.322
4.4271,28.0,5.743055555555555,1.2361111111111112,703.0,4.881944444444445,36.86,-121.73,1.757
4.2051,37.0,4.829090909090909,0.9927272727272728,1115.0,4.054545454545455,33.94,-118.04,1.644
2.1472,19.0,4.927645788336933,1.154427645788337,2256.0,2.4362850971922247,38.64,-121.38,1.434
4.5,21.0,5.721830985915493,1.073943661971831,1978.0,3.482394366197183,37.24,-121.81,2.344
3.3871,3.0,5.4960686204431735,1.104360257326662,3804.0,2.719085060757684,34.49,-117.29,1.118
1.3531,20.0,2.968283582089552,1.0988805970149254,1916.0,3.574626865671642,37.98,-121.32,0.946
4.175,52.0,5.396694214876033,1.0578512396694215,296.0,2.446280991735537,37.78,-122.17,1.44
3.1591,35.0,5.382075471698113,1.0,924.0,4.358490566037736,34.04,-117.96,1.483
3.2596,42.0,4.0117096018735365,0.97423887587822,1349.0,3.159250585480094,34.17,-118.37,1.918
1.4665,16.0,4.340106007067138,1.232332155477032,2518.0,2.224381625441696,33.96,-116.51,0.611
3.0375,25.0,18.71551724137931,3.327586206896552,248.0,2.1379310344827585,39.14,-120.18,1.719
3.2011,48.0,4.941463414634146,0.946341463414634,464.0,2.2634146341463413,37.78,-122.45,4.283
3.434,17.0,5.352941176470588,1.0485590209238058,6990.0,2.759573628108962,32.78,-116.94,1.932
3.3545,24.0,4.25402144772118,1.0375335120643432,2945.0,1.9738605898123325,34.17,-118.4,2.215
2.037,42.0,4.497175141242938,1.1468926553672316,697.0,3.937853107344633,33.96,-118.27,0.926
3.2917,30.0,5.608,1.048,356.0,2.848,33.87,-117.58,1.443
4.106,10.0,5.7818012999071495,1.0807799442896937,2909.0,2.701021355617456,38.55,-121.55,1.159
2.8586,12.0,5.082983193277311,1.0021008403361344,1708.0,1.7941176470588236,33.14,-117.21,1.633
6.6959,34.0,6.470909090909091,1.018181818181818,1747.0,3.1763636363636363,37.52,-122.34,4.112
2.8,18.0,5.135084427767355,1.105065666041276,1128.0,2.1163227016885555,35.65,-117.67,0.72
3.9615,45.0,4.361746361746362,1.0103950103950103,1343.0,2.7920997920997923,34.02,-118.38,2.686
1.625,18.0,6.1347826086956525,1.3565217391304347,592.0,2.5739130434782607,38.31,-120.55,0.947
3.0642,48.0,3.472885032537961,1.0065075921908897,784.0,1.700650759219089,34.11,-118.33,3.429
6.057,21.0,6.674358974358975,1.035897435897436,1350.0,3.4615384615384617,33.85,-117.82,2.359
1.9952,36.0,4.708502024291498,1.0991902834008098,2073.0,4.196356275303644,33.9,-118.19,1.129
3.7727,27.0,4.222748815165877,1.1161137440758293,837.0,1.9834123222748816,34.01,-118.47,4.13
4.1484,10.0,4.791907514450867,0.8439306358381503,447.0,2.5838150289017343,35.3,-119.03,1.029
5.5849,15.0,5.885662431941924,1.0,1752.0,3.17967332123412,37.26,-121.83,2.574
5.1207,34.0,5.063938618925831,0.9846547314578004,970.0,2.4808184143222505,37.53,-122.28,3.109
3.0759,52.0,4.898907103825136,0.9562841530054644,1303.0,3.560109289617486,34.01,-118.31,1.237
2.3304,24.0,4.524390243902439,1.0146341463414634,1520.0,3.707317073170732,36.35,-119.3,0.649
5.5321,43.0,5.153766769865841,1.0908152734778125,1830.0,1.888544891640867,34.06,-118.41,5.00001
2.735,26.0,5.672794117647059,1.0196078431372548,2902.0,3.556372549019608,38.49,-121.49,0.746
1.3485,26.0,4.717391304347826,1.077294685990338,1284.0,3.101449275362319,34.06,-117.18,0.851
1.8209,29.0,2.524110671936759,1.1478260869565218,2039.0,1.6118577075098814,34.1,-118.34,5.00001
3.475,24.0,6.025956284153006,1.0601092896174864,2038.0,2.7841530054644807,38.16,-121.22,1.512
2.8654,52.0,5.342465753424658,1.203957382039574,1703.0,2.592085235920852,37.78,-122.44,2.8
4.2458,52.0,3.9129989764585456,1.0644831115660185,1830.0,1.873080859774821,37.8,-122.42,4.5
4.2136,26.0,4.69683908045977,1.132183908045977,1427.0,2.050287356321839,37.33,-121.96,2.883
4.4474,46.0,4.702127659574468,0.9361702127659576,255.0,2.7127659574468086,33.93,-118.37,2.469
2.5993,33.0,4.1016260162601625,0.967479674796748,1027.0,4.17479674796748,37.6,-121.02,0.68
2.3098,39.0,3.782407407407408,1.001543209876543,2536.0,3.91358024691358,34.07,-118.04,1.731
2.4069,52.0,3.538116591928252,1.0919282511210762,879.0,1.97085201793722,32.73,-117.17,2.15
8.1064,40.0,6.446376811594203,1.0260869565217392,929.0,2.692753623188406,37.37,-122.1,5.00001
5.3525,15.0,6.684989429175476,1.0465116279069768,1145.0,2.4207188160676534,34.12,-117.67,1.917
5.3292,52.0,5.029900332225914,1.043189368770764,724.0,2.4053156146179404,37.74,-122.43,3.009
2.4706,22.0,5.232273838630807,1.0880195599022005,1441.0,3.5232273838630808,37.49,-120.86,0.894
3.6339,30.0,6.088646967340591,1.0451010886469674,1820.0,2.8304821150855366,33.98,-116.9,0.986
2.1411,10.0,10.529500756429652,2.249621785173979,1130.0,1.7095310136157338,33.79,-116.46,1.364
4.0118,8.0,4.4335812964930925,1.0860786397449522,2585.0,2.747077577045696,33.06,-117.28,2.458
2.9474,33.0,5.605855855855856,1.2297297297297298,1857.0,4.1824324324324325,33.85,-117.93,1.784
8.6499,4.0,7.236059479553903,1.0325278810408922,5495.0,2.5534386617100373,34.19,-118.8,5.00001
2.3958,37.0,4.136585365853659,0.9853658536585366,314.0,1.5317073170731708,37.68,-122.08,1.908
6.2185,15.0,6.519951632406288,1.082224909310762,2531.0,3.060459492140266,33.88,-117.82,2.803
3.0288,37.0,4.275720164609053,1.0699588477366255,719.0,2.9588477366255144,33.83,-117.91,1.614
3.3239,9.0,5.610955056179775,1.0926966292134832,1691.0,2.375,36.82,-119.85,0.913
3.4868,27.0,3.139963167587477,1.0644567219152854,2314.0,2.130755064456722,37.4,-122.1,1.656
1.6929,20.0,3.510355029585799,1.1523668639053255,1659.0,2.45414201183432,37.8,-122.26,1.15
4.5682,21.0,5.905982905982906,1.017094017094017,1044.0,2.9743589743589745,37.01,-121.97,3.716
1.4097,37.0,4.017991004497751,1.103448275862069,1925.0,2.886056971514243,37.76,-122.2,0.846
3.2852,39.0,4.909930715935335,1.002309468822171,1103.0,2.547344110854504,33.97,-118.03,1.962
2.811,15.0,6.485013623978202,1.1866485013623975,2459.0,3.3501362397820165,35.56,-120.29,1.421
2.8333,15.0,3.708955223880597,1.1074626865671642,1994.0,2.976119402985075,34.23,-118.36,1.832
3.625,16.0,4.404833836858006,0.8912386706948641,912.0,2.7552870090634443,34.06,-117.71,1.604
4.5461,16.0,7.723287671232876,1.3123287671232875,1068.0,2.926027397260274,35.1,-120.3,2.708
2.4567,43.0,5.006578947368421,1.0723684210526316,1456.0,2.394736842105264,35.62,-120.69,1.4
6.2423,14.0,7.161290322580645,1.0391705069124424,1566.0,3.608294930875576,34.22,-118.87,3.054
1.875,40.0,4.110266159695818,1.0722433460076046,970.0,3.688212927756654,34.09,-118.22,1.5
3.8672,42.0,4.416666666666667,0.9824561403508772,776.0,3.4035087719298245,33.9,-118.07,1.627
1.1818,29.0,3.5016835016835017,0.9797979797979798,1054.0,3.548821548821549,32.71,-117.11,0.832
7.5752,52.0,3.142857142857143,1.0,55.0,7.857142857142857,34.02,-118.21,0.675
6.68,10.0,7.329015544041451,1.0207253886010363,1510.0,3.911917098445596,37.33,-121.78,3.595
3.3988,38.0,4.558282208588957,1.1012269938650308,1345.0,4.125766871165644,33.81,-118.22,1.478
1.6571,34.0,4.454976303317536,1.0876777251184837,1358.0,3.2180094786729856,37.94,-122.35,1.052
3.0132,47.0,5.606217616580311,1.0259067357512954,455.0,2.357512953367876,34.03,-118.32,2.232
3.4583,36.0,6.4104803493449785,1.100436681222707,733.0,3.200873362445414,37.7,-122.15,1.926
6.1498,26.0,6.276243093922652,0.998158379373849,1664.0,3.0644567219152856,34.09,-117.86,2.391
3.775,9.0,5.552158273381295,1.0953237410071943,1530.0,2.75179856115108,32.68,-117.04,1.25
3.2031,16.0,7.972375690607735,1.3756906077348066,435.0,2.403314917127072,38.46,-120.55,1.292
2.8547,25.0,4.107544141252006,1.0497592295345104,1674.0,2.686998394863564,34.13,-117.88,1.556
3.5595,6.0,4.933926302414231,1.0165184243964422,2319.0,2.946632782719187,37.81,-121.24,1.61
3.5256,39.0,3.073529411764706,0.9338235294117648,704.0,2.588235294117647,37.32,-121.92,1.926
4.5523,52.0,5.253225806451613,1.185483870967742,1045.0,1.685483870967742,37.8,-122.44,5.00001
4.5744,20.0,5.434706397896582,1.0359333917616127,2415.0,2.1165644171779143,37.86,-122.14,3.14
3.1662,7.0,4.866192170818505,1.008540925266904,3468.0,2.468327402135232,38.48,-122.79,1.91
6.2475,26.0,5.824561403508772,0.95906432748538,980.0,2.865497076023392,37.34,-122.02,3.5
1.901,32.0,3.667779632721202,1.0400667779632722,1784.0,2.978297161936561,32.72,-117.13,1.203
4.1597,16.0,5.214592274678112,0.9570815450643776,787.0,3.3776824034334765,38.47,-121.44,0.959
5.0862,2.0,9.080459770114942,1.5517241379310345,235.0,2.7011494252873565,38.43,-121.85,1.665
2.7736,20.0,7.544692737430168,1.600558659217877,892.0,2.4916201117318435,40.85,-122.45,1.078
11.1557,24.0,7.921875,1.0885416666666667,539.0,2.8072916666666665,37.24,-122.04,5.00001
0.8362,17.0,8.471698113207546,2.849056603773585,141.0,2.660377358490566,40.07,-123.41,0.875
3.3208,47.0,4.318295739348371,0.974937343358396,1216.0,3.0476190476190474,37.72,-122.46,2.386
3.7041,11.0,7.260932944606414,1.186588921282799,1934.0,2.8192419825072887,37.62,-120.95,1.748
3.1375,52.0,4.819018404907975,1.0705521472392638,693.0,2.125766871165644,37.89,-122.29,2.291
6.7064,16.0,7.796690307328605,1.066193853427896,1542.0,3.645390070921986,37.27,-121.87,3.056
1.2852,51.0,3.759036144578314,1.248995983935743,517.0,2.076305220883534,37.83,-122.26,1.5
8.7939,18.0,7.96875,0.975,999.0,3.121875,37.29,-122.02,5.00001
2.7411,27.0,4.402366863905326,1.2662721893491125,295.0,1.7455621301775148,37.89,-122.13,3.5
3.6058,46.0,5.234649122807017,1.0701754385964912,1181.0,2.5899122807017543,34.14,-118.19,2.579
4.1563,4.0,5.645833333333333,0.9851190476190476,915.0,2.7232142857142856,34.66,-120.48,1.726
2.8839,11.0,4.591397849462366,1.0591397849462365,1474.0,3.9623655913978495,36.85,-121.41,1.459
4.875,10.0,5.168021680216802,1.0785907859078592,921.0,2.4959349593495936,34.1,-118.18,2.004
4.267,35.0,5.5315985130111525,0.9628252788104088,1424.0,2.646840148698885,37.68,-122.14,2.103
5.785,25.0,5.5718533201189295,0.9890981169474728,2537.0,2.5143706640237857,33.85,-118.37,3.953
3.7292,52.0,4.566724436741768,1.0173310225303294,1302.0,2.256499133448873,37.78,-122.47,4.167
4.6369,43.0,4.413394919168591,1.0138568129330254,930.0,2.147806004618938,33.77,-117.62,1.864
2.3333,42.0,4.931924882629108,1.1267605633802815,945.0,2.218309859154929,38.67,-121.18,1.16
4.375,35.0,4.864532019704433,0.9458128078817734,882.0,2.1724137931034484,34.18,-118.41,2.917
5.1762,16.0,6.371389270976616,1.046767537826685,3038.0,4.178817056396149,34.01,-117.86,2.644
3.3427,16.0,3.748995983935743,1.1465863453815262,951.0,1.909638554216868,33.79,-118.29,1.542
3.5473,33.0,4.1089258698941,0.9984871406959152,1807.0,2.7337367624810893,33.83,-118.3,2.263
3.7462,15.0,4.900313971742543,0.999215070643642,3163.0,2.4827315541601256,37.59,-122.05,2.125
2.03,38.0,4.686274509803922,1.1176470588235294,1131.0,2.772058823529412,36.78,-119.79,0.588
7.1673,14.0,5.506811989100817,1.0790190735694822,696.0,1.896457765667575,33.72,-118.08,3.407
4.25,4.0,5.593189964157706,1.1272401433691757,2211.0,1.9811827956989247,33.0,-117.07,2.816
2.6848,26.0,4.5942684766214175,1.0950226244343892,888.0,1.339366515837104,33.61,-117.71,0.741
4.57,18.0,6.789634146341464,1.298780487804878,1754.0,2.673780487804878,32.9,-116.52,1.899
4.9286,39.0,4.898360655737705,0.9918032786885246,1466.0,2.40327868852459,33.93,-118.42,3.414
5.0346,10.0,7.106598984771574,1.076142131979695,2573.0,3.265228426395939,33.88,-117.36,2.405
6.1359,16.0,4.0,0.8,45.0,1.8,37.96,-122.5,2.125
2.375,36.0,2.333333333333333,0.7777777777777778,21.0,2.333333333333333,34.03,-118.06,1.75
4.4209,33.0,5.709864603481625,1.0928433268858802,1264.0,2.4448742746615086,36.49,-121.74,2.746
5.5951,30.0,5.920567375886525,1.04822695035461,1818.0,2.578723404255319,37.91,-122.52,4.029
3.4732,52.0,5.962864721485412,1.1193633952254642,870.0,2.3076923076923075,37.89,-122.29,2.462
3.0,30.0,4.488888888888889,1.053968253968254,1307.0,4.14920634920635,33.92,-118.03,1.583
6.9931,25.0,10.1731843575419,1.921787709497207,349.0,1.9497206703910608,38.36,-122.26,3.988
2.1538,25.0,4.324210526315789,1.0421052631578946,835.0,1.7578947368421052,40.58,-122.37,0.769
3.2188,52.0,5.281456953642384,1.076158940397351,823.0,2.725165562913907,33.97,-118.31,1.242
4.0833,34.0,7.03030303030303,1.0340909090909092,540.0,2.0454545454545454,34.13,-118.32,5.00001
8.7591,4.0,7.422045680238332,1.0297914597815292,2969.0,2.948361469712016,33.5,-117.7,4.347
6.0661,16.0,5.992537313432836,0.8955223880597015,1117.0,4.167910447761194,37.58,-122.07,2.47
2.8167,10.0,6.080078125,1.150390625,1508.0,2.9453125,37.19,-119.68,0.961
4.4663,34.0,5.725663716814159,1.0501474926253689,1021.0,3.0117994100294987,33.81,-117.96,1.839
8.5282,25.0,7.831050228310502,1.1073059360730593,1284.0,2.9315068493150687,34.15,-117.66,3.601
3.2865,52.0,4.8839590443686,1.023890784982935,657.0,2.242320819112628,36.62,-121.91,2.401
3.7315,20.0,7.368303571428571,1.7388392857142858,1085.0,2.421875,37.58,-118.74,1.593
3.1078,33.0,5.327073552425665,1.1126760563380282,1579.0,2.4710485133020343,34.95,-120.42,1.467
2.395,35.0,6.703333333333333,1.163333333333333,970.0,3.2333333333333334,36.25,-119.69,0.941
5.1691,38.0,6.854497354497354,1.1216931216931216,905.0,2.394179894179894,37.91,-122.29,2.632
3.5,42.0,4.9110576923076925,0.908653846153846,869.0,2.0889423076923075,34.02,-118.33,1.811
3.5156,39.0,5.954545454545454,1.0,288.0,2.1818181818181817,37.72,-122.14,2.189
2.5445,24.0,3.467696629213483,1.026685393258427,3818.0,5.362359550561798,34.06,-118.03,1.514
3.6765,42.0,4.3604651162790695,1.058139534883721,616.0,2.387596899224806,37.37,-122.04,2.528
4.0515,26.0,5.291845493562231,0.9599427753934192,2388.0,3.4163090128755367,38.15,-122.26,1.219
3.6849,33.0,5.529610829103215,1.0846023688663282,1704.0,2.883248730964467,33.79,-117.97,2.114
5.1002,30.0,5.50199203187251,1.1812749003984064,1581.0,3.149402390438247,37.24,-122.27,3.194
3.1667,34.0,4.644628099173554,1.012396694214876,717.0,2.962809917355372,33.83,-118.27,1.869
4.025,28.0,5.933884297520661,1.024793388429752,347.0,2.8677685950413223,34.68,-118.13,1.026
3.9231,34.0,5.209718670076726,0.9846547314578004,1195.0,3.056265984654732,34.15,-117.31,0.96
3.2841,24.0,5.137176938369781,1.0337972166998013,1869.0,3.7157057654075545,34.13,-118.0,1.67
5.8461,34.0,6.323529411764706,0.9950980392156864,664.0,3.2549019607843137,33.81,-117.94,2.274
5.7979,52.0,5.981432360742706,1.0875331564986737,823.0,2.183023872679045,37.88,-122.26,4.153
2.92,43.0,4.927051671732523,1.1094224924012157,1015.0,3.0851063829787235,34.19,-118.13,2.422
3.8438,14.0,5.637305699481865,1.0829015544041452,601.0,3.1139896373056994,33.32,-117.03,2.438
3.4531,52.0,4.203007518796992,1.0244360902255638,1186.0,2.2293233082706765,37.76,-122.46,4.143
3.8125,39.0,4.487012987012987,1.0227272727272727,1090.0,3.538961038961039,34.07,-118.04,1.74
3.0958,49.0,4.034246575342466,1.0662100456621004,1066.0,2.4337899543379,34.1,-118.28,2.109
4.5237,5.0,6.1037344398340245,1.12070916635232,8152.0,3.075066012825349,34.55,-118.08,1.418
3.6629,30.0,6.3625,1.0666666666666669,757.0,3.154166666666667,37.58,-120.83,1.714
3.1927,21.0,3.6355871886121,1.0747330960854091,3288.0,2.3402135231316725,37.66,-122.44,2.526
1.375,20.0,4.1,1.8,94.0,9.4,38.91,-122.71,0.55
4.7788,31.0,6.422932330827067,1.0018796992481205,1245.0,2.3402255639097747,32.79,-117.2,2.76
5.0111,16.0,6.157757496740548,1.075619295958279,4911.0,3.201434159061278,34.01,-117.83,2.129
3.4375,52.0,3.9271781534460337,1.0949284785435631,1294.0,1.682704811443433,37.79,-122.43,5.00001
3.6128,10.0,3.832352941176471,1.1,1373.0,2.0191176470588235,34.16,-118.37,2.25
6.2917,14.0,7.310262529832936,1.0167064439140812,1570.0,3.747016706443914,34.04,-117.21,2.247
5.6292,24.0,6.454954954954955,0.983108108108108,2444.0,2.7522522522522523,37.94,-122.04,2.314
2.7639,17.0,4.652661064425771,0.9215686274509804,948.0,2.655462184873949,40.93,-124.11,0.902
1.1346,42.0,3.5921052631578947,1.0219298245614037,899.0,3.942982456140351,33.93,-118.25,0.854
6.7644,19.0,6.825454545454545,1.069090909090909,1692.0,3.076363636363636,37.0,-121.68,4.126
4.5833,25.0,6.354216867469879,1.1132530120481927,965.0,2.325301204819277,33.82,-118.06,1.909
4.7961,4.0,4.825174825174825,1.1258741258741258,755.0,2.63986013986014,33.12,-117.29,1.688
5.777,23.0,6.552301255230126,0.9811715481171548,1646.0,3.4435146443514646,33.85,-118.04,3.159
8.4693,26.0,6.993079584775087,1.0224913494809689,1611.0,2.78719723183391,37.52,-122.32,4.192
2.83,22.0,6.1923076923076925,1.158371040723982,1168.0,2.642533936651584,41.12,-121.47,0.887
1.7546,50.0,1.625514403292181,0.9547325102880658,948.0,3.9012345679012346,34.03,-118.27,1.75
5.0508,32.0,7.575688073394495,1.1009174311926606,1185.0,2.717889908256881,38.59,-121.36,2.257
4.2463,4.0,4.6450777202072535,1.0103626943005182,897.0,2.3238341968911915,33.65,-117.59,1.828
4.1659,36.0,5.887545344619105,1.053204353083434,1899.0,2.2962515114873034,37.99,-122.59,3.02
2.9094,39.0,4.017045454545454,1.0965909090909092,1991.0,3.7708333333333335,33.95,-118.18,1.522
3.4491,30.0,5.483478260869565,1.0834782608695652,1544.0,2.685217391304348,33.96,-117.38,1.338
2.2937,42.0,1.9865470852017937,1.0,582.0,2.609865470852018,34.05,-118.31,3.5
4.7466,19.0,5.765661252900232,1.013921113689095,1286.0,2.983758700696056,33.82,-118.02,2.583
3.7348,4.0,5.705276705276705,1.178893178893179,4775.0,3.072715572715573,34.08,-117.36,1.258
10.3713,18.0,7.947598253275109,0.960698689956332,728.0,3.1790393013100435,37.87,-122.13,4.261
1.7301,5.0,3.1649122807017545,1.08187134502924,3148.0,3.68187134502924,32.56,-117.06,1.25
4.275,36.0,5.576923076923077,0.9615384615384616,768.0,3.282051282051282,37.66,-122.1,1.853
2.4022,47.0,4.741847826086956,1.0081521739130437,1079.0,2.932065217391304,34.01,-118.32,1.234
1.9485,16.0,4.518518518518518,1.0343915343915344,687.0,1.8174603174603168,38.28,-121.31,1.554
4.008,33.0,5.191176470588236,1.1650326797385622,1845.0,3.014705882352941,34.26,-118.29,1.911
4.4094,52.0,5.158227848101266,1.0332278481012658,1594.0,2.5221518987341773,37.76,-122.48,3.361
2.225,26.0,3.2,0.8,27.0,2.7,36.62,-121.84,1.5
3.0125,37.0,6.0814814814814815,1.1111111111111112,404.0,2.9925925925925925,32.74,-117.03,1.304
3.2813,36.0,3.943127962085308,1.0,545.0,2.582938388625593,37.35,-121.95,2.444
4.1552,34.0,4.64,1.032,1249.0,3.3306666666666667,33.89,-118.35,2.339
4.9528,13.0,7.521031207598372,1.162822252374491,2074.0,2.814111261872456,32.76,-116.95,2.662
2.0,32.0,3.741333333333333,1.064,1506.0,4.016,33.98,-118.2,1.727
4.2381,11.0,11.402898550724638,2.020289855072464,901.0,2.6115942028985506,37.64,-118.96,2.427
2.6447,42.0,5.740845070422536,1.036619718309859,2037.0,5.738028169014084,37.77,-122.3,2.0
4.5217,23.0,5.1867612293144205,1.0212765957446808,2526.0,2.98581560283688,33.84,-117.84,2.194
6.844,10.0,7.504504504504505,0.993993993993994,1040.0,3.123123123123123,38.67,-121.08,2.396
4.6792,23.0,6.382716049382716,0.97119341563786,555.0,2.2839506172839505,38.44,-122.82,3.047
4.2206,40.0,5.164835164835165,0.934065934065934,932.0,3.413919413919414,33.98,-118.06,1.78
6.1834,25.0,6.2611940298507465,0.9402985074626866,862.0,3.216417910447761,34.29,-118.7,2.298
2.2054,47.0,5.271293375394322,1.22397476340694,895.0,2.823343848580442,34.0,-118.33,1.215
3.0417,35.0,4.798507462686567,0.8731343283582089,331.0,2.470149253731343,38.67,-121.34,1.207
3.1534,19.0,5.35251798561151,1.0743405275779376,1149.0,2.7553956834532376,33.86,-117.87,3.244
10.9506,20.0,7.610465116279069,1.069767441860465,514.0,2.988372093023256,37.64,-121.88,4.758
8.4352,14.0,8.106100795755967,0.9787798408488064,1209.0,3.206896551724138,37.87,-122.02,4.414
2.0972,37.0,3.781045751633987,1.0849673202614378,983.0,3.212418300653595,32.67,-117.09,1.17
2.9514,47.0,4.80078125,0.94921875,582.0,2.2734375,37.79,-122.19,1.981
1.9208,33.0,4.796208530805687,1.0876777251184837,1019.0,2.414691943127962,39.44,-123.8,0.936
3.125,14.0,5.069868995633188,1.1120815138282387,2140.0,3.1149927219796214,33.25,-117.31,1.023
2.0817,40.0,4.565683646112601,0.970509383378016,1208.0,3.2386058981233243,37.95,-121.25,0.553
2.8417,34.0,3.564638783269962,0.9524714828897338,1491.0,2.834600760456274,33.99,-118.47,3.214
1.4423,32.0,4.090753424657534,1.1164383561643836,1672.0,2.863013698630137,37.93,-122.34,0.883
2.0893,20.0,3.746067415730337,1.053932584269663,1292.0,2.903370786516854,32.75,-117.11,1.011
5.0389,13.0,5.070093457943925,1.060747663551402,629.0,2.939252336448598,39.1,-121.14,1.715
2.1413,38.0,4.679245283018868,1.0377358490566038,261.0,4.9245283018867925,34.62,-118.02,0.969
2.9016,25.0,5.339080459770115,1.1513409961685823,1247.0,2.388888888888889,38.65,-121.27,1.598
6.8333,6.0,7.009487666034156,1.0891840607210626,1554.0,2.94876660341556,37.2,-121.83,3.48
3.375,15.0,5.342657342657343,1.013986013986014,366.0,2.55944055944056,38.78,-122.59,1.031
2.6553,41.0,4.462783171521036,1.019417475728155,1249.0,4.042071197411003,34.1,-118.1,1.831
2.4345,35.0,4.591687041564792,1.1100244498777505,991.0,2.4229828850855744,32.74,-117.03,1.297
3.6696,40.0,5.230769230769231,1.0796703296703296,1183.0,3.25,34.1,-118.09,2.104
4.3864,15.0,5.691449814126394,1.0855018587360594,1624.0,3.0185873605947955,37.67,-120.95,1.376
3.8875,31.0,5.15406162464986,1.0644257703081232,1187.0,3.324929971988796,34.07,-117.71,1.292
3.0806,8.0,4.534675615212528,1.0738255033557047,1781.0,3.9843400447427295,34.08,-117.97,1.424
3.2639,30.0,3.832661290322581,1.0463709677419355,2685.0,5.413306451612903,33.88,-118.08,1.201
1.5372,23.0,3.760309278350515,0.961340206185567,1148.0,2.9587628865979383,32.99,-115.54,0.694
8.1248,18.0,7.85130890052356,1.0219895287958116,3189.0,3.339267015706806,34.32,-118.52,3.74
3.2154,20.0,4.133444338725024,1.0601807802093244,7450.0,1.7721217887725975,34.17,-118.52,2.596
4.6957,13.0,6.189751801441153,1.088871096877502,2543.0,2.0360288230584467,38.42,-122.61,2.598
4.0556,20.0,4.405769230769231,1.0807692307692307,2325.0,2.235576923076923,37.65,-122.53,2.75
2.0724,35.0,4.494915254237288,1.172881355932203,1023.0,3.467796610169492,37.96,-122.35,0.977
4.7083,25.0,5.414578587699316,1.1184510250569475,1200.0,2.733485193621868,34.28,-118.7,1.961
3.1786,52.0,4.15,0.85,1463.0,4.063888888888889,37.73,-122.43,2.226
3.32,40.0,4.548821548821548,1.1111111111111112,701.0,2.3602693602693603,37.56,-122.31,2.929
3.2297,10.0,3.4607961399276235,1.1351025331724969,2162.0,2.6079613992762365,34.2,-118.6,1.5
2.3289,17.0,5.772058823529412,1.1397058823529411,417.0,3.0661764705882355,40.61,-122.45,0.582
2.3636,39.0,3.9933993399339935,1.023102310231023,1294.0,4.270627062706271,34.06,-117.63,0.883
7.7876,13.0,7.696287025448477,1.0321234876929497,7775.0,3.243637880684189,34.08,-117.81,3.489
4.7,43.0,4.9748603351955305,0.9553072625698324,663.0,1.8519553072625696,34.44,-119.72,2.938
3.1382,21.0,4.907670454545454,1.0028409090909092,1605.0,2.2798295454545454,38.67,-121.32,0.916
6.2519,26.0,7.330464716006885,1.0120481927710845,1644.0,2.82960413080895,33.82,-118.08,3.457
1.695,39.0,2.4695121951219514,0.9939024390243902,686.0,4.182926829268292,33.96,-118.23,0.948
5.5238,34.0,5.335740072202166,0.9061371841155236,956.0,3.4512635379061374,33.92,-118.02,1.853
2.1135,46.0,5.622920517560074,1.1035120147874309,1206.0,2.229205175600739,40.79,-124.16,0.906
4.1319,22.0,5.949886104783599,1.1252847380410025,1361.0,3.1002277904328017,34.41,-119.31,2.45
4.4529,10.0,6.006167400881057,1.0466960352422907,4163.0,3.66784140969163,38.15,-122.24,1.441
2.8533,24.0,3.1690140845070425,1.0140845070422535,439.0,6.183098591549296,33.78,-118.19,1.375
4.2865,38.0,5.757255936675461,1.079155672823219,1141.0,3.0105540897097627,34.19,-118.51,2.211
7.8164,52.0,6.562176165803109,1.0414507772020725,981.0,2.5414507772020727,34.05,-118.42,5.00001
2.2391,43.0,3.406882591093117,1.0526315789473684,2190.0,4.433198380566802,33.95,-118.23,1.528
2.5486,23.0,5.604081632653061,1.0775510204081633,677.0,2.763265306122449,37.72,-121.01,1.611
1.8696,52.0,4.62962962962963,1.0462962962962965,480.0,4.444444444444445,32.71,-117.14,0.911
3.9853,24.0,6.081690140845071,1.0394366197183098,1141.0,3.2140845070422537,38.7,-121.45,0.904
3.8615,26.0,4.993610223642173,0.9137380191693292,1145.0,3.65814696485623,32.61,-117.05,1.393
5.2649,26.0,6.88785046728972,1.071651090342679,1024.0,3.190031152647975,37.67,-121.78,1.998
4.6477,27.0,6.098214285714286,1.2410714285714286,1230.0,3.6607142857142856,36.92,-121.47,2.659
3.0571,49.0,4.426829268292683,1.2073170731707317,601.0,1.4658536585365851,32.74,-117.16,4.188
3.5833,39.0,5.279220779220779,1.2012987012987013,344.0,2.2337662337662336,33.98,-118.36,2.188
4.5,41.0,4.114558472553699,1.069212410501193,1621.0,1.9343675417661097,33.77,-118.15,3.398
8.1194,52.0,7.75,0.9873417721518988,916.0,2.8987341772151898,37.83,-122.24,4.716
7.9814,26.0,7.257692307692308,1.014102564102564,2493.0,3.1961538461538463,34.15,-118.62,4.099
1.6389,29.0,4.573122529644269,1.173913043478261,2027.0,8.011857707509881,33.97,-117.38,1.55
2.3438,26.0,4.616438356164384,0.9452054794520548,277.0,3.7945205479452055,36.47,-119.37,1.0
5.9265,36.0,6.199546485260771,1.0158730158730158,1308.0,2.965986394557824,33.83,-118.09,2.273
3.25,17.0,5.277777777777778,0.9583333333333334,225.0,3.125,39.13,-122.95,1.375
1.0349,6.0,4.165217391304348,0.982608695652174,734.0,3.1913043478260867,36.19,-119.35,0.678
2.1898,28.0,3.865619546247818,1.024432809773124,830.0,1.4485165794066317,37.73,-122.15,1.417
11.6648,27.0,8.920833333333333,1.0833333333333333,635.0,2.645833333333333,33.79,-118.44,5.00001
5.3081,12.0,3.686580882352941,1.3216911764705883,1673.0,1.5376838235294117,34.06,-118.25,2.875
4.7478,27.0,5.7625,1.0135416666666666,2855.0,2.973958333333333,37.53,-121.93,2.435
4.7179,13.0,5.020175438596492,1.0894736842105264,2450.0,2.149122807017544,33.02,-117.27,3.767
3.3107,26.0,5.0552147239263805,1.052760736196319,2918.0,3.5803680981595094,33.74,-116.22,0.694
2.7153,22.0,4.736245954692556,1.0307443365695792,2546.0,4.119741100323624,36.43,-121.32,1.143
4.9618,7.0,6.153905645784996,1.0162412993039442,4460.0,3.449342614075793,38.0,-121.72,1.565
1.3023,17.0,5.26463700234192,1.252927400468384,927.0,2.17096018735363,35.64,-118.47,0.685
4.7734,41.0,6.572549019607843,1.031372549019608,757.0,2.9686274509803923,34.21,-118.21,4.508
6.6143,16.0,7.386138613861386,1.0132013201320131,1002.0,3.3069306930693068,32.67,-117.0,2.641
3.5625,8.0,5.44017094017094,1.0555555555555556,1657.0,1.7702991452991452,38.27,-122.49,2.132
1.8419,18.0,6.946268656716418,1.9164179104477608,799.0,2.385074626865672,35.74,-118.31,0.923
0.9589,47.0,3.1724137931034484,0.9252873563218392,593.0,3.4080459770114944,32.7,-117.14,0.9
2.4459,17.0,3.82487922705314,1.039855072463768,2098.0,2.533816425120773,32.97,-117.1,0.858
3.9024,13.0,5.759342301943199,1.1375186846038865,1685.0,2.5186846038863977,34.03,-117.32,1.224
2.9191,19.0,4.457386363636363,0.9971590909090908,1035.0,2.940340909090909,33.19,-117.24,1.594
3.5174,36.0,4.5479452054794525,1.0943683409436835,1357.0,2.0654490106544903,34.21,-118.23,2.68
3.1513,10.0,6.096470588235294,1.143529411764706,1255.0,2.9529411764705884,33.71,-117.34,1.543
2.4464,33.0,3.52,0.9066666666666666,964.0,3.2133333333333334,34.06,-117.78,1.287
6.9296,36.0,6.138755980861244,1.0,563.0,2.6937799043062203,33.81,-118.37,5.00001
3.0819,32.0,5.370018975332068,1.223908918406072,1500.0,2.846299810246679,34.1,-118.08,2.146
5.0099,24.0,7.137809187279152,1.0848056537102473,855.0,3.021201413427562,34.89,-120.42,1.625
5.2129,34.0,5.937190082644628,1.018181818181818,2138.0,3.533884297520661,33.79,-117.93,1.934
2.4598,36.0,5.358381502890174,1.1059730250481696,1438.0,2.770712909441233,37.76,-122.16,1.555
2.7875,30.0,4.707423580786026,1.0633187772925763,1023.0,2.2336244541484715,36.99,-122.02,2.45
5.5133,37.0,4.593220338983051,0.8898305084745762,355.0,3.0084745762711864,33.9,-118.34,2.273
4.045,4.0,5.052227342549923,1.1566820276497696,1285.0,1.9738863287250383,33.57,-117.71,2.26
4.4219,9.0,5.784543325526932,0.9765807962529274,904.0,2.117096018735363,33.01,-117.06,2.092
1.6955,43.0,4.797872340425532,1.1340425531914893,1568.0,3.3361702127659574,34.02,-118.31,1.152
3.07,15.0,5.385624344176286,0.9758656873032528,4591.0,2.408709338929696,39.76,-121.89,1.426
2.5365,10.0,4.873517786561265,1.1040843214756255,2310.0,3.0434782608695654,32.86,-116.91,1.395
2.2101,16.0,10.385245901639344,2.2827868852459017,638.0,2.614754098360656,39.86,-121.14,0.888
2.2755,21.0,4.064606741573034,0.9620786516853932,2109.0,2.962078651685393,32.58,-117.11,1.25
3.4402,40.0,4.60381861575179,0.9952267303102624,1780.0,4.248210023866348,33.93,-118.2,1.494
2.3289,17.0,5.772058823529412,1.1397058823529411,417.0,3.0661764705882355,40.61,-122.45,0.582
2.4531,52.0,3.6198630136986303,0.9452054794520548,837.0,2.866438356164384,37.75,-122.41,2.29
6.8695,27.0,6.567357512953368,1.0077720207253886,1071.0,2.7746113989637307,34.28,-118.49,3.194
2.8311,41.0,4.377260981912145,1.0671834625322998,1222.0,3.157622739018088,33.98,-118.05,1.553
4.8,20.0,5.430232558139535,1.1046511627906976,229.0,2.6627906976744184,37.08,-122.04,2.615
2.2577,26.0,3.5850673194614444,1.1872705018359853,3792.0,4.641370869033048,34.06,-118.02,1.738
3.4233,29.0,4.263888888888889,1.077020202020202,1674.0,2.113636363636364,37.34,-121.94,2.293
2.7788,45.0,4.210416666666666,1.1,1410.0,2.9375,37.79,-122.2,1.154
2.631,29.0,5.148023549201009,1.0277544154751892,3595.0,3.0235492010092515,39.16,-123.22,1.096
1.4856,33.0,4.626168224299065,1.1401869158878504,1626.0,3.799065420560748,32.7,-117.11,0.864
3.0806,22.0,8.886039886039885,1.823361823361824,786.0,2.23931623931624,38.94,-119.99,1.185
4.6808,24.0,5.258479532163743,1.0257309941520467,1928.0,2.254970760233918,33.65,-117.9,2.455
2.6382,25.0,6.096509240246407,1.1314168377823408,1745.0,3.5831622176591376,38.48,-121.47,0.762
0.5495,38.0,4.249056603773585,1.018867924528302,999.0,3.769811320754717,33.96,-118.27,0.917
5.5357,40.0,6.150442477876106,0.9705014749262536,796.0,2.3480825958702063,37.91,-122.29,2.737
5.8322,15.0,5.74015748031496,1.0150918635170605,4784.0,3.1391076115485563,37.39,-121.85,2.766
6.1592,46.0,6.889361702127659,1.1574468085106382,1293.0,2.751063829787234,37.75,-122.47,3.817
3.9,41.0,5.883720930232558,1.0852713178294573,408.0,3.1627906976744184,36.14,-119.19,0.859
2.6339,41.0,3.7753303964757694,0.8854625550660793,934.0,4.11453744493392,33.93,-118.2,1.457
5.1984,36.0,5.533333333333333,1.0,943.0,3.143333333333333,33.83,-118.36,3.536
2.0057,34.0,3.977722772277228,1.1126237623762376,3086.0,3.819306930693069,33.97,-118.18,1.894
8.9257,19.0,8.213541666666666,1.015625,1404.0,3.65625,33.81,-117.81,4.318
2.706,19.0,4.877551020408164,0.9271137026239068,1298.0,3.784256559766764,36.22,-119.37,0.648
2.7434,37.0,4.801204819277109,1.144578313253012,485.0,2.921686746987952,33.89,-118.22,0.952
2.5625,52.0,6.268817204301075,1.2258064516129032,310.0,3.333333333333333,37.96,-121.27,0.542
3.9712,16.0,4.624539877300614,1.0294478527607362,1986.0,2.4368098159509204,37.95,-122.47,1.875
4.8214,35.0,5.523668639053255,1.014792899408284,1213.0,3.588757396449704,37.54,-122.03,1.86
3.0944,37.0,4.923728813559322,0.9830508474576272,1328.0,3.751412429378531,33.95,-118.08,1.628
4.625,25.0,5.952848722986247,1.0451866404715129,1668.0,3.277013752455796,33.83,-118.03,2.296
3.2143,32.0,5.06265664160401,1.0426065162907268,2526.0,3.1654135338345863,33.91,-118.03,1.601
6.3639,10.0,6.658385093167702,1.0890269151138716,1539.0,3.186335403726708,35.41,-118.94,1.43
3.7381,29.0,3.993924665856622,1.071688942891859,1523.0,1.850546780072904,34.03,-118.47,2.906
1.4648,28.0,6.330708661417323,1.610236220472441,567.0,2.232283464566929,32.64,-116.2,0.618
2.5437,6.0,4.506134969325154,1.0782208588957056,2877.0,2.206288343558282,35.46,-120.64,1.464
4.6944,52.0,5.990196078431373,1.0588235294117647,735.0,2.4019607843137254,37.97,-122.56,3.989
2.4196,34.0,3.520208604954368,0.9947848761408083,2815.0,3.670143415906128,33.97,-118.19,1.784
3.0972,25.0,3.853467561521253,1.0044742729306488,5558.0,6.217002237136465,34.2,-119.15,1.693
4.4167,28.0,6.284069097888676,1.0959692898272553,1424.0,2.7332053742802302,34.19,-118.64,2.473
4.0653,14.0,3.850920245398773,1.0687116564417178,3025.0,1.855828220858896,37.3,-121.93,2.342
3.9219,15.0,4.466666666666667,1.0444444444444445,677.0,2.5074074074074075,33.74,-117.93,1.426
4.8667,34.0,5.712418300653595,1.0,549.0,3.588235294117647,33.84,-117.97,1.868
3.5893,46.0,5.3457330415754925,1.0415754923413567,939.0,2.054704595185996,38.57,-121.43,1.42
5.8142,28.0,7.648648648648648,1.237837837837838,898.0,2.427027027027027,36.49,-121.88,5.00001
2.8892,42.0,4.681578947368421,1.1342105263157896,1507.0,3.9657894736842105,33.95,-118.35,1.598
4.9394,31.0,5.861985472154964,0.9418886198547216,1348.0,3.263922518159806,33.83,-117.95,2.178
3.4306,29.0,5.7388059701492535,1.1243781094527363,1218.0,3.029850746268657,33.86,-118.01,1.942
2.6065,18.0,5.534883720930233,0.9767441860465116,859.0,2.8538205980066444,36.29,-119.11,0.938
3.7262,20.0,5.0,1.035190615835777,856.0,2.5102639296187683,37.97,-122.07,2.118
4.4107,23.0,5.60699865410498,1.0174966352624495,2082.0,2.8021534320323016,34.42,-118.49,2.134
3.125,40.0,5.873267326732673,1.0613861386138614,1225.0,2.4257425742574257,38.53,-121.49,1.306
2.7206,42.0,3.4309063893016343,1.0178306092124814,2609.0,3.87667161961367,33.95,-118.19,1.621
3.3824,48.0,5.027548209366391,1.1129476584022038,728.0,2.005509641873278,34.05,-118.36,3.226
1.625,8.0,7.6,0.95,1275.0,63.75,33.97,-117.33,1.625
6.0487,15.0,7.616883116883117,0.948051948051948,450.0,2.9220779220779223,38.26,-122.07,1.977
3.2266,30.0,4.322429906542056,1.0233644859813085,2847.0,4.434579439252336,34.1,-117.96,1.418
12.4291,34.0,9.666666666666666,1.1218637992831542,810.0,2.903225806451613,37.58,-122.37,5.00001
5.5291,52.0,5.937984496124031,1.049095607235142,1203.0,3.108527131782946,34.14,-118.22,2.746
4.0972,38.0,5.595982142857143,0.9955357142857144,888.0,1.9821428571428568,38.57,-121.43,1.637
3.9844,18.0,6.131004366812227,0.9868995633187772,754.0,3.2925764192139737,36.6,-119.46,1.181
5.3106,27.0,5.375722543352601,0.9884393063583816,1498.0,2.886319845857418,33.8,-118.3,2.683
1.5781,32.0,4.006578947368421,1.125,1292.0,4.25,34.0,-118.25,1.029
4.1528,15.0,7.389355742296919,1.2016806722689075,1289.0,3.610644257703081,36.76,-121.34,3.368
3.8913,40.0,5.666666666666667,1.003921568627451,849.0,3.3294117647058825,37.75,-122.15,1.263
5.5875,11.0,5.853300733496333,0.9853300733496332,1393.0,3.4058679706601467,37.26,-121.83,2.593
3.0052,29.0,4.453551912568306,1.1256830601092895,590.0,3.2240437158469946,33.88,-118.17,1.667
1.9671,41.0,4.287394957983193,0.9983193277310924,1342.0,2.2554621848739496,35.36,-119.03,0.768
3.5625,27.0,4.0551378446115285,1.0426065162907268,2230.0,2.7944862155388472,37.36,-121.95,2.086
2.2262,25.0,6.457013574660634,1.1131221719457014,772.0,3.493212669683258,36.2,-119.32,0.645
5.8783,34.0,6.326820603907637,1.0035523978685612,1542.0,2.738898756660746,37.6,-122.42,4.051
2.3075,27.0,5.244744744744745,1.364864864864865,1481.0,2.223723723723724,35.38,-120.85,1.842
2.3594,30.0,5.03728813559322,1.076271186440678,1940.0,3.288135593220339,37.29,-120.46,0.723
6.9741,16.0,6.7676240208877285,0.9712793733681462,1279.0,3.339425587467363,33.64,-117.69,2.62
4.425,35.0,4.723958333333333,0.9505208333333334,1025.0,2.669270833333333,37.67,-122.44,2.684
1.8456,32.0,3.456730769230769,1.2067307692307692,894.0,4.298076923076923,32.71,-117.14,1.031
4.6985,12.0,5.702054794520548,1.0273972602739727,1577.0,2.7003424657534247,34.27,-118.8,2.641
4.6587,10.0,5.838709677419355,1.096774193548387,1779.0,3.1881720430107525,37.93,-121.7,1.525
4.0156,8.0,6.009009009009009,1.0067567567567568,1713.0,3.858108108108108,38.04,-121.3,1.176
10.3894,32.0,7.320833333333334,0.9854166666666668,1583.0,3.2979166666666666,37.4,-122.12,5.00001
5.8123,29.0,6.404517453798768,1.0410677618069817,1476.0,3.030800821355236,36.99,-121.99,2.815
2.1591,23.0,4.346938775510204,1.0087463556851313,1223.0,3.565597667638484,37.93,-121.28,0.678
0.8941,27.0,3.517467248908297,1.0458515283842795,1457.0,3.1812227074235806,34.0,-118.26,0.919
1.6488,22.0,3.575757575757576,0.9862258953168044,1272.0,3.5041322314049586,34.65,-120.46,1.175
2.214,27.0,4.655907036797935,1.0367979341510651,4828.0,3.116849580374435,38.51,-121.44,0.824
4.0451,27.0,5.03595206391478,1.0266311584553929,1742.0,2.3195739014647137,34.4,-119.71,3.951
2.7708,4.0,4.423444976076555,1.3803827751196172,1529.0,3.657894736842105,33.99,-118.22,1.863
4.0,37.0,6.363945578231292,1.0918367346938775,806.0,2.741496598639456,39.25,-121.71,1.014
3.39,5.0,5.19589552238806,1.0764925373134329,1310.0,2.444029850746269,34.04,-117.31,1.495
3.525,34.0,4.296296296296297,0.8950617283950617,398.0,2.45679012345679,37.63,-122.49,2.541
1.9028,47.0,3.784926470588236,1.1360294117647058,2033.0,3.7371323529411766,34.07,-118.25,2.179
3.8672,36.0,5.769565217391304,0.908695652173913,613.0,2.665217391304348,38.6,-121.42,1.114
1.6892,52.0,5.586956521739131,1.1195652173913044,939.0,3.402173913043478,34.0,-118.31,1.291
7.672,42.0,5.95852534562212,0.9861751152073732,459.0,2.115207373271889,34.15,-118.43,4.676
1.684,41.0,4.226628895184136,0.9915014164305948,804.0,2.2776203966005664,39.14,-121.59,0.713
1.4,31.0,2.806451612903226,1.0241935483870968,913.0,3.681451612903226,36.95,-120.05,0.525
5.0346,2.0,8.813167259786477,1.307829181494662,1791.0,3.186832740213524,38.36,-121.94,2.051
2.9844,32.0,5.322033898305085,0.8983050847457628,682.0,2.889830508474576,37.48,-120.96,1.359
5.3582,35.0,4.8125,0.9375,334.0,3.4791666666666665,34.34,-119.04,2.813
2.4884,43.0,4.202321724709784,0.9817578772802652,2448.0,4.059701492537314,36.68,-121.62,1.305
4.4347,14.0,6.0914512922465205,0.9860834990059644,1681.0,3.341948310139165,32.86,-116.96,1.603
7.2972,26.0,7.471343873517786,1.0385375494071147,2909.0,2.874505928853755,34.01,-117.14,2.696
1.5635,17.0,3.4126506024096384,1.0436746987951808,3200.0,4.819277108433735,37.29,-120.48,0.604
4.1591,10.0,5.623376623376624,1.2886002886002883,1992.0,2.8744588744588744,33.82,-118.01,1.923
5.6629,45.0,5.251082251082251,0.8917748917748918,529.0,2.29004329004329,34.2,-118.13,2.34
5.305,5.0,5.562096195262025,1.1177315147164393,4768.0,3.422828427853553,34.4,-118.52,3.112
1.023,20.0,4.194762684124386,1.0769230769230769,1363.0,2.230769230769231,39.92,-122.19,0.542
2.6937,45.0,5.060640732265446,1.1453089244851258,2109.0,2.4130434782608696,38.12,-122.27,1.118
2.4353,36.0,5.717213114754099,1.0819672131147542,700.0,2.8688524590163933,38.19,-121.57,1.625
2.621,28.0,4.790152403282533,1.0211019929660023,1973.0,2.313012895662368,34.1,-117.76,2.022
4.2639,46.0,9.076923076923077,1.3076923076923077,6532.0,502.46153846153845,35.32,-120.7,3.5
4.2386,33.0,4.573770491803279,1.105263157894737,2243.0,1.9352890422778253,34.07,-118.39,5.00001
3.6563,40.0,4.405194805194805,0.9662337662337662,835.0,2.168831168831169,34.17,-118.39,2.224
4.5833,42.0,5.2810077519379846,1.1027131782945736,1115.0,2.1608527131782944,34.04,-118.43,4.275
3.0,21.0,4.587454764776839,1.083232810615199,1511.0,1.8226779252110976,33.77,-118.03,2.212
4.6705,19.0,6.3225030084235865,1.075812274368231,2155.0,2.593261131167268,35.36,-119.07,1.107
2.9107,29.0,4.97508896797153,1.0462633451957295,1346.0,2.395017793594306,38.44,-122.68,1.697
4.6019,36.0,5.235732009925559,1.032258064516129,1128.0,2.7990074441687347,33.85,-118.13,2.084
5.0267,5.0,6.086896551724138,1.1089655172413793,2003.0,2.762758620689655,35.24,-120.52,2.533
4.1339,52.0,4.567058823529412,1.0258823529411765,955.0,2.247058823529412,37.78,-122.47,3.964
3.1972,20.0,3.5460122699386503,1.1196319018404908,583.0,1.7883435582822085,37.75,-122.28,1.0
1.4871,27.0,3.9380952380952383,1.138095238095238,1141.0,2.716666666666667,38.03,-121.94,0.871
3.8,26.0,6.876494023904383,1.151394422310757,672.0,2.6772908366533863,38.29,-122.49,2.421
7.2217,28.0,7.304721030042918,1.0665236051502145,1134.0,2.433476394849785,33.54,-117.77,5.00001
5.7097,15.0,4.357142857142857,1.0649350649350648,2269.0,1.84172077922078,34.05,-118.44,3.167
8.7716,12.0,9.286821705426355,1.124031007751938,863.0,3.3449612403100777,36.84,-119.84,2.292
2.6181,15.0,5.951672862453532,1.2007434944237918,661.0,2.45724907063197,39.05,-122.78,1.089
5.4895,13.0,7.926356589147287,1.1149870801033592,2473.0,3.195090439276486,36.83,-119.58,1.567
3.7143,34.0,4.694214876033058,1.1528925619834711,2164.0,4.471074380165289,34.21,-118.37,1.757
3.996,25.0,5.643598615916955,1.0173010380622838,1834.0,3.1730103806228374,37.68,-121.02,1.145
3.0446,26.0,5.657534246575342,1.1130136986301369,790.0,2.7054794520547945,39.5,-121.44,0.908
1.0955,17.0,4.147766323024055,1.0206185567010309,2487.0,4.27319587628866,37.29,-120.49,0.627
8.0103,20.0,8.856140350877194,1.0912280701754389,965.0,3.3859649122807016,34.15,-117.66,3.955
3.625,28.0,3.9756888168557536,1.0502431118314424,1082.0,1.753646677471637,32.79,-117.23,2.667
3.5313,39.0,5.660194174757281,1.077669902912621,640.0,3.1067961165048543,33.9,-118.36,2.304
3.0625,20.0,5.86,1.112,745.0,2.98,39.59,-121.9,0.938
2.7536,37.0,5.993548387096774,1.164516129032258,1632.0,5.264516129032258,33.91,-116.87,0.731
4.9018,17.0,6.2,1.106666666666667,146.0,1.9466666666666668,37.81,-121.99,1.885
1.625,4.0,3.0,0.5,8.0,1.3333333333333333,35.22,-117.76,2.75
2.7885,34.0,4.384068278805121,0.9985775248933144,1795.0,2.553342816500712,38.26,-122.04,1.059
4.1289,13.0,4.572038420490928,1.112059765208111,2146.0,2.290288153681964,38.03,-122.44,1.792
5.5261,10.0,7.037225042301184,1.0287648054145515,2089.0,3.5346869712351947,35.42,-119.08,1.32
2.119,18.0,4.636971046770602,1.0723830734966593,2032.0,2.2628062360801784,38.66,-121.34,1.331
3.8427,36.0,4.3644793152639085,1.0791726105563482,2719.0,1.9393723252496435,34.12,-118.15,3.197
3.5547,36.0,5.609195402298851,0.9348659003831418,672.0,2.574712643678161,37.7,-122.15,1.947
5.8083,10.0,5.6940298507462686,1.2649253731343284,705.0,2.630597014925373,34.0,-118.4,3.218
3.0101,12.0,4.74845869297164,1.0567200986436498,2169.0,2.6744759556103577,34.58,-118.08,1.163
1.4688,44.0,3.642487046632125,0.9248704663212436,1489.0,3.857512953367876,37.94,-121.28,0.568
2.3804,37.0,6.238970588235294,1.2279411764705883,740.0,2.7205882352941178,34.64,-120.46,1.48
6.1935,11.0,6.131645569620253,1.0860759493670886,810.0,2.050632911392405,33.64,-117.64,2.932
5.62,36.0,6.228571428571429,1.031746031746032,786.0,2.495238095238096,33.81,-118.1,2.396
3.443,18.0,4.731107205623902,1.0480374926772116,5325.0,3.1195079086116,33.99,-117.9,1.719
7.6685,33.0,6.178217821782178,0.957920792079208,1098.0,2.717821782178218,33.88,-118.39,4.743
1.6888,44.0,3.071844660194175,1.0563106796116506,1998.0,3.8796116504854368,34.04,-118.2,1.25
2.1136,23.0,4.1625,0.8875,580.0,3.625,32.8,-115.55,0.61
1.8333,38.0,4.576923076923077,1.1318681318681318,570.0,3.131868131868132,32.66,-117.09,1.271
2.6,43.0,4.734883720930233,1.213953488372093,736.0,3.4232558139534883,34.12,-117.3,0.669
3.625,18.0,6.469135802469136,1.1419753086419753,469.0,2.8950617283950617,38.37,-122.0,1.25
2.5388,12.0,4.508816120906801,0.9546599496221664,1399.0,3.5239294710327456,36.98,-120.07,0.596
4.0556,38.0,6.408695652173913,1.0391304347826087,1123.0,2.4413043478260867,38.67,-121.78,1.469
3.0,32.0,5.292792792792793,0.9369369369369368,774.0,3.4864864864864864,37.4,-120.94,1.094
1.9949,14.0,2.749559082892416,1.1393298059964727,1639.0,2.890652557319224,34.06,-118.31,3.8
3.3594,22.0,5.623115577889447,1.105527638190955,565.0,2.8391959798994977,37.92,-122.32,1.869
5.25,16.0,7.099337748344371,1.0242825607064017,1504.0,3.32008830022075,38.0,-121.86,1.617
8.4016,33.0,7.376044568245125,0.9944289693593314,863.0,2.403899721448468,38.57,-121.39,3.387
2.1135,46.0,5.622920517560074,1.1035120147874309,1206.0,2.229205175600739,40.79,-124.16,0.906
2.4717,37.0,4.748633879781421,1.1010928961748634,936.0,2.557377049180328,37.77,-120.85,0.771
4.5045,15.0,5.299120234604105,1.1085043988269794,1277.0,3.744868035190616,37.31,-121.8,1.645
4.5179,35.0,6.780487804878049,1.113821138211382,392.0,3.186991869918699,34.07,-117.89,2.188
2.56,36.0,3.8562091503267975,1.0871459694989107,1225.0,2.6688453159041394,37.6,-122.39,2.731
3.0197,26.0,4.4637002341920375,0.955503512880562,1325.0,3.10304449648712,33.21,-117.26,1.36
4.6602,22.0,5.767123287671233,0.96986301369863,993.0,2.7205479452054795,37.94,-122.05,2.278
5.2297,27.0,6.156657963446476,1.08355091383812,1562.0,4.078328981723238,37.35,-121.8,1.928
3.7222,34.0,4.546134663341646,1.139650872817955,1485.0,3.703241895261845,34.09,-118.08,2.072
2.24,30.0,3.930232558139535,1.0588235294117647,1593.0,2.179206566347469,32.64,-117.07,1.295
3.5,16.0,9.308383233532934,1.7125748502994012,885.0,2.6497005988023954,38.9,-119.98,1.347
2.125,41.0,4.782608695652174,1.1014492753623188,776.0,3.748792270531401,33.89,-118.22,1.202
2.9213,42.0,3.8990825688073394,1.0045871559633028,997.0,2.286697247706422,34.01,-118.42,3.05
4.5461,16.0,7.723287671232876,1.3123287671232875,1068.0,2.926027397260274,35.1,-120.3,2.708
3.0086,27.0,5.254424778761062,1.1880530973451326,863.0,1.90929203539823,38.61,-121.38,1.269
3.5806,52.0,5.174917491749175,1.113861386138614,1213.0,2.001650165016501,34.11,-118.3,3.919
3.9929,14.0,4.571047957371226,1.0497335701598578,3171.0,2.8161634103019537,33.73,-117.92,2.258
2.3684,35.0,6.196078431372549,1.4509803921568627,221.0,2.1666666666666665,39.65,-121.24,0.625
1.275,19.0,4.226973684210527,1.3486842105263157,1431.0,2.3536184210526314,32.8,-114.55,0.561
4.2411,45.0,5.561594202898551,0.9927536231884058,591.0,2.141304347826087,33.83,-118.18,3.717
4.7094,14.0,5.2707296849087895,1.060530679933665,4741.0,1.9655887230514093,37.92,-122.05,2.347
5.3081,12.0,3.686580882352941,1.3216911764705883,1673.0,1.5376838235294117,34.06,-118.25,2.875
3.1513,14.0,5.526096033402923,1.0939457202505218,989.0,2.0647181628392484,34.14,-117.2,1.6
5.6254,35.0,5.639810426540285,0.957345971563981,1212.0,2.872037914691944,33.87,-118.32,2.838
4.2703,36.0,5.966555183946488,1.013377926421405,964.0,3.2240802675585285,33.83,-118.11,2.209
3.0313,40.0,4.91919191919192,1.042929292929293,1434.0,3.621212121212121,37.72,-122.4,2.191
2.5192,28.0,4.345360824742268,1.074742268041237,1355.0,3.492268041237113,34.04,-117.97,1.573
5.6015,33.0,5.913612565445026,0.93717277486911,2037.0,2.6662303664921465,34.08,-117.87,2.672
3.9063,43.0,6.178571428571429,1.2678571428571428,582.0,2.5982142857142856,38.66,-122.7,2.1
3.8269,29.0,5.767543859649122,1.0526315789473684,650.0,2.8508771929824563,38.25,-122.68,3.06
7.3718,26.0,5.486111111111111,1.0277777777777777,193.0,2.680555555555556,37.81,-121.2,2.125
3.1505,30.0,4.266666666666667,1.0206896551724138,899.0,2.066666666666667,33.88,-118.33,2.7
1.9238,39.0,3.996941896024465,0.9694189602446484,1862.0,2.8470948012232418,38.13,-121.27,0.707
4.806,20.0,5.86797385620915,1.0457516339869282,2867.0,3.7477124183006536,34.41,-119.52,2.797
6.6031,19.0,6.190647482014389,1.0431654676258992,571.0,2.053956834532374,34.15,-118.16,5.00001
4.7188,29.0,6.511278195488722,1.037593984962406,341.0,2.56390977443609,37.95,-122.04,1.971
5.0497,31.0,4.875,1.1180555555555556,236.0,1.6388888888888888,33.89,-118.41,5.00001
4.125,19.0,5.373737373737374,1.0303030303030305,1317.0,2.217171717171717,37.94,-122.02,2.671
2.5625,33.0,4.475524475524476,1.073426573426573,999.0,3.493006993006993,37.76,-122.17,0.893
3.153,42.0,3.9234642497482377,0.9879154078549848,4496.0,4.527693856998993,33.95,-118.22,1.509
5.4496,17.0,6.180989978742788,1.0607348921955664,8768.0,2.662617673853629,37.68,-121.73,2.389
1.9191,9.0,4.984615384615385,1.103846153846154,768.0,2.953846153846154,39.93,-122.2,0.544
1.6118,39.0,3.730434782608696,1.0231884057971017,1171.0,3.3942028985507244,34.09,-118.21,1.385
2.3466,28.0,5.227777777777778,0.9722222222222222,588.0,3.2666666666666666,36.3,-119.65,0.534
8.8636,12.0,7.717777777777778,1.0355555555555556,1569.0,3.486666666666667,33.59,-117.68,3.14
1.075,52.0,4.384615384615385,1.0,158.0,6.076923076923077,35.38,-119.01,0.675
2.1403,30.0,2.8998272884283245,1.1778929188255614,1445.0,2.4956822107081176,34.09,-118.33,2.0
4.0603,21.0,4.580993520518359,0.961123110151188,2211.0,4.775377969762419,34.96,-120.45,1.176
3.4464,33.0,4.968085106382978,1.0602836879432624,915.0,3.24468085106383,37.45,-121.06,1.625
3.6486,25.0,3.699513381995134,1.0723844282238444,2616.0,1.5912408759124088,34.16,-118.34,2.469
4.119,32.0,4.651234567901234,0.910493827160494,1326.0,4.092592592592593,34.04,-117.97,1.633
5.8221,36.0,5.7913669064748206,1.0071942446043165,445.0,3.2014388489208634,37.56,-122.29,2.894
3.0905,12.0,5.122489959839357,1.0562248995983936,3628.0,2.428380187416332,39.78,-121.86,1.178
3.8594,52.0,4.962962962962963,1.031746031746032,393.0,2.0793650793650795,37.86,-122.28,1.964
3.1648,39.0,5.089928057553957,1.0719424460431657,729.0,2.622302158273381,33.8,-118.32,2.448
4.7208,19.0,4.719798657718121,0.9513422818791948,1334.0,2.238255033557047,33.78,-117.87,1.735
1.8438,17.0,3.2734375,0.8828125,1093.0,2.8463541666666665,37.78,-122.42,0.725
2.925,46.0,6.194805194805195,1.0454545454545454,429.0,2.7857142857142856,37.75,-122.16,1.429
1.3125,50.0,3.94,1.236,621.0,2.484,37.3,-120.49,0.609
2.5667,21.0,5.3745318352059925,1.101123595505618,668.0,2.50187265917603,38.41,-120.54,0.774
5.4197,24.0,5.923497267759563,1.0191256830601092,934.0,2.551912568306011,34.45,-119.83,2.809
2.6094,52.0,6.98639455782313,1.6598639455782314,492.0,3.346938775510204,37.8,-122.29,0.813
2.1767,13.0,4.050724637681159,1.1202898550724638,1869.0,2.708695652173913,32.75,-117.12,1.018
3.1235,17.0,3.600263852242744,1.183377308707124,1404.0,1.8522427440633245,34.04,-118.46,4.208
5.1629,20.0,6.178787878787879,1.1303030303030304,862.0,2.6121212121212123,37.73,-121.46,2.229
1.5433,11.0,4.462068965517242,1.0827586206896551,713.0,2.4586206896551723,36.32,-119.65,0.504
5.0527,15.0,6.09556313993174,1.0204778156996588,727.0,2.48122866894198,33.48,-117.68,2.314
5.6754,12.0,5.380697050938338,1.064343163538874,1033.0,2.7694369973190347,33.48,-117.64,2.759
2.5739,22.0,4.586160108548168,1.0719131614654005,2199.0,2.983717774762551,34.19,-118.54,2.392
4.2891,52.0,5.099730458221024,1.1185983827493262,1442.0,3.8867924528301887,37.75,-122.41,2.3
10.4415,7.0,8.825539568345324,1.037769784172662,1883.0,3.3866906474820144,33.54,-117.71,4.538
2.8173,21.0,5.524064171122995,1.0427807486631016,588.0,3.144385026737968,35.37,-120.85,2.269
4.2143,33.0,5.41031941031941,1.063882063882064,1135.0,2.788697788697789,34.25,-118.46,2.242
2.6981,25.0,3.946330777656079,1.098576122672508,2719.0,2.978094194961665,34.09,-118.12,2.08
2.825,16.0,4.648464163822526,1.0119453924914676,1124.0,1.918088737201365,38.48,-122.66,1.862
4.625,31.0,5.7696969696969695,1.0151515151515151,2430.0,3.6818181818181817,33.94,-118.04,1.739
3.1964,13.0,4.751334044823906,1.0128068303094984,2740.0,2.9242262540021344,37.82,-121.22,1.415
2.6903,34.0,5.729216152019003,1.0593824228028503,1558.0,3.700712589073634,35.37,-118.93,0.628
2.7463,18.0,5.122015915119364,1.0079575596816976,1271.0,3.3713527851458887,38.95,-121.08,1.561
5.2729,13.0,6.559055118110236,1.0236220472440944,405.0,3.188976377952756,36.9,-121.68,3.229
3.6451,32.0,3.748527679623086,1.050647820965842,2767.0,1.6295641931684337,34.03,-118.5,3.833
6.828,36.0,6.109375,1.015625,348.0,2.71875,37.38,-122.08,3.839
3.6619,31.0,4.63728323699422,1.0447976878612717,1489.0,2.151734104046243,36.96,-121.98,2.451
7.3731,16.0,7.235955056179775,0.9598715890850722,2221.0,3.565008025682183,33.68,-117.97,3.908
2.0968,23.0,2.853881278538813,1.0806697108066972,2555.0,3.888888888888889,34.19,-118.39,1.625
7.9614,43.0,5.702517162471396,1.0274599542334095,1033.0,2.3638443935926774,33.88,-118.41,5.00001
2.4375,12.0,3.9617373319544975,1.1199586349534645,2258.0,2.3350568769389866,34.2,-118.48,2.554
2.4283,49.0,6.16996699669967,1.2524752475247525,1422.0,2.3465346534653464,39.26,-121.03,1.431
3.7045,6.0,5.353474320241692,1.003021148036254,1011.0,3.054380664652568,37.48,-121.14,1.281
5.6194,32.0,6.746594005449591,1.002724795640327,1048.0,2.8555858310626703,37.72,-122.08,2.747
3.5258,13.0,6.099709583736689,1.0454985479186834,3840.0,3.717328170377541,37.02,-120.06,0.849
4.1,21.0,5.816031537450723,1.038107752956636,1856.0,2.4388961892247045,38.49,-121.51,1.583
6.0394,16.0,6.29874213836478,0.9433962264150944,1172.0,3.6855345911949686,33.88,-117.97,3.216
6.5,20.0,6.451612903225806,0.8064516129032258,83.0,2.677419354838709,37.69,-122.03,3.4
2.7778,25.0,5.0990873533246415,1.106910039113429,1580.0,2.0599739243807043,32.77,-117.08,1.841
2.6607,16.0,6.151468315301391,1.054095826893354,3174.0,4.905718701700154,32.82,-117.11,1.75
3.2833,44.0,2.0330188679245285,0.9198113207547168,682.0,3.2169811320754715,37.66,-122.41,2.333
2.7798,15.0,5.195219123505976,1.045816733067729,1351.0,2.691235059760956,35.48,-120.68,2.058
4.2065,15.0,5.68640350877193,1.1425438596491229,901.0,1.975877192982456,32.85,-117.21,2.778
3.89,7.0,4.689458689458689,0.9943019943019944,1911.0,2.7222222222222223,38.34,-121.96,1.403
15.0001,52.0,8.710144927536232,1.0289855072463767,408.0,2.9565217391304346,34.07,-118.41,5.00001
3.5179,36.0,6.013888888888889,0.9537037037037036,763.0,3.5324074074074074,34.05,-117.97,1.614
5.3096,47.0,5.588095238095238,1.0404761904761906,1219.0,2.9023809523809523,33.81,-118.2,2.099
6.9754,4.0,6.969209237228832,1.0804758572428272,4904.0,3.4317704688593422,34.04,-117.84,4.025
3.9628,29.0,5.862068965517241,1.0830721003134796,1724.0,2.702194357366772,33.84,-118.01,2.156
1.375,49.0,5.030395136778116,1.1124620060790271,754.0,2.291793313069909,37.83,-122.27,1.049
4.1,30.0,4.576687116564417,1.0552147239263805,1048.0,6.429447852760736,33.73,-117.9,1.664
2.7679,33.0,4.827433628318584,1.0309734513274336,890.0,3.938053097345133,34.01,-118.08,1.764
3.6625,22.0,5.747474747474747,0.9966329966329966,822.0,2.767676767676768,39.75,-121.87,1.266
1.4524,41.0,4.2926490984743415,1.0624133148404993,1852.0,2.568654646324549,36.33,-119.64,0.517
1.8618,52.0,4.157718120805369,1.0738255033557047,934.0,3.134228187919463,34.36,-119.06,1.833
3.0431,41.0,4.605475040257649,1.0982286634460547,1516.0,2.4412238325281805,34.2,-118.34,2.629
1.6331,35.0,4.182926829268292,1.0975609756097562,850.0,2.591463414634146,38.61,-121.47,0.675
1.3191,50.0,3.4483471074380163,1.1528925619834711,1340.0,2.768595041322314,37.96,-121.29,0.923
5.5842,13.0,5.039426523297491,0.931899641577061,737.0,2.6415770609319,33.08,-116.77,2.391
3.7125,31.0,5.336349924585218,0.9924585218702866,1715.0,2.5867269984917045,34.16,-117.26,0.98
1.5417,51.0,2.7005988023952097,0.9580838323353292,650.0,1.9461077844311376,34.14,-118.26,2.688
1.6341,38.0,3.355481727574751,1.0465116279069768,1157.0,3.843853820598007,33.99,-118.18,1.618
6.6772,13.0,7.37707182320442,1.0676795580110496,2288.0,3.160220994475138,34.68,-118.17,1.856
2.5625,52.0,4.947368421052632,1.063157894736842,578.0,2.0280701754385966,36.62,-121.92,2.354
1.6647,35.0,4.290106951871658,1.0327540106951871,3814.0,2.549465240641711,38.59,-121.52,0.691
3.8825,10.0,5.235915492957746,1.0352112676056338,1559.0,2.744718309859155,38.11,-121.28,1.368
1.2857,36.0,3.7245762711864407,1.1101694915254237,1034.0,4.38135593220339,34.01,-118.25,0.993
4.185,36.0,4.979591836734694,0.9872448979591836,1156.0,2.9489795918367347,34.22,-118.51,2.092
2.8448,31.0,4.356807511737089,0.9976525821596244,795.0,1.8661971830985915,34.15,-118.43,3.606
2.2917,30.0,3.606761565836299,1.083629893238434,1425.0,2.5355871886121,34.02,-118.48,3.308
4.15,20.0,5.708860759493671,1.0063291139240509,1236.0,2.607594936708861,37.74,-121.4,3.224
4.8311,7.0,6.365102639296188,1.0498533724340176,1978.0,2.900293255131965,38.91,-120.97,1.722
5.1507,34.0,6.257396449704142,1.0414201183431953,1253.0,3.707100591715976,33.77,-118.02,2.075
4.6133,29.0,5.5625,0.9924242424242424,1132.0,2.143939393939394,33.79,-118.13,5.00001
1.7456,26.0,5.127922971114168,1.2214580467675378,1765.0,2.4277854195323245,34.17,-117.28,0.868
4.2813,28.0,4.496428571428571,1.0785714285714283,668.0,2.3857142857142857,34.0,-118.47,3.844
5.212,32.0,5.589189189189189,0.9621621621621622,976.0,2.637837837837838,34.08,-117.9,2.012
1.9336,38.0,4.246013667425968,1.173120728929385,1768.0,4.027334851936219,34.05,-118.31,1.906
3.6033,39.0,4.5701754385964914,0.9692982456140352,863.0,3.7850877192982457,33.98,-118.08,1.578
5.777,23.0,6.552301255230126,0.9811715481171548,1646.0,3.4435146443514646,33.85,-118.04,3.159
3.153,42.0,3.9234642497482377,0.9879154078549848,4496.0,4.527693856998993,33.95,-118.22,1.509
3.7286,26.0,7.101449275362318,1.0326086956521738,1862.0,3.3731884057971016,34.13,-117.35,1.32
3.5125,38.0,4.445972495088409,1.0255402750491158,1027.0,2.017681728880157,37.9,-122.3,2.242
3.0417,35.0,4.798507462686567,0.8731343283582089,331.0,2.470149253731343,38.67,-121.34,1.207
2.1889,29.0,4.548654244306419,1.0766045548654244,1374.0,2.8447204968944098,38.63,-121.47,0.693
3.934,18.0,5.268156424581005,1.1899441340782122,544.0,3.039106145251397,37.03,-121.79,2.286
4.4722,18.0,5.511560693641618,1.0419075144508672,1881.0,2.718208092485549,34.11,-117.79,2.156
3.4559,47.0,6.148550724637682,1.1521739130434785,775.0,2.807971014492753,38.69,-121.77,1.231
3.1361,16.0,5.339331619537275,0.9974293059125964,1155.0,2.969151670951157,40.09,-122.38,0.848
3.7813,37.0,5.0227272727272725,0.9621212121212122,293.0,2.2196969696969697,37.34,-121.96,2.478
3.525,20.0,4.429172510518934,0.9593267882187938,2396.0,3.360448807854137,34.11,-117.91,1.53
1.75,50.0,4.096385542168675,0.891566265060241,235.0,2.8313253012048194,40.81,-124.15,0.675
1.7212,43.0,3.8680555555555554,1.1458333333333333,573.0,3.9791666666666665,37.95,-121.27,0.59
5.3559,36.0,5.666666666666667,0.9812206572769951,683.0,3.2065727699530515,34.07,-117.93,2.073
3.6719,46.0,4.296774193548387,1.0612903225806452,746.0,2.4064516129032256,34.43,-119.72,3.574
2.2278,13.0,5.906110283159464,1.2101341281669151,1905.0,2.8390461997019374,36.69,-119.12,0.905
6.6369,4.0,5.428571428571429,1.0833333333333333,623.0,7.416666666666667,33.66,-117.9,1.926
2.9936,12.0,5.5,1.07429718875502,1859.0,3.7329317269076303,36.31,-119.68,0.606
1.3241,25.0,1.6544401544401544,1.135135135135135,3723.0,3.593629343629344,34.06,-118.27,1.125
9.3694,51.0,8.300970873786408,1.0744336569579287,870.0,2.8155339805825244,37.55,-122.33,5.00001
3.5507,24.0,5.121052631578947,1.0526315789473684,718.0,1.8894736842105264,38.3,-122.45,2.579
4.1375,26.0,5.789644012944984,1.0954692556634305,1504.0,2.4336569579288025,34.45,-119.75,3.95
3.6019,20.0,3.691139240506329,1.1063291139240503,2165.0,1.8270042194092824,34.03,-118.41,4.636
3.4205,43.0,4.877149877149877,1.0810810810810811,1085.0,2.6658476658476657,37.78,-122.18,1.367
1.1875,29.0,4.244755244755245,1.2377622377622377,476.0,3.3286713286713288,35.39,-118.98,0.507
3.7614,31.0,4.145945945945946,0.9243243243243244,548.0,2.962162162162162,37.63,-122.08,1.76
2.2411,44.0,5.928571428571429,1.1538461538461535,601.0,3.302197802197802,33.92,-118.24,1.064
2.2094,20.0,4.9384372533543806,1.0623520126282555,2795.0,2.205998421468035,36.8,-119.76,0.837
1.4722,52.0,3.2254901960784315,1.068627450980392,291.0,2.8529411764705883,34.42,-119.7,3.5
3.0357,23.0,4.470219435736677,0.9811912225705328,954.0,2.9905956112852663,34.09,-117.66,1.515
6.7599,31.0,6.18780487804878,0.9317073170731708,1067.0,2.602439024390244,37.54,-121.94,3.56
4.2375,38.0,5.897674418604651,0.9511627906976744,1133.0,2.6348837209302327,35.5,-119.26,0.786
2.75,24.0,3.5291073738680465,1.093143596377749,2023.0,2.617076326002587,33.92,-118.35,2.397
4.9022,35.0,5.482332155477032,0.9487632508833922,1614.0,2.851590106007067,37.99,-122.03,1.693
4.0154,33.0,5.211161387631976,1.0301659125188536,1704.0,2.570135746606335,36.6,-121.93,2.257
2.7262,12.0,5.665517241379311,1.160919540229885,2621.0,3.01264367816092,38.48,-121.44,1.098
6.7921,25.0,6.984547461368654,0.9911699779249448,1517.0,3.34878587196468,33.6,-117.67,2.66
4.5625,35.0,6.0,1.0,706.0,2.824,33.96,-118.13,2.535
1.625,26.0,4.0,1.0,35.0,3.888888888888889,34.02,-118.2,1.75
2.227,30.0,3.703703703703704,1.0980392156862746,1719.0,3.7450980392156863,34.06,-117.76,0.919
3.7614,37.0,3.941176470588236,1.0529411764705885,1008.0,2.9647058823529413,34.0,-118.43,3.143
3.4047,26.0,4.481052631578947,1.085263157894737,1861.0,1.9589473684210523,34.44,-119.74,2.945
2.588,40.0,5.09375,1.09375,607.0,2.37109375,34.13,-117.86,2.095
2.151,16.0,4.031963470319635,1.0776255707762556,601.0,2.7442922374429224,37.78,-122.44,1.469
2.375,46.0,5.5,0.9166666666666666,30.0,2.5,37.63,-122.42,2.75
4.2222,52.0,4.442942942942943,1.0255255255255256,1145.0,1.7192192192192193,37.76,-122.44,3.616
7.916,23.0,8.572538860103627,1.038860103626943,1116.0,2.89119170984456,32.8,-117.05,3.306
3.5192,9.0,8.747474747474747,1.8451178451178447,796.0,2.68013468013468,38.61,-120.44,0.98
2.3343,11.0,4.361046959199384,1.1601231716705158,3422.0,2.634334103156274,38.47,-121.42,0.978
4.2143,33.0,5.41031941031941,1.063882063882064,1135.0,2.788697788697789,34.25,-118.46,2.242
2.7019,44.0,4.054373522458629,1.0874704491725768,1740.0,4.113475177304965,34.02,-118.14,1.533
2.2462,52.0,5.692634560906516,1.1671388101983002,1728.0,2.4475920679886687,41.32,-122.09,0.629
2.625,36.0,2.857142857142857,0.7142857142857143,64.0,4.571428571428571,37.94,-121.32,0.55
2.95,35.0,4.370535714285714,1.0803571428571428,1146.0,2.5580357142857144,37.68,-122.12,1.489
4.45,15.0,5.047218628719276,1.036869340232859,2957.0,1.91267787839586,37.93,-122.05,1.849
2.0375,26.0,7.12,1.6,55.0,2.2,41.21,-122.34,0.575
3.6007,35.0,4.432065217391305,0.967391304347826,862.0,2.342391304347826,34.19,-118.4,2.618
2.5625,2.0,2.771929824561404,0.7543859649122807,94.0,1.649122807017544,37.82,-122.29,0.6
4.1062,52.0,4.611111111111111,1.0588235294117647,1091.0,3.565359477124183,34.42,-119.71,2.529
2.5401,32.0,4.829268292682927,0.96987087517934,1916.0,2.7489239598278337,38.13,-121.28,1.254
6.5645,31.0,6.607973421926911,0.9302325581395348,805.0,2.6744186046511627,32.76,-117.0,1.891
1.3333,30.0,8.571428571428571,2.1587301587301586,122.0,1.9365079365079363,34.22,-115.52,0.425
4.8508,28.0,5.332576617480136,1.0238365493757091,3287.0,3.7309875141884223,33.8,-118.27,2.159
2.8519,17.0,5.047808764940239,1.0298804780876494,1764.0,3.5139442231075697,37.43,-120.79,0.807
4.3458,21.0,5.660433070866142,1.06496062992126,2230.0,2.19488188976378,34.24,-118.55,4.075
1.4024,26.0,4.332236842105263,1.230263157894737,1025.0,3.3717105263157894,35.38,-118.99,0.51
2.6288,28.0,4.406976744186046,1.055232558139535,1011.0,2.938953488372093,34.04,-118.06,1.603
5.1439,21.0,7.276243093922652,1.0349907918968693,1392.0,2.56353591160221,33.43,-117.6,4.14
4.072,24.0,4.781065088757397,0.9881656804733728,1367.0,2.6962524654832345,37.38,-122.05,3.642
2.8,27.0,4.420494699646643,0.9964664310954064,503.0,1.777385159010601,34.44,-119.74,3.53
2.6823,28.0,5.427184466019417,1.058252427184466,770.0,2.4919093851132685,39.78,-121.63,0.934
3.4934,25.0,4.791549295774648,1.0676056338028168,1645.0,2.316901408450704,37.7,-122.08,2.099
4.575,16.0,4.690987124463519,1.0965665236051505,908.0,1.9484978540772533,33.77,-117.85,2.25
4.2813,39.0,4.647058823529412,0.9673202614379084,347.0,2.2679738562091503,34.01,-118.46,2.972
3.142,23.0,4.538277511961723,1.0526315789473684,1109.0,2.65311004784689,37.64,-122.08,1.795
7.0217,25.0,8.023136246786633,0.9794344473007712,1278.0,3.2853470437018,33.89,-117.8,3.579
4.2463,14.0,4.921568627450981,1.261437908496732,421.0,2.751633986928105,37.41,-122.09,2.667
3.5625,14.0,5.769349845201238,1.0603715170278638,1741.0,2.695046439628483,38.41,-121.37,1.257
2.0,44.0,5.053333333333334,1.0444444444444445,747.0,3.32,33.92,-118.25,0.926
3.968,8.0,5.995402298850575,0.9839080459770116,1530.0,3.5172413793103448,37.37,-120.62,1.021
1.9063,52.0,1.553030303030303,0.9015151515151516,228.0,1.7272727272727273,37.97,-122.53,2.0
3.8,46.0,5.659025787965616,0.991404011461318,791.0,2.2664756446991405,40.78,-124.16,0.818
3.3472,37.0,6.625,1.015625,266.0,4.15625,36.87,-121.77,2.938
5.0509,19.0,6.362021857923497,1.0095628415300546,1914.0,2.614754098360656,37.99,-122.08,1.999
3.0603,46.0,5.353944562899787,1.044776119402985,1583.0,3.375266524520256,32.78,-115.56,0.708
2.3125,38.0,4.45,0.95,196.0,3.2666666666666666,39.12,-123.19,0.7
3.1429,32.0,5.989510489510489,1.1223776223776225,891.0,3.1153846153846154,33.11,-117.09,1.716
4.7813,35.0,6.470162748643761,1.0524412296564196,1568.0,2.835443037974684,32.79,-117.14,1.886
3.0222,17.0,4.576470588235294,1.2823529411764707,1392.0,2.047058823529412,37.68,-121.78,1.725
2.7689,28.0,3.913555992141454,1.043222003929273,1622.0,3.1866404715127703,34.44,-119.82,2.282
7.0102,23.0,6.242382271468144,1.0401662049861495,2167.0,3.0013850415512464,37.33,-122.06,5.00001
10.5793,16.0,7.75,1.0625,567.0,2.7259615384615383,37.27,-122.06,5.00001
2.4706,22.0,5.232273838630807,1.0880195599022005,1441.0,3.5232273838630808,37.49,-120.86,0.894
2.375,10.0,4.064456721915286,1.1860036832412524,2232.0,4.110497237569061,34.95,-120.45,0.985
2.7404,15.0,5.952830188679245,1.0636792452830188,1207.0,2.846698113207548,36.79,-119.69,0.763
2.7243,31.0,4.114942528735632,1.0,681.0,1.956896551724138,37.91,-122.31,2.181
1.8007,37.0,4.93705035971223,1.0575539568345325,1607.0,2.8902877697841727,38.53,-121.46,0.654
5.2443,35.0,6.673003802281369,1.1368821292775666,702.0,2.6692015209125475,37.68,-121.75,1.834
6.3997,50.0,7.37020316027088,1.1489841986455982,1256.0,2.835214446952596,34.44,-119.72,5.00001
2.25,41.0,3.505988023952096,1.0,1479.0,4.42814371257485,34.06,-117.65,0.905
4.5744,52.0,5.429245283018868,1.0778301886792452,1154.0,2.721698113207548,37.74,-122.49,3.152
2.8493,23.0,5.090311986863711,0.9901477832512317,1515.0,2.48768472906404,35.31,-120.84,1.961
3.4954,8.0,4.51063829787234,1.1574468085106382,1281.0,2.725531914893617,33.92,-117.89,1.595
2.1944,52.0,5.074285714285714,0.96,360.0,2.057142857142857,37.8,-122.24,2.115
3.4107,13.0,5.15625,1.125,822.0,12.84375,32.75,-115.5,1.425
6.6131,17.0,7.358344113842174,1.0659767141009056,2111.0,2.730918499353169,37.79,-121.97,3.125
2.875,38.0,5.4260485651214125,1.0772626931567328,1135.0,2.5055187637969096,34.16,-117.29,0.991
2.2138,47.0,5.3003003003003,0.978978978978979,796.0,2.3903903903903903,40.87,-124.07,0.992
2.2596,40.0,3.634660421545668,0.981264637002342,1919.0,4.494145199063232,34.01,-118.16,1.375
2.1702,27.0,5.008196721311475,1.1098360655737705,1407.0,2.3065573770491805,35.12,-120.59,1.797
3.875,17.0,5.840958605664488,1.0239651416122004,1621.0,3.531590413943355,34.13,-117.37,1.185
4.9236,28.0,5.847176079734219,1.1162790697674418,1746.0,2.9003322259136213,37.66,-122.42,2.735
2.3917,30.0,3.5786516853932584,1.0524344569288389,2055.0,3.848314606741573,33.97,-118.2,1.546
6.2631,19.0,7.03690036900369,1.029520295202952,2653.0,3.2632226322263223,37.74,-121.95,2.66
7.8347,45.0,7.251833740831296,1.0146699266503667,1231.0,3.0097799511002443,34.12,-118.09,5.00001
4.6094,52.0,6.185542168674699,1.0506024096385542,1119.0,2.6963855421686747,37.76,-122.24,2.293
4.9205,31.0,5.820359281437126,1.026946107784431,975.0,2.9191616766467066,37.25,-121.91,2.405
2.6765,52.0,5.0,1.0268456375838926,473.0,3.174496644295302,37.77,-122.21,0.888
5.4324,17.0,5.97583081570997,0.9652567975830816,2222.0,3.356495468277945,37.69,-121.8,2.155
3.6607,45.0,5.407476635514018,1.0654205607476634,1923.0,3.594392523364486,37.72,-122.39,1.923
3.0574,25.0,3.7658643326039374,1.148796498905908,1890.0,2.0678336980306344,34.03,-118.39,3.194
4.0536,34.0,5.455268389662028,1.0755467196819086,1333.0,2.650099403578529,33.96,-118.14,2.772
5.956,41.0,6.851063829787234,1.0797872340425532,794.0,2.1117021276595747,37.83,-122.24,3.661
5.943,35.0,6.940476190476191,1.0476190476190477,235.0,2.7976190476190474,37.92,-122.29,2.882
7.3518,16.0,7.165584415584416,0.9448051948051948,1081.0,3.50974025974026,33.71,-117.78,3.312
4.2059,24.0,6.069620253164557,1.0696202531645569,1141.0,2.4071729957805905,34.05,-117.17,1.215
3.2661,30.0,4.8881578947368425,1.037593984962406,2961.0,2.7828947368421053,32.79,-117.18,1.404
2.4866,37.0,4.518779342723005,1.0046948356807512,1344.0,3.1549295774647885,32.62,-117.09,1.297
7.7307,34.0,6.619528619528619,1.0740740740740742,980.0,3.2996632996633,34.13,-118.02,4.29
5.5275,22.0,6.429752066115703,0.9889807162534436,1298.0,3.575757575757576,34.26,-119.18,2.289
6.9343,2.0,8.091954022988507,1.1685823754789273,703.0,2.6934865900383143,33.56,-117.7,2.985
1.0349,19.0,4.563106796116505,1.225242718446602,1291.0,2.5067961165048542,34.96,-120.43,1.308
3.2121,37.0,4.617210682492582,1.0623145400593472,1304.0,1.934718100890208,32.69,-117.18,3.208
4.125,41.0,3.3666666666666667,0.7666666666666667,85.0,2.833333333333333,34.04,-118.39,2.375
1.7727,19.0,4.431952662721893,1.4082840236686391,476.0,2.8165680473372783,33.36,-115.73,0.5
2.5278,35.0,5.01,1.03,842.0,2.806666666666666,34.71,-118.15,0.977
5.2849,16.0,5.907303370786517,0.9775280898876404,1305.0,3.665730337078652,34.02,-117.6,1.604
4.3438,36.0,5.829545454545454,1.0340909090909092,505.0,2.8693181818181817,33.8,-118.13,2.336
4.4562,25.0,4.907692307692308,0.935897435897436,897.0,2.3,37.74,-122.25,2.062
2.5179,45.0,4.938837920489297,1.033639143730887,823.0,2.516819571865444,38.24,-122.63,1.455
3.1923,31.0,5.348697394789579,1.0300601202404809,1626.0,3.258517034068136,32.72,-117.06,1.169
2.6667,50.0,4.746268656716418,1.079601990049751,546.0,2.716417910447761,37.79,-122.19,1.728
9.5271,16.0,8.459251101321586,1.0418502202643172,2777.0,3.058370044052864,37.84,-122.0,5.00001
2.2146,31.0,3.9568034557235423,0.958963282937365,1669.0,3.6047516198704095,33.11,-117.08,1.167
4.9732,35.0,4.975,1.046875,1238.0,3.86875,33.91,-118.1,1.65
10.4835,30.0,7.618556701030927,0.9759450171821306,851.0,2.924398625429553,33.95,-117.99,4.986
3.2589,9.0,11.458507963118189,2.0561609388097235,2811.0,2.3562447611064545,37.84,-120.2,1.379
1.722,14.0,3.432791728212703,1.1137370753323486,1026.0,1.515509601181684,38.46,-122.73,1.5
3.6375,19.0,5.98639455782313,1.126530612244898,1901.0,2.5863945578231293,33.21,-117.22,1.988
4.317,29.0,5.408108108108108,1.008108108108108,956.0,2.583783783783784,37.98,-122.01,1.94
10.9506,20.0,7.610465116279069,1.069767441860465,514.0,2.988372093023256,37.64,-121.88,4.758
2.3125,48.0,5.025714285714286,1.1114285714285714,716.0,2.045714285714286,39.2,-121.05,1.083
5.2108,31.0,5.846153846153846,1.083916083916084,1604.0,2.804195804195804,37.34,-122.0,3.515
2.8021,14.0,6.239175257731959,1.1463917525773195,1349.0,2.781443298969072,34.43,-117.11,1.112
3.0926,6.0,3.67351598173516,1.0833333333333333,2295.0,2.6198630136986303,34.24,-118.52,4.185
7.9096,39.0,6.348780487804878,1.1121951219512196,928.0,2.2634146341463413,33.99,-118.55,5.00001
7.5696,4.0,8.026178010471204,1.1570680628272252,545.0,2.8534031413612566,34.87,-120.45,3.287
5.4639,35.0,6.057534246575343,0.958904109589041,1004.0,2.750684931506849,37.71,-122.08,2.386
3.0905,12.0,5.122489959839357,1.0562248995983936,3628.0,2.428380187416332,39.78,-121.86,1.178
3.2311,34.0,5.281012658227848,1.0556962025316456,1501.0,3.8,33.94,-117.47,1.056
2.1071,15.0,6.721649484536083,1.5360824742268042,248.0,2.556701030927835,33.65,-116.9,0.938
3.2794,7.0,5.546473302570863,1.044166117336849,5146.0,3.3922214897824654,34.46,-117.2,0.925
3.8,41.0,4.773892773892774,1.0233100233100234,1191.0,2.7762237762237763,33.91,-118.36,2.225
8.401,26.0,7.530805687203792,1.056872037914692,542.0,2.5687203791469195,37.83,-122.2,3.512
4.0529,33.0,4.028497409326425,0.9352331606217616,1571.0,4.069948186528498,34.12,-117.9,1.382
3.0833,52.0,4.532994923857868,1.083756345177665,856.0,2.172588832487309,37.74,-122.42,3.281
3.1212,39.0,4.535897435897436,1.051282051282051,1499.0,3.843589743589744,34.29,-118.43,1.535
2.4911,35.0,4.506702412868632,0.96514745308311,1648.0,4.418230563002681,34.07,-117.99,1.459
2.025,46.0,4.565126050420168,1.0714285714285714,1343.0,2.821428571428572,34.03,-118.31,1.355
4.2743,28.0,6.077338129496403,0.9928057553956836,1543.0,2.775179856115108,38.68,-121.34,1.24
2.3049,25.0,3.641843971631206,1.0797872340425532,2271.0,4.026595744680851,34.06,-117.7,1.5
5.8632,52.0,6.956228956228956,1.0740740740740742,981.0,3.303030303030303,34.07,-118.34,4.5
2.5227,30.0,4.341121495327103,1.1121495327102804,763.0,3.5654205607476634,34.07,-118.26,1.875
7.3151,34.0,6.204176334106728,1.0092807424593968,1087.0,2.5220417633410674,33.9,-118.4,4.922
1.9583,47.0,5.906976744186046,1.255813953488372,384.0,4.465116279069767,34.06,-117.76,0.926
3.5521,17.0,3.9888392857142856,1.0334821428571428,1671.0,3.7299107142857135,34.22,-118.37,1.515
3.8643,33.0,5.052536231884058,1.0271739130434785,1682.0,3.0471014492753623,37.73,-122.41,2.762
6.4967,15.0,6.180904522613066,1.1231155778894473,1049.0,2.635678391959799,33.66,-117.82,3.875
1.6667,44.0,3.5064516129032257,1.0806451612903225,1441.0,4.648387096774194,33.98,-118.25,1.125
1.3801,36.0,4.5664160401002505,1.1253132832080202,930.0,2.330827067669173,40.68,-122.35,0.566
2.5104,30.0,3.916923076923077,1.0553846153846154,1082.0,3.329230769230769,34.43,-119.69,2.281
2.6411,52.0,5.170403587443946,1.053811659192825,481.0,2.15695067264574,37.77,-122.24,2.41
3.75,42.0,4.747787610619469,0.9734513274336284,804.0,3.557522123893805,34.21,-118.35,1.726
1.8417,13.0,4.770642201834862,1.055045871559633,249.0,2.2844036697247705,38.92,-122.62,0.847
2.0972,52.0,3.149812734082397,1.155430711610487,873.0,1.6348314606741574,32.73,-117.16,1.125
1.8299,45.0,4.835064935064935,1.0792207792207793,2256.0,2.92987012987013,36.34,-119.3,0.631
4.225,34.0,4.635311143270623,0.9450072358900145,2072.0,2.9985528219971056,33.83,-118.03,1.984
2.5863,30.0,5.027496382054993,1.0636758321273516,1674.0,2.422575976845152,34.04,-117.04,0.983
5.3951,37.0,5.142011834319527,1.0532544378698223,1346.0,2.6548323471400392,37.32,-122.27,2.777
3.1546,34.0,4.669576059850374,1.1945137157107233,1622.0,2.0224438902743143,36.98,-121.95,2.612
2.7727,25.0,3.6779661016949152,1.0127118644067796,2267.0,2.4014830508474576,37.36,-121.95,2.356
4.3646,41.0,4.489736070381231,1.0058651026392962,1119.0,3.281524926686217,33.88,-118.14,1.614
4.2685,32.0,5.55794701986755,1.0281456953642385,1696.0,2.80794701986755,34.1,-117.88,2.166
2.7562,18.0,4.873479318734793,0.9683698296836984,1333.0,3.24330900243309,37.44,-120.76,0.905
1.3042,45.0,3.953379953379953,0.9883449883449884,1502.0,3.501165501165501,33.98,-118.27,0.992
2.6062,33.0,6.997518610421836,1.2779156327543424,976.0,2.4218362282878414,41.4,-120.12,0.526
2.4353,36.0,5.717213114754099,1.0819672131147542,700.0,2.8688524590163933,38.19,-121.57,1.625
3.5208,20.0,5.2,1.34,69.0,1.38,34.0,-116.57,0.766
1.2668,27.0,2.7605321507760534,1.044345898004435,653.0,1.4478935698447897,32.72,-117.16,2.25
1.9231,44.0,3.959550561797753,1.0404494382022471,786.0,1.7662921348314606,34.01,-118.33,1.885
5.0923,16.0,7.176351351351351,1.204054054054054,3836.0,2.591891891891892,33.91,-117.98,2.572
2.7039,39.0,5.116945107398568,1.2840095465393797,749.0,1.7875894988066825,36.56,-121.92,3.64
3.1875,18.0,5.0482374768089056,1.033395176252319,1667.0,3.0927643784786643,38.62,-122.87,1.761
5.979,19.0,6.860557768924303,1.0225763612217795,2374.0,3.152722443559097,33.91,-118.0,2.852
2.8167,10.0,6.080078125,1.150390625,1508.0,2.9453125,37.19,-119.68,0.961
2.1776,46.0,3.97737556561086,1.1447963800904977,1010.0,4.570135746606335,34.01,-118.26,1.183
3.9792,16.0,5.838074398249453,0.9934354485776804,1536.0,3.361050328227571,36.81,-119.68,0.889
7.2779,16.0,5.351851851851852,0.9166666666666666,455.0,2.1064814814814814,37.35,-122.03,2.929
4.9231,8.0,4.748936170212766,1.1361702127659574,435.0,1.851063829787234,34.1,-118.18,2.309
5.5209,35.0,6.532258064516129,1.096774193548387,1052.0,4.241935483870968,34.22,-118.52,2.033
1.5417,18.0,7.666666666666667,1.5925925925925926,98.0,1.8148148148148149,32.69,-115.9,0.575
4.9091,6.0,4.94017094017094,0.8162393162393162,910.0,3.888888888888889,34.07,-117.38,1.224
2.1023,12.0,4.119906868451688,1.0116414435389989,1987.0,2.3131548311990686,33.94,-117.45,1.037
1.5026,38.0,3.1928166351606806,0.994328922495274,1071.0,2.0245746691871456,38.43,-122.71,1.24
8.1163,16.0,7.8982035928143715,1.032934131736527,1055.0,3.158682634730539,37.92,-122.01,3.658
3.5746,52.0,3.9454297407912686,1.024556616643929,1785.0,2.435197817189632,37.8,-122.41,3.5
3.1475,28.0,4.393728222996516,1.0731707317073171,991.0,1.7264808362369335,34.06,-118.38,3.625
2.9388,37.0,4.335249042145594,0.9616858237547892,1677.0,3.21264367816092,34.08,-117.76,1.392
2.6094,52.0,6.98639455782313,1.6598639455782314,492.0,3.346938775510204,37.8,-122.29,0.813
6.4858,12.0,5.55779427359491,1.0445387062566278,2048.0,2.171792152704136,33.68,-118.0,2.854
3.0625,12.0,5.351162790697674,1.0813953488372092,2299.0,2.6732558139534883,38.48,-121.43,0.905
2.824,36.0,4.467775467775468,1.0956340956340955,1359.0,2.8253638253638256,33.97,-118.03,1.679
3.1858,34.0,6.346153846153846,1.3307692307692307,355.0,2.730769230769231,38.65,-121.38,1.095
2.2202,22.0,4.557017543859649,0.9451754385964912,1336.0,2.929824561403509,36.05,-119.02,0.652
5.5218,15.0,6.282926829268293,1.0195121951219512,1657.0,4.041463414634146,37.58,-122.08,2.544
4.0909,52.0,5.358974358974359,1.1948717948717948,1219.0,3.1256410256410256,34.14,-118.2,2.042
6.4685,22.0,6.721374045801527,1.036259541984733,1706.0,3.2557251908396947,33.83,-117.88,2.412
1.7344,6.0,3.3983572895277208,1.1006160164271048,1201.0,2.46611909650924,33.89,-118.16,1.458
3.0089,44.0,4.738255033557047,1.1812080536912752,399.0,2.6778523489932886,34.27,-119.28,1.667
1.5938,36.0,5.537142857142857,1.177142857142857,732.0,4.182857142857143,37.29,-120.31,0.576
3.9936,5.0,5.838768115942029,1.045289855072464,3427.0,3.1041666666666665,34.56,-118.12,1.485
6.299,17.0,6.478021978021978,1.0879120879120878,1387.0,3.81043956043956,33.87,-118.04,2.858
6.3245,52.0,4.735294117647059,1.1360294117647058,437.0,1.6066176470588236,37.8,-122.41,5.00001
4.7609,24.0,6.180327868852459,1.0683060109289615,1125.0,3.0737704918032787,37.69,-122.17,2.126
5.2124,9.0,5.329931972789115,1.0170068027210883,675.0,2.295918367346939,33.67,-117.81,1.996
7.732,18.0,7.26171875,0.98046875,747.0,2.91796875,34.15,-117.2,1.732
2.6364,48.0,4.182584269662922,0.9157303370786516,1115.0,3.1320224719101124,37.73,-122.4,1.993
3.4449,32.0,5.156199677938808,1.1207729468599037,1573.0,2.533011272141707,34.17,-118.43,2.929
5.0254,36.0,5.774193548387097,0.9919354838709676,388.0,3.129032258064516,33.79,-118.34,3.5
1.6452,32.0,4.324705882352941,1.0376470588235294,1628.0,3.8305882352941176,36.06,-119.14,0.415
3.3095,33.0,5.474120082815735,0.9503105590062112,1113.0,2.3043478260869565,41.74,-122.64,0.813
3.2417,36.0,3.684057971014493,1.0028985507246375,811.0,2.3507246376811595,33.88,-118.33,2.833
3.5174,36.0,4.5479452054794525,1.0943683409436835,1357.0,2.0654490106544903,34.21,-118.23,2.68
3.8889,25.0,4.534883720930233,1.372093023255814,140.0,3.255813953488372,34.25,-119.2,1.875
4.9222,7.0,6.279615795090715,1.0101387406616862,6657.0,3.5522945570971185,38.25,-122.0,1.429
3.1571,43.0,4.976127320954907,1.0318302387267904,807.0,2.140583554376658,37.94,-122.33,1.416
1.9667,2.0,5.715976331360947,1.5976331360946745,233.0,1.378698224852071,34.42,-118.56,4.5
3.3534,26.0,6.087096774193548,1.1548387096774193,1913.0,3.085483870967742,34.13,-117.24,0.989
4.6635,28.0,6.41726618705036,1.118705035971223,735.0,2.643884892086331,37.64,-122.1,2.067
1.4617,25.0,3.341708542713568,1.067001675041876,743.0,1.2445561139028476,33.76,-118.08,0.469
6.7496,36.0,5.411616161616162,1.095959595959596,751.0,1.8964646464646464,34.05,-118.48,5.00001
4.3646,42.0,5.212765957446808,1.066193853427896,1392.0,3.2907801418439715,34.04,-118.13,2.114
4.0938,5.0,6.28125,1.0658482142857142,9509.0,3.5375744047619047,33.92,-117.22,1.309
13.1107,17.0,8.111650485436893,0.9320388349514565,678.0,3.29126213592233,33.89,-117.89,4.676
2.4597,49.0,4.728033472803348,1.0209205020920502,607.0,2.5397489539748954,37.85,-122.28,0.938
5.3912,35.0,5.82018927444795,1.025236593059937,1343.0,4.236593059936909,37.4,-121.99,2.353
4.3636,28.0,6.138020833333333,1.0625,1162.0,3.0260416666666665,34.67,-118.22,1.797
2.2339,5.0,4.291297935103245,1.1113569321533925,3237.0,2.3871681415929205,38.67,-121.36,1.166
2.5313,36.0,6.261904761904762,1.738095238095238,88.0,2.095238095238096,38.15,-121.99,1.625
7.0546,16.0,7.425925925925926,0.9851851851851852,827.0,3.062962962962963,32.91,-117.09,2.822
3.3125,29.0,4.959349593495935,0.943089430894309,619.0,2.516260162601626,36.21,-119.32,0.783
5.6482,35.0,6.551587301587301,1.0674603174603174,707.0,2.805555555555556,33.9,-118.37,2.948
12.3292,29.0,7.916666666666667,1.0555555555555556,244.0,3.388888888888889,37.38,-121.81,4.167
5.9683,33.0,6.112980769230769,1.0552884615384617,1098.0,2.639423076923077,33.88,-118.39,4.955
2.5033,44.0,4.106194690265487,1.0199115044247788,1853.0,4.099557522123894,34.06,-118.17,1.319
3.183,14.0,4.7844827586206895,1.1206896551724137,505.0,1.4511494252873562,38.44,-122.59,2.012
1.0625,20.0,4.546511627906977,1.0116279069767442,523.0,2.0271317829457365,39.75,-121.62,0.928
3.15,52.0,4.765714285714286,1.062857142857143,494.0,2.822857142857143,37.86,-122.27,2.063
3.4196,43.0,5.023404255319149,1.0404255319148936,824.0,1.7531914893617022,32.76,-117.15,3.022
3.8,42.0,4.38974358974359,0.8564102564102564,748.0,3.835897435897436,33.91,-118.17,1.458
3.0542,27.0,4.756507136859781,1.0755667506297228,3612.0,3.0327455919395465,36.61,-121.83,1.421
2.4653,34.0,5.466666666666667,1.0031746031746032,904.0,2.86984126984127,37.35,-120.6,0.661
2.0288,20.0,4.567204301075269,1.0362903225806452,1231.0,1.6545698924731185,37.25,-121.81,3.5
4.8686,4.0,6.293711656441718,1.052914110429448,3887.0,2.980828220858896,33.85,-117.55,1.953
2.7264,32.0,4.547846889952153,0.9569377990430622,946.0,2.263157894736842,33.63,-117.91,3.111
4.9196,37.0,4.866666666666666,0.8862745098039215,621.0,2.4352941176470586,33.84,-118.3,2.324
2.8418,26.0,3.5008,1.1152,2435.0,1.948,34.03,-118.41,3.273
4.5526,10.0,5.518518518518518,1.0052910052910051,1073.0,2.8386243386243386,38.67,-121.8,1.544
2.2167,40.0,6.101123595505618,1.1348314606741574,259.0,2.9101123595505616,37.73,-122.38,1.938
2.25,31.0,3.558558558558558,1.0855855855855856,1095.0,4.9324324324324325,34.28,-119.14,0.75
2.5326,24.0,5.532085561497326,1.1657754010695187,909.0,2.43048128342246,39.12,-120.96,1.391
2.1875,48.0,4.5,1.0142857142857142,791.0,2.825,33.99,-118.32,1.152
1.9074,37.0,4.09866220735786,1.117056856187291,2824.0,4.722408026755853,34.01,-118.26,0.996
3.6369,10.0,5.646564885496184,1.0450381679389311,4611.0,3.519847328244275,35.3,-119.02,0.816
3.7991,21.0,4.907407407407407,1.0061728395061729,414.0,2.555555555555556,38.37,-122.78,1.75
3.2619,25.0,6.193251533742331,1.2607361963190185,888.0,2.723926380368098,38.04,-121.63,1.838
5.5,33.0,6.225563909774436,0.924812030075188,373.0,2.8045112781954886,37.68,-121.01,1.462
2.4896,33.0,5.711864406779661,0.9915254237288136,573.0,2.4279661016949152,40.57,-124.11,0.741
3.1406,41.0,5.691780821917808,1.0205479452054795,443.0,3.0342465753424657,36.37,-119.78,1.0
3.5083,52.0,4.047835990888383,1.0341685649202734,671.0,1.5284738041002277,34.08,-118.33,5.00001
1.6006,52.0,4.427083333333333,1.0173611111111112,1246.0,2.1631944444444446,34.07,-117.75,1.462
1.8396,44.0,4.775628626692456,1.0986460348162477,1363.0,2.636363636363636,34.13,-117.28,0.771
6.2715,20.0,6.90990990990991,1.0585585585585586,871.0,3.923423423423424,32.78,-115.57,0.972
6.3303,16.0,8.287610619469026,1.1238938053097345,1556.0,3.4424778761061945,34.17,-118.94,2.994
3.3056,39.0,3.746630727762803,1.105121293800539,1666.0,4.490566037735849,33.94,-118.36,1.568
2.0962,28.0,6.4132420091324205,1.3812785388127853,1093.0,2.4954337899543377,40.28,-123.84,0.74
4.0977,50.0,4.788008565310492,1.0364025695931478,1171.0,2.507494646680942,37.76,-122.48,3.221
3.1111,43.0,4.196369636963697,1.0247524752475248,1301.0,2.1468646864686467,37.57,-122.33,3.184
4.0357,12.0,6.233333333333333,1.1588235294117648,2778.0,2.723529411764706,33.29,-117.2,2.959
2.6613,26.0,5.19,1.0033333333333334,986.0,3.286666666666666,38.49,-121.49,0.777
4.0742,46.0,5.305439330543933,1.00418410041841,661.0,2.765690376569037,34.17,-118.36,2.291
4.9861,52.0,6.167400881057269,0.9559471365638766,522.0,2.299559471365639,37.44,-122.15,5.00001
5.5924,42.0,5.562146892655368,0.9971751412429378,927.0,2.6186440677966103,34.11,-118.08,2.853
3.3438,19.0,6.963768115942029,1.579710144927536,479.0,3.471014492753623,34.7,-119.31,1.563
2.1875,28.0,4.160714285714286,1.0714285714285714,432.0,2.571428571428572,34.06,-117.18,0.819
1.7262,36.0,4.521604938271605,1.067901234567901,1147.0,3.5401234567901234,33.92,-118.27,0.888
3.102,11.0,6.468421052631579,1.2421052631578948,581.0,3.057894736842105,33.69,-117.35,1.113
3.5189,17.0,5.498201438848921,1.037769784172662,1497.0,2.6924460431654675,40.55,-122.06,1.01
5.2285,24.0,5.932710280373832,0.9457943925233644,1466.0,2.7401869158878505,36.66,-121.64,2.481
2.8438,34.0,4.620967741935484,1.0698924731182795,1444.0,3.881720430107527,33.82,-118.21,1.393
3.1912,24.0,5.0,0.8085106382978723,347.0,2.4609929078014185,37.68,-120.98,1.496
2.5681,35.0,5.050650557620818,1.0343866171003715,9879.0,4.590613382899628,38.27,-121.94,0.813
2.936,17.0,3.300337457817773,1.0686164229471316,2517.0,2.831271091113611,34.2,-118.44,2.325
2.5417,27.0,3.865953947368421,1.1175986842105263,2571.0,2.114309210526316,33.87,-118.19,1.841
4.0693,16.0,5.536585365853658,1.0208034433285509,4383.0,3.144189383070301,32.86,-116.98,1.464
6.9508,18.0,6.906577693040991,0.98093422306959,2893.0,2.757864632983794,37.22,-121.86,3.612
5.5275,22.0,6.429752066115703,0.9889807162534436,1298.0,3.575757575757576,34.26,-119.18,2.289
3.4844,46.0,4.876777251184834,0.8578199052132701,567.0,2.6872037914691944,37.74,-122.16,1.295
5.0384,35.0,6.228070175438597,1.0292397660818713,574.0,3.3567251461988303,33.89,-118.0,2.008
2.9643,48.0,5.548628428927681,1.0798004987531171,1170.0,2.917705735660848,33.99,-118.34,1.404
5.5456,50.0,5.678571428571429,1.0993788819875776,1725.0,2.6785714285714284,34.14,-118.22,2.581
2.9764,14.0,4.578397212543554,1.1637630662020906,2208.0,3.846689895470383,34.06,-118.11,1.603
1.6678,27.0,4.736413043478261,1.0326086956521738,697.0,1.8940217391304348,38.62,-121.37,1.661
5.5842,13.0,5.039426523297491,0.931899641577061,737.0,2.6415770609319,33.08,-116.77,2.391
11.2093,42.0,6.876106194690266,0.9026548672566372,284.0,2.5132743362831858,34.17,-118.43,5.00001
2.1435,52.0,2.8095238095238093,1.0,1920.0,2.5396825396825395,34.06,-118.31,3.289
3.1563,22.0,8.420689655172414,2.1517241379310343,1301.0,4.4862068965517246,36.85,-121.91,3.0
5.7245,52.0,6.042553191489362,1.071808510638298,963.0,2.561170212765957,37.59,-122.37,5.0
2.2,20.0,4.303317535545023,0.976303317535545,481.0,2.279620853080569,39.75,-121.59,0.808
3.3375,39.0,4.738831615120275,0.9690721649484536,883.0,3.0343642611683848,33.9,-118.14,1.801
7.2165,25.0,5.674358974358975,0.9230769230769232,1066.0,2.7333333333333334,37.37,-122.01,3.609
2.0682,40.0,4.635658914728682,1.1395348837209305,1052.0,4.077519379844961,33.88,-117.56,1.13
3.63,32.0,4.752079866888519,1.0349417637271214,1499.0,2.4941763727121464,33.82,-117.96,1.834
8.5491,20.0,6.763698630136986,1.047945205479452,703.0,2.4075342465753424,33.81,-118.38,4.103
3.6447,36.0,6.099547511312217,1.0588235294117647,643.0,2.909502262443439,33.84,-118.16,2.11
1.5611,29.0,4.462915601023018,1.1278772378516624,1530.0,3.9130434782608696,36.71,-119.76,0.444
3.8125,31.0,5.005797101449275,0.991304347826087,879.0,2.5478260869565217,32.8,-117.12,1.663
3.069,35.0,5.317280453257791,0.9291784702549576,1155.0,3.271954674220963,36.81,-119.79,0.696
2.56,16.0,4.395061728395062,0.9074074074074074,355.0,2.191358024691358,34.91,-120.45,1.5
2.2647,25.0,4.392628205128205,0.998397435897436,2272.0,3.641025641025641,34.4,-119.88,2.167
9.7821,28.0,8.212871287128714,1.0915841584158417,1604.0,3.9702970297029694,34.43,-119.77,5.00001
5.5981,10.0,5.744525547445256,1.0104275286757038,3002.0,3.130344108446298,34.45,-118.53,2.201
2.0242,36.0,4.967105263157895,1.0328947368421053,625.0,4.1118421052631575,34.06,-117.33,0.65
3.5073,42.0,4.251351351351351,1.0405405405405406,1859.0,2.5121621621621624,33.85,-118.32,2.348
1.5284,31.0,2.740088105726872,1.0088105726872247,597.0,2.629955947136564,34.1,-118.32,2.0
2.2165,15.0,4.546318289786223,1.009501187648456,1130.0,2.684085510688836,35.76,-120.7,0.906
3.072,15.0,5.977941176470588,1.236764705882353,1986.0,2.920588235294117,37.69,-120.97,1.143
1.3417,33.0,4.421800947867299,1.037914691943128,838.0,3.971563981042654,34.12,-117.33,0.69
4.3008,33.0,6.314159292035399,1.081858407079646,1109.0,2.4535398230088497,38.02,-121.33,1.364
1.6716,32.0,4.577966101694916,1.2,1880.0,3.1864406779661016,33.94,-118.29,1.238
1.6971,52.0,4.173469387755102,0.9897959183673468,208.0,2.122448979591837,37.88,-122.3,1.388
4.1146,41.0,4.938997821350762,1.0588235294117647,1045.0,2.276688453159041,37.68,-122.4,2.722
6.5078,45.0,6.515570934256055,0.9515570934256056,764.0,2.643598615916955,34.11,-118.09,4.148
2.7206,42.0,3.4309063893016343,1.0178306092124814,2609.0,3.87667161961367,33.95,-118.19,1.621
2.8125,52.0,5.022988505747127,1.206896551724138,194.0,2.2298850574712645,37.79,-122.47,5.00001
2.0915,47.0,4.57957957957958,1.078078078078078,982.0,2.948948948948949,33.99,-118.31,1.266
2.2961,35.0,4.119705340699816,1.0902394106813995,1794.0,3.303867403314917,34.04,-118.38,2.077
2.4674,31.0,5.125523012552302,1.1694560669456069,1459.0,3.0523012552301254,37.99,-121.18,1.309
2.9388,37.0,4.335249042145594,0.9616858237547892,1677.0,3.21264367816092,34.08,-117.76,1.392
4.3571,16.0,4.142857142857143,0.9523809523809524,32.0,1.5238095238095235,33.03,-117.05,1.446
4.712,19.0,4.246376811594203,0.991304347826087,646.0,1.872463768115942,37.39,-122.07,2.893
4.4667,34.0,5.812375249500998,1.037924151696607,1625.0,3.2435129740518964,33.79,-117.95,1.906
3.2321,11.0,7.0414673046252,1.15311004784689,1520.0,2.4242424242424243,38.71,-121.19,3.908
1.0349,19.0,4.563106796116505,1.225242718446602,1291.0,2.5067961165048542,34.96,-120.43,1.308
5.5105,26.0,6.7053941908713695,1.2116182572614107,700.0,2.904564315352697,33.68,-117.97,2.321
3.1827,31.0,5.771653543307087,1.0393700787401574,608.0,2.393700787401575,38.02,-121.33,1.621
3.4013,52.0,4.613157894736842,1.0,982.0,2.5842105263157893,38.61,-122.86,1.833
3.9352,44.0,4.603636363636364,1.1290909090909091,961.0,1.7472727272727273,33.76,-118.13,4.069
1.7273,29.0,6.492647058823529,1.375,326.0,2.397058823529412,38.96,-122.64,0.582
2.8818,50.0,5.202614379084968,1.0762527233115469,1241.0,2.703703703703704,34.1,-117.77,1.672
1.6611,48.0,4.975247524752476,1.1014851485148516,1208.0,2.99009900990099,33.98,-118.3,0.958
3.3472,26.0,4.338397790055248,0.925414364640884,1572.0,2.1712707182320443,33.78,-117.88,2.374
2.325,35.0,3.163265306122449,1.0426716141001855,2212.0,4.103896103896104,33.98,-118.21,1.615
4.505,32.0,3.5763546798029555,1.0049261083743843,538.0,2.65024630541872,37.38,-122.01,2.304
4.4063,9.0,4.564426877470356,1.0434782608695652,3086.0,2.439525691699605,33.63,-117.67,2.022
2.1726,23.0,4.287179487179487,0.9871794871794872,1060.0,2.717948717948718,41.02,-124.16,0.755
4.7723,9.0,5.781847133757962,1.0111464968152866,1881.0,2.995222929936306,36.32,-119.27,1.131
2.8594,45.0,3.455072463768116,1.0753623188405796,1084.0,3.1420289855072463,37.33,-121.88,2.059
2.9539,19.0,4.055238095238095,1.0704761904761906,1323.0,2.52,33.2,-117.36,1.699
7.0352,24.0,7.867579908675799,1.0182648401826484,707.0,3.228310502283105,33.9,-117.84,2.996
2.1889,29.0,4.548654244306419,1.0766045548654244,1374.0,2.8447204968944098,38.63,-121.47,0.693
3.6467,21.0,4.64200477326969,1.026252983293556,1335.0,3.186157517899761,32.61,-117.09,1.13
3.2147,7.0,5.398239823982398,1.182618261826183,2014.0,2.2156215621562154,36.84,-119.78,1.119
2.2538,7.0,3.2222222222222223,1.159041394335512,1057.0,2.3028322440087146,34.95,-120.45,1.625
11.5609,52.0,8.512968299711815,1.069164265129683,1152.0,3.319884726224784,34.12,-118.11,5.00001
4.0074,25.0,5.181818181818182,1.042207792207792,1378.0,4.474025974025974,34.17,-119.17,1.88
2.3886,16.0,5.254716981132075,1.1622641509433962,1387.0,2.616981132075472,39.37,-121.24,0.894
3.0827,29.0,4.791505791505792,1.0193050193050193,2773.0,2.6766409266409266,36.7,-121.65,1.481
5.5,45.0,6.482558139534884,1.058139534883721,949.0,2.758720930232558,33.97,-118.34,1.882
3.3438,13.0,3.922297297297298,0.9763513513513512,630.0,2.1283783783783785,33.69,-117.8,3.333
1.8594,12.0,3.755403868031854,1.0955631399317407,2000.0,2.2753128555176336,32.74,-117.02,1.192
2.64,45.0,4.847494553376906,1.0588235294117647,1304.0,2.840958605664488,37.93,-122.34,1.121
6.3663,26.0,6.387370405278039,0.99057492931197,3319.0,3.1281809613572102,37.24,-121.92,2.794
4.3333,29.0,6.023255813953488,1.0348837209302326,1687.0,3.2693798449612403,38.0,-122.31,1.708
1.6607,18.0,5.125,0.9375,104.0,3.25,37.37,-120.67,0.875
6.8317,31.0,6.438515081206496,1.0220417633410672,2465.0,2.859628770301624,34.16,-118.2,4.461
3.1953,15.0,5.178571428571429,1.1717687074829932,1340.0,2.2789115646258504,36.8,-119.72,0.857
8.9616,47.0,7.061371841155235,1.0,724.0,2.6137184115523464,34.04,-118.48,5.00001
4.2989,34.0,4.787658802177859,1.0526315789473684,1150.0,2.087114337568058,34.16,-118.4,3.647
4.0223,34.0,4.0,1.0,1994.0,3.067692307692308,37.39,-122.03,2.502
3.5789,28.0,5.278438030560272,1.0084889643463495,1559.0,2.646859083191851,32.73,-117.09,1.203
5.083,4.0,6.968606932635709,1.1157619359058208,5391.0,3.525833878351864,34.57,-118.02,1.513
2.3173,27.0,3.804195804195804,1.1468531468531469,1171.0,2.729603729603729,37.79,-122.24,1.25
3.775,9.0,5.552158273381295,1.0953237410071943,1530.0,2.75179856115108,32.68,-117.04,1.25
3.3654,23.0,6.375,1.335648148148148,887.0,2.053240740740741,39.31,-123.81,2.25
3.0592,28.0,5.378516624040921,1.0792838874680306,1167.0,2.9846547314578005,38.07,-121.25,1.528
1.9125,35.0,2.926829268292683,0.8536585365853658,477.0,11.634146341463415,35.37,-119.01,0.475
6.8869,6.0,7.382384532760472,1.0300751879699248,2354.0,2.5284640171858217,38.51,-121.06,2.631
2.1715,36.0,3.996383363471971,1.1464737793851718,2341.0,4.233273056057866,33.93,-118.2,1.311
3.3125,39.0,5.589506172839506,1.1496913580246917,1330.0,2.052469135802469,33.83,-118.18,4.255
3.724,38.0,4.480286738351254,0.8458781362007168,631.0,2.261648745519713,37.92,-122.31,2.201
4.0579,5.0,4.876513317191283,1.0847457627118644,2062.0,2.49636803874092,34.59,-118.61,1.671
3.3214,33.0,4.419811320754717,1.018867924528302,1216.0,5.735849056603773,34.27,-118.42,1.313
2.9167,35.0,4.054644808743169,1.0965391621129326,2230.0,4.061930783242259,34.08,-118.18,1.293
6.1237,7.0,6.229007633587786,0.9465648854961832,879.0,3.354961832061069,38.01,-121.92,1.66
3.5078,15.0,6.254587155963303,1.146788990825688,1228.0,2.81651376146789,36.83,-119.71,1.09
4.3533,35.0,4.9877622377622375,1.027972027972028,1761.0,3.0786713286713288,37.69,-121.78,1.684
3.8003,23.0,4.190885640584694,1.0756663800515909,2699.0,2.3207222699914016,37.42,-122.09,2.298
2.6066,21.0,5.790361445783133,1.163855421686747,1647.0,3.968674698795181,35.65,-119.77,0.8
1.7451,23.0,3.6473477406679766,1.0589390962671903,2194.0,2.155206286836936,38.6,-121.42,0.896
5.3135,36.0,6.212410501193317,0.973747016706444,966.0,2.305489260143198,38.53,-121.51,2.166
6.1834,16.0,8.263250883392226,1.0265017667844525,1902.0,3.360424028268551,33.09,-117.04,3.356
3.4625,36.0,5.722426470588236,1.0588235294117647,1746.0,3.209558823529412,37.98,-121.33,0.846
3.8864,36.0,5.438405797101449,1.039855072463768,703.0,2.5471014492753623,37.69,-122.15,1.973
3.4261,16.0,5.160377358490566,1.1132075471698113,945.0,2.971698113207548,33.63,-117.71,2.197
1.6948,30.0,5.370801033591731,1.0775193798449612,1885.0,2.4354005167958657,39.75,-122.18,0.675
5.5464,3.0,5.224137931034483,1.0761494252873562,1486.0,2.135057471264368,33.7,-117.77,2.075
3.9461,16.0,4.522184300341297,1.023890784982935,1969.0,3.360068259385665,37.25,-121.82,1.943
0.9573,19.0,2.951219512195122,1.0,658.0,16.048780487804876,37.64,-121.0,1.625
4.3036,36.0,5.065630397236615,1.069084628670121,1115.0,1.92573402417962,34.15,-118.38,3.659
2.125,32.0,5.814338235294118,1.3088235294117647,1358.0,2.4963235294117645,34.12,-116.0,0.577
6.3002,24.0,6.252252252252252,1.029029029029029,2803.0,2.805805805805806,34.38,-118.55,2.829
3.7766,19.0,5.138211382113822,1.1260162601626016,2332.0,4.739837398373984,36.88,-121.71,1.77
4.26,23.0,5.104105571847508,0.939882697947214,1952.0,2.86217008797654,34.32,-118.45,1.894
7.0592,16.0,7.434579439252336,1.0023364485981308,1663.0,3.885514018691589,33.87,-117.76,2.882
2.551,30.0,3.1767241379310347,0.9892241379310344,1844.0,3.974137931034482,33.99,-118.2,1.6
3.963,28.0,5.427893738140417,0.976280834914611,2672.0,2.535104364326376,32.8,-116.98,1.644
2.8062,27.0,5.06544502617801,1.2041884816753927,1456.0,3.81151832460733,34.09,-118.15,1.928
7.3731,16.0,7.235955056179775,0.9598715890850722,2221.0,3.565008025682183,33.68,-117.97,3.908
3.225,19.0,5.238095238095238,1.0680272108843538,1341.0,3.0408163265306123,35.48,-120.65,1.669
8.3252,41.0,6.984126984126984,1.0238095238095235,322.0,2.555555555555556,37.88,-122.23,4.526
3.1776,16.0,5.89291101055807,1.0120663650075414,1759.0,2.6530920060331824,33.15,-117.13,1.726
5.1837,32.0,5.738489871086556,1.2173112338858194,1105.0,2.034990791896869,33.53,-117.77,4.456
4.8194,37.0,4.98989898989899,0.8686868686868687,253.0,2.555555555555556,38.63,-121.37,1.411
3.0546,33.0,2.922576447625244,1.0299284320104098,3477.0,2.262199089134678,37.7,-122.48,2.979
4.2262,14.0,6.540913921360255,1.0988310308182785,2407.0,2.557917109458024,38.67,-121.25,2.443
6.4211,17.0,7.035353535353536,1.0,1228.0,3.101010101010101,33.03,-117.09,2.207
2.4827,6.0,4.622371740958789,1.1555929352396972,2502.0,2.1042893187552565,38.36,-122.69,1.775
6.7159,12.0,7.289962825278811,1.0408921933085502,985.0,3.661710037174721,37.3,-121.74,3.627
3.4839,45.0,5.461152882205514,1.005012531328321,1159.0,2.9047619047619047,37.68,-122.12,1.806
5.583,27.0,6.876506024096385,0.933734939759036,2045.0,3.0798192771084336,33.94,-117.92,2.677
2.5156,18.0,6.1393034825870645,1.3233830845771144,543.0,2.701492537313433,39.79,-120.53,0.719
1.9405,43.0,3.148846960167715,1.0,1844.0,3.8658280922431865,34.04,-118.21,1.525
2.5104,36.0,3.932330827067669,1.0268528464017186,3816.0,4.098818474758325,34.07,-118.1,1.85
3.184,20.0,3.863888888888889,1.0916666666666666,856.0,2.3777777777777778,33.65,-117.92,2.2
3.5972,39.0,2.66990291262136,0.8446601941747572,554.0,5.378640776699029,33.75,-117.86,1.58
1.6006,52.0,4.427083333333333,1.0173611111111112,1246.0,2.1631944444444446,34.07,-117.75,1.462
1.875,48.0,3.4025974025974026,0.9956709956709956,917.0,3.9696969696969697,32.7,-117.13,0.756
4.7241,46.0,5.375757575757576,0.9545454545454546,753.0,2.2818181818181817,34.17,-118.1,2.796
4.74,42.0,5.105540897097625,1.0237467018469657,1136.0,2.9973614775725594,33.9,-118.36,2.3
2.9688,42.0,4.536931818181818,1.0596590909090908,1311.0,3.7244318181818175,34.08,-118.03,1.628
2.0062,29.0,3.681318681318681,1.175824175824176,202.0,2.21978021978022,37.81,-122.26,1.25
4.1902,42.0,4.818604651162791,0.9255813953488372,656.0,3.0511627906976746,34.07,-118.14,2.35
1.7257,39.0,5.068354430379747,1.0531645569620254,1166.0,2.951898734177216,37.93,-122.35,0.915
4.3269,13.0,5.926686217008798,1.06158357771261,1081.0,3.1700879765395893,33.79,-117.8,2.314
5.0969,4.0,5.729942693409742,1.1540114613180517,3596.0,2.5759312320916905,38.06,-122.32,1.742
4.8854,17.0,6.74296205630355,1.0599755201958383,2748.0,3.3635250917992656,32.96,-116.99,1.813
2.6417,35.0,4.232558139534884,0.9069767441860463,115.0,2.6744186046511627,38.55,-121.42,0.989
2.875,34.0,10.046321525885558,2.0599455040871937,941.0,2.564032697547684,34.24,-117.27,1.176
5.1118,32.0,5.855491329479769,0.976878612716763,436.0,2.520231213872832,37.98,-122.0,2.269
4.1154,28.0,5.45506419400856,1.0684736091298146,1790.0,2.553495007132668,34.19,-118.61,2.464
6.5322,14.0,8.079681274900398,1.0159362549800797,781.0,3.1115537848605577,38.76,-121.17,3.94
3.6806,22.0,4.666666666666667,0.9629629629629628,196.0,2.419753086419753,33.76,-117.84,2.194
2.6016,14.0,4.6989733059548255,1.104722792607803,6068.0,2.491991786447638,38.68,-121.28,1.212
4.6674,16.0,5.722154222766218,1.0208078335373316,2188.0,2.6780905752753976,32.84,-116.92,1.78
2.4612,45.0,4.370473537604457,1.0,1203.0,3.350974930362117,34.03,-118.14,1.805
2.5536,25.0,4.510791366906475,1.038369304556355,1337.0,3.206235011990408,34.06,-117.69,1.44
4.4318,52.0,5.74384236453202,1.0689655172413792,861.0,2.1206896551724137,37.76,-122.43,4.375
4.0185,22.0,4.910979228486647,1.0207715133531157,1807.0,2.6810089020771515,33.83,-117.97,2.009
7.9248,21.0,7.246951219512195,0.9817073170731708,1007.0,3.0701219512195124,34.48,-119.78,5.00001
2.4659,27.0,6.311320754716981,1.2358490566037736,314.0,2.962264150943396,34.39,-119.34,2.313
1.4427,36.0,3.798076923076923,1.0769230769230769,426.0,2.048076923076923,35.38,-119.01,0.506
3.445,8.0,4.784123910939012,1.1355275895450143,3012.0,2.915779283639884,34.27,-119.2,2.034
3.0588,28.0,3.781065088757397,1.0591715976331362,1062.0,6.284023668639053,33.92,-117.94,1.452
4.2719,20.0,3.5479338842975205,1.0512396694214876,2389.0,1.9743801652892563,37.38,-122.06,2.708
2.809,20.0,4.305135951661631,1.1132930513595165,1855.0,2.802114803625378,33.9,-118.15,1.446
2.6392,21.0,6.221631205673759,1.074468085106383,1576.0,2.794326241134752,38.76,-120.76,1.485
6.6854,18.0,6.648221343873518,0.9901185770750988,1442.0,2.849802371541502,38.51,-122.69,3.13
3.1062,11.0,5.140302613480055,1.0412654745529573,2212.0,3.0426409903713894,33.23,-117.34,1.41
5.0804,22.0,5.596923076923077,1.106153846153846,1329.0,2.0446153846153847,37.38,-122.11,5.00001
2.033,16.0,3.705211726384365,1.0732899022801303,1914.0,3.1172638436482085,35.74,-119.23,0.684
2.9306,48.0,5.083950617283951,0.9580246913580248,834.0,2.05925925925926,36.76,-119.81,0.679
2.6563,26.0,4.29489291598023,1.1235584843492588,1401.0,2.3080724876441514,37.68,-122.08,1.841
4.3899,33.0,4.8121546961325965,1.0349907918968693,3150.0,5.801104972375691,33.72,-117.9,1.807
4.3864,18.0,5.507042253521127,1.0,247.0,3.4788732394366195,37.72,-120.93,1.795
6.1572,25.0,7.051136363636363,1.0227272727272727,960.0,2.727272727272727,33.63,-117.97,3.44
2.1406,19.0,2.847741935483871,1.0451612903225806,1304.0,1.6825806451612904,37.45,-122.16,4.025
5.3738,35.0,6.444776119402985,1.0238805970149254,833.0,2.4865671641791045,33.88,-117.94,3.651
3.8056,29.0,6.391304347826087,1.0608695652173914,1072.0,3.1072463768115943,36.83,-119.91,1.654
1.5272,41.0,4.614583333333333,1.1333333333333333,2054.0,4.279166666666667,33.99,-118.25,1.003
2.3261,20.0,3.412621359223301,1.0024271844660195,850.0,2.063106796116505,32.75,-117.12,1.146
3.3,30.0,5.086206896551724,1.091954022988506,990.0,2.8448275862068964,34.15,-117.25,0.976
8.2737,7.0,7.364768683274021,0.9679715302491104,1843.0,3.2793594306049823,36.86,-119.77,1.935
1.7188,43.0,4.181818181818182,1.1302211302211302,1227.0,3.0147420147420148,37.78,-122.21,1.268
7.5443,33.0,6.309523809523809,1.0386904761904765,907.0,2.699404761904762,37.29,-121.98,2.83
2.625,31.0,4.416666666666667,0.9345238095238096,1163.0,3.461309523809524,37.96,-121.22,0.721
3.4519,15.0,6.157303370786517,1.130337078651685,1188.0,2.6696629213483147,41.28,-122.45,1.288
5.8239,17.0,6.887323943661972,1.0250391236306728,1970.0,3.082942097026604,38.41,-121.32,2.475
4.2422,27.0,3.384180790960452,1.0131826741996233,1610.0,3.032015065913371,37.37,-121.99,2.375
2.2813,41.0,3.842931937172775,0.9947643979057592,565.0,2.9581151832460733,34.02,-118.13,1.92
3.6477,15.0,8.33495145631068,1.6310679611650485,501.0,2.4320388349514563,40.3,-121.09,1.134
3.0347,45.0,4.5375,0.9125,568.0,3.55,34.07,-118.09,1.832
6.1047,7.0,5.925431274346132,1.011686143572621,6075.0,3.380634390651085,37.57,-122.05,2.782
3.2112,20.0,6.517307692307693,1.353846153846154,1309.0,2.517307692307692,35.6,-121.1,2.045
3.0448,30.0,4.577568134171908,1.0828092243186582,2524.0,2.6457023060796647,34.12,-117.85,1.921
6.1273,26.0,7.0049504950495045,0.9876237623762376,1204.0,2.98019801980198,33.92,-118.0,2.896
5.5164,15.0,6.644012944983818,1.0388349514563109,993.0,3.2135922330097086,32.75,-116.87,2.489
3.0625,25.0,5.1035598705501615,1.0032362459546926,844.0,2.7313915857605178,35.41,-119.04,0.694
0.536,36.0,12.25,3.5,18.0,2.25,40.31,-123.17,0.14999
4.0982,36.0,5.880769230769231,1.023076923076923,683.0,2.626923076923077,32.79,-117.09,1.712
3.244,38.0,4.494949494949495,1.0101010101010102,481.0,2.429292929292929,37.71,-122.17,1.798
2.1848,16.0,5.939733707077785,1.2319551506657322,2711.0,1.89978976874562,33.71,-117.21,0.979
3.46,32.0,6.8843137254901965,1.2666666666666666,1733.0,3.3980392156862744,34.71,-117.96,1.239
1.9375,23.0,4.389380530973451,1.168141592920354,1043.0,2.307522123893805,39.15,-121.62,0.653
9.4667,32.0,7.325757575757576,1.0378787878787878,1558.0,2.950757575757576,34.17,-118.02,5.00001
5.6163,27.0,6.515669515669516,1.0056980056980056,1140.0,3.247863247863248,33.83,-117.87,2.31
3.9926,14.0,5.555555555555555,1.0098039215686274,1867.0,3.0506535947712417,36.32,-119.77,0.925
2.9076,24.0,4.220496894409938,1.1164596273291925,3018.0,4.686335403726708,34.24,-118.53,2.753
1.2347,16.0,3.6666666666666665,1.0825082508250825,930.0,3.0693069306930694,32.75,-117.08,1.281
4.4091,37.0,5.4171597633136095,1.0532544378698223,925.0,2.7366863905325443,33.93,-118.33,1.484
2.2292,45.0,4.773684210526316,0.9263157894736842,463.0,2.4368421052631577,38.79,-121.23,0.92
2.7069,18.0,5.065918653576437,1.0336605890603086,1864.0,2.614305750350632,32.84,-116.9,1.538
5.2578,39.0,5.820754716981132,0.8962264150943396,236.0,2.2264150943396226,37.79,-122.18,2.53
2.8139,15.0,5.571932299012694,1.002820874471086,4769.0,3.363187588152327,38.51,-121.42,0.904
1.0114,45.0,4.29,1.27,510.0,2.55,38.57,-121.5,0.8
4.9167,33.0,6.454545454545454,1.0909090909090908,91.0,2.757575757575758,38.25,-122.24,1.875
3.1667,22.0,3.803837953091685,1.0,1952.0,2.0810234541577826,33.66,-117.9,1.61
3.0685,33.0,4.155866900175131,0.9667250437828372,1673.0,2.9299474605954465,33.87,-118.15,1.818
3.3846,15.0,2.930327868852459,0.8770491803278688,1394.0,5.713114754098361,33.74,-117.91,1.625
1.5347,31.0,4.987068965517241,1.1896551724137931,956.0,4.120689655172414,37.96,-122.36,0.804
3.9773,36.0,5.242718446601942,0.964401294498382,1258.0,4.0711974110032365,33.97,-118.08,1.667
4.1064,16.0,5.0231548480463095,1.024602026049204,1769.0,2.560057887120116,33.86,-117.78,2.461
2.1458,22.0,5.287610619469026,1.0707964601769913,1131.0,2.502212389380531,40.71,-122.4,0.847
1.7213,44.0,4.894353369763206,1.1293260473588342,1521.0,2.7704918032786887,35.37,-119.02,0.616
3.7159,52.0,5.325342465753424,0.9897260273972602,620.0,2.1232876712328768,37.73,-122.17,1.833
3.1875,26.0,3.92183908045977,1.186206896551724,894.0,2.055172413793104,34.03,-118.43,3.727
4.5625,35.0,6.0,1.0,706.0,2.824,33.96,-118.13,2.535
1.0313,20.0,2.4368421052631577,0.9473684210526316,486.0,2.557894736842105,38.59,-121.49,0.85
3.7045,52.0,4.720430107526882,1.0,393.0,2.1129032258064515,37.5,-122.26,3.605
6.0069,29.0,6.305057096247961,1.3278955954323002,1266.0,2.065252854812398,34.4,-119.63,5.00001
6.3842,17.0,7.933660933660934,0.995085995085995,1289.0,3.167076167076167,34.13,-117.66,3.071
1.9135,16.0,4.833333333333333,1.1136363636363635,380.0,2.878787878787879,37.36,-120.61,0.875
5.9582,18.0,7.485477178423237,1.1784232365145229,600.0,2.489626556016597,37.94,-122.52,5.00001
6.1632,32.0,6.4681372549019605,1.017156862745098,1013.0,2.482843137254902,37.92,-122.5,3.492
2.0643,33.0,4.789772727272728,1.052556818181818,2352.0,3.340909090909091,35.37,-118.94,0.576
3.5234,31.0,4.220588235294118,1.0833333333333333,1675.0,2.7369281045751634,33.91,-118.35,2.65
11.7894,45.0,7.4,0.9344262295081968,759.0,2.4885245901639346,34.14,-118.17,5.00001
1.5,45.0,2.7683397683397684,1.2104247104247103,735.0,1.4189189189189189,33.77,-118.18,1.625
2.1935,52.0,4.040697674418604,1.1395348837209305,1767.0,3.4244186046511627,33.73,-118.28,2.432
2.9338,11.0,5.977161500815661,1.0554649265905385,1686.0,2.7504078303425774,40.65,-122.31,1.416
3.7321,36.0,5.235807860262009,1.0131004366812226,551.0,2.406113537117904,38.01,-122.64,2.667
2.3633,28.0,3.5587734241908007,1.091993185689949,1666.0,2.838160136286201,37.32,-121.92,1.984
4.0955,22.0,4.888217522658611,1.0166163141993958,2034.0,3.0725075528700905,33.77,-117.98,1.742
1.871,31.0,5.36283185840708,1.1792035398230087,1360.0,3.008849557522124,37.77,-122.17,0.907
4.5382,39.0,4.972560975609756,0.9817073170731708,1034.0,3.152439024390244,33.92,-118.08,1.657
5.5842,5.0,6.92914653784219,0.9871175523349436,2206.0,3.552334943639292,38.04,-121.35,1.591
2.7036,24.0,3.8568665377176017,1.0618955512572534,2909.0,2.8133462282398454,34.08,-118.14,1.7
2.2138,47.0,5.3003003003003,0.978978978978979,796.0,2.3903903903903903,40.87,-124.07,0.992
5.0772,17.0,5.243967828418231,0.9879356568364612,2693.0,3.609919571045576,37.27,-121.8,2.215
5.2497,32.0,6.629268292682927,1.0902439024390245,1156.0,2.819512195121951,37.7,-122.08,2.593
2.065,26.0,10.583333333333334,2.055555555555556,498.0,2.305555555555556,39.52,-120.51,0.961
2.6736,52.0,3.692934782608696,1.0733695652173914,521.0,1.4157608695652173,34.0,-118.48,5.00001
2.6218,14.0,4.684076433121019,1.0993630573248407,2191.0,2.7910828025477707,36.31,-119.77,0.691
4.1875,6.0,5.816358024691358,1.0324074074074074,2061.0,3.180555555555556,36.84,-121.38,2.176
2.3929,12.0,4.8720136518771335,1.0204778156996588,1658.0,2.8293515358361776,37.28,-120.44,0.811
5.7613,23.0,6.296747967479675,1.1016260162601623,1486.0,3.0203252032520327,34.2,-118.62,2.358
3.275,52.0,8.357827476038338,1.5431309904153354,582.0,1.859424920127796,36.55,-121.92,5.00001
1.6037,44.0,2.767391304347826,1.0304347826086957,1754.0,3.8130434782608695,34.05,-118.28,2.75
5.7373,12.0,5.6594827586206895,0.9956896551724138,731.0,3.1508620689655173,38.63,-120.84,2.083
3.2052,28.0,4.002869440459111,1.0731707317073171,1351.0,1.9383070301291248,34.17,-118.39,2.836
2.5663,26.0,4.036161335187761,1.0584144645340752,2258.0,3.1404728789986094,36.61,-121.84,1.289
2.734,26.0,4.2207920792079205,1.0267326732673268,2199.0,2.1772277227722774,32.77,-117.04,1.489
1.9875,30.0,5.005763688760807,1.0979827089337175,1177.0,3.3919308357348705,37.96,-121.22,0.564
2.4792,26.0,6.12912087912088,1.1565934065934067,987.0,2.7115384615384617,40.71,-122.95,0.888
5.8722,34.0,5.734939759036145,0.9116465863453816,890.0,3.57429718875502,34.05,-117.95,2.048
2.2273,43.0,4.86697247706422,1.201834862385321,1510.0,3.463302752293578,34.03,-118.35,1.233
1.4726,37.0,5.505263157894737,1.2526315789473683,374.0,3.9368421052631577,35.0,-120.58,1.063
3.4231,15.0,5.442508710801394,0.9581881533101044,961.0,3.3484320557491287,36.2,-119.32,0.833
2.6771,23.0,3.748453608247423,1.0762886597938144,958.0,1.975257731958763,33.74,-117.83,1.315
1.9405,36.0,4.925490196078432,1.0588235294117647,910.0,3.5686274509803924,36.86,-121.4,1.454
3.7452,14.0,5.688212927756654,1.0893536121673004,1631.0,3.1007604562737643,35.05,-118.19,0.832
3.875,45.0,4.595155709342561,1.0034602076124568,720.0,2.491349480968858,34.18,-118.34,2.269
3.2937,25.0,4.746153846153846,1.0717948717948718,1678.0,4.302564102564102,36.77,-121.75,1.353
3.0057,35.0,4.095307917888563,1.0058651026392962,2255.0,3.306451612903226,33.79,-118.3,2.353
2.0938,16.0,6.444444444444445,1.8333333333333333,123.0,2.2777777777777777,32.75,-115.72,0.875
4.0433,16.0,5.7421875,1.01953125,748.0,2.921875,38.34,-121.99,1.322
2.7083,45.0,4.678571428571429,1.0634920634920637,736.0,2.9206349206349205,34.01,-118.13,1.618
2.8942,45.0,4.45609756097561,0.9951219512195122,1507.0,3.675609756097561,36.67,-121.62,1.29
3.4306,24.0,5.7407407407407405,1.0113960113960114,1031.0,2.937321937321937,36.23,-119.25,1.392
1.0349,6.0,4.165217391304348,0.982608695652174,734.0,3.1913043478260867,36.19,-119.35,0.678
5.6047,34.0,5.369565217391305,0.9402173913043478,759.0,4.125,33.81,-117.92,2.051
3.2917,34.0,6.597444089456869,1.095846645367412,1041.0,3.3258785942492013,36.55,-119.53,1.115
2.1667,36.0,6.573099415204679,1.0760233918128654,504.0,2.9473684210526314,39.18,-121.43,0.938
4.4063,35.0,5.126506024096385,1.070281124497992,1117.0,2.2429718875502007,37.24,-121.97,4.361
5.1893,34.0,6.307865168539326,1.09438202247191,1152.0,2.58876404494382,37.76,-122.47,4.203
6.7685,21.0,8.452914798206278,1.100896860986547,1410.0,3.161434977578476,32.79,-116.9,2.947
4.2008,12.0,4.643646408839779,1.0524861878453038,1050.0,2.9005524861878453,32.9,-117.15,1.761
3.6033,9.0,4.946764091858038,1.0686325678496869,10323.0,2.693893528183716,34.1,-117.61,1.326
2.9646,26.0,4.285163776493256,1.1104688503532434,3333.0,2.140655105973025,33.97,-118.37,1.798
1.8333,52.0,3.1555555555555554,1.0444444444444445,137.0,3.0444444444444443,34.03,-118.24,3.125
2.7344,25.0,4.166112956810632,1.0365448504983388,715.0,2.3754152823920265,33.98,-117.11,1.49
5.1785,17.0,6.16557734204793,1.093681917211329,1370.0,2.9847494553376905,33.84,-117.85,2.473
1.7456,26.0,5.127922971114168,1.2214580467675378,1765.0,2.4277854195323245,34.17,-117.28,0.868
1.2171,52.0,4.5625,1.1217105263157894,1074.0,3.5328947368421053,37.82,-122.28,0.803
4.0519,7.0,5.927762039660057,1.0623229461756374,2147.0,3.0410764872521248,38.75,-121.31,1.292
6.5095,25.0,6.631578947368421,0.8947368421052632,340.0,1.988304093567252,37.72,-122.13,3.712
8.3617,52.0,5.516129032258065,0.9314516129032258,737.0,2.971774193548387,34.06,-118.33,4.338
2.0893,46.0,4.381818181818182,0.9333333333333332,411.0,2.4909090909090907,33.92,-118.25,0.965
1.6521,36.0,4.068476977567887,1.1216056670602126,2460.0,2.9043683589138136,38.52,-121.44,0.697
4.2042,52.0,3.878313253012048,1.1674698795180722,1152.0,1.3879518072289156,37.79,-122.43,5.00001
5.193,8.0,6.255813953488372,0.9900332225913622,999.0,3.318936877076412,37.81,-121.21,1.721
3.535,31.0,5.254237288135593,1.11864406779661,719.0,3.046610169491525,37.54,-122.02,2.103
2.1793,36.0,2.882,1.068,1809.0,3.618,34.11,-118.2,1.857
4.1635,47.0,4.854111405835544,0.9787798408488064,922.0,2.4456233421750664,33.97,-118.33,1.564
4.5859,17.0,4.433333333333334,0.8848484848484849,695.0,2.106060606060606,37.7,-122.14,1.872
3.6437,17.0,5.158730158730159,1.0738440303657697,2092.0,1.4437543133195307,37.85,-122.06,1.865
2.1382,21.0,5.668498168498169,1.2472527472527473,1341.0,2.456043956043956,38.28,-120.65,1.04
6.5853,16.0,7.379464285714286,1.0178571428571428,690.0,3.080357142857143,32.91,-117.08,2.484
1.4952,42.0,5.00990099009901,1.264026402640264,656.0,2.165016501650165,39.88,-123.71,0.698
2.3762,20.0,4.214363438520131,1.1071817192600653,5370.0,2.9216539717083787,33.13,-117.05,0.985
4.1444,14.0,5.116279069767442,1.0149501661129567,2472.0,2.053156146179402,37.29,-121.86,1.784
5.4904,15.0,6.429611650485437,1.0737864077669903,5495.0,2.66747572815534,33.15,-117.32,2.621
9.5823,52.0,7.981751824817518,1.0364963503649636,733.0,2.6751824817518246,34.16,-118.24,4.062
0.9702,28.0,2.5576470588235294,0.9952941176470588,807.0,1.8988235294117648,33.65,-117.92,2.254
3.6411,19.0,5.892173913043478,1.0417391304347825,1707.0,2.968695652173913,37.98,-121.68,1.628
1.9107,37.0,4.53954802259887,1.0875706214689265,972.0,2.7457627118644066,38.62,-121.44,0.647
2.1743,30.0,3.364394993045897,0.9944367176634216,3208.0,4.461752433936022,33.97,-118.16,1.76
5.0493,4.0,7.947058823529412,1.1964705882352942,2866.0,3.3717647058823528,33.87,-117.5,2.398
5.7789,13.0,6.324242424242424,0.9484848484848484,1165.0,3.5303030303030303,32.63,-117.03,2.277
2.7639,17.0,4.652661064425771,0.9215686274509804,948.0,2.655462184873949,40.93,-124.11,0.902
2.5012,42.0,4.183729433272394,1.0475319926873858,2749.0,2.512797074954296,33.8,-118.2,1.975
2.1422,19.0,3.79951690821256,1.1376811594202898,844.0,2.0386473429951693,32.81,-116.97,1.25
2.81,43.0,4.272340425531915,1.004255319148936,839.0,3.570212765957447,32.66,-117.08,1.034
5.2299,36.0,5.603535353535354,0.9924242424242424,1042.0,2.6313131313131315,33.82,-118.09,2.398
3.25,36.0,3.9972677595628414,1.0081967213114753,1492.0,4.076502732240437,34.06,-118.1,1.792
4.5972,39.0,5.120192307692308,1.1923076923076923,497.0,2.389423076923077,37.11,-122.05,1.463
5.4288,6.0,6.50625,1.03125,1513.0,3.152083333333333,32.83,-116.83,1.678
3.2734,32.0,4.239583333333333,1.08125,2282.0,4.754166666666666,33.92,-118.18,1.364
2.6579,32.0,4.760456273764259,1.038022813688213,1337.0,5.083650190114068,34.05,-118.04,1.568
2.0286,32.0,3.684210526315789,1.1169590643274854,1434.0,4.192982456140351,34.29,-118.44,1.229
3.55,17.0,4.794007490636704,0.951310861423221,707.0,2.647940074906367,37.09,-119.65,1.063
2.5417,15.0,5.626666666666667,1.0177777777777777,1183.0,2.628888888888889,40.66,-122.43,0.922
6.3688,30.0,5.589743589743589,0.946153846153846,1050.0,2.6923076923076925,34.24,-118.27,2.776
2.9306,48.0,5.083950617283951,0.9580246913580248,834.0,2.05925925925926,36.76,-119.81,0.679
3.2021,45.0,5.281437125748503,1.2005988023952097,679.0,2.032934131736527,33.99,-118.35,2.221
5.8673,16.0,7.211111111111111,1.0422222222222222,1471.0,3.2688888888888887,36.36,-119.25,1.548
1.3894,16.0,2.508298755186722,0.9896265560165975,627.0,1.3008298755186722,37.98,-122.03,1.563
4.0125,46.0,4.484662576687117,1.0204498977505112,1814.0,3.70961145194274,37.7,-122.45,2.301
3.0042,28.0,5.677067082683307,1.171606864274571,2362.0,3.684867394695788,38.01,-121.89,1.039
3.8618,41.0,6.345724907063197,1.0260223048327135,660.0,2.453531598513011,33.97,-117.4,1.348
4.0469,34.0,5.628930817610063,1.0754716981132075,2786.0,4.380503144654088,34.06,-117.97,1.668
2.1607,34.0,5.022082018927445,1.1482649842271293,950.0,2.996845425867508,40.78,-124.18,0.67
5.2099,35.0,5.80327868852459,1.009367681498829,1333.0,3.1217798594847777,33.86,-117.95,1.914
3.2578,18.0,5.755154639175258,1.2139175257731958,919.0,2.368556701030928,33.94,-116.47,0.852
5.6228,42.0,6.4453125,1.0703125,645.0,2.51953125,37.9,-122.27,3.754
1.8878,30.0,4.272952853598015,0.9230769230769232,1467.0,3.640198511166253,36.56,-119.62,0.516
6.2247,36.0,6.088737201365188,1.061433447098976,901.0,3.0750853242320817,33.82,-118.36,3.39
3.3409,8.0,3.849744711889132,1.148796498905908,2389.0,1.7425237053245806,33.68,-117.89,1.813
2.9184,12.0,4.480300187617261,1.0150093808630394,4601.0,4.316135084427767,36.32,-121.25,1.005
4.2432,13.0,6.350568769389866,1.0537745604963806,2553.0,2.640124095139607,38.54,-121.67,3.265
4.1111,36.0,6.103286384976526,1.0352112676056338,1246.0,2.924882629107981,34.19,-118.56,2.156
2.949,17.0,4.832365747460087,1.0174165457184323,3183.0,2.309869375907112,32.83,-116.97,1.173
1.881,25.0,5.56353591160221,1.1104972375690607,1160.0,3.2044198895027622,35.96,-119.19,0.525
3.4773,36.0,5.452768729641694,1.006514657980456,818.0,2.6644951140065145,32.62,-117.08,1.504
4.1029,52.0,5.632022471910112,1.0084269662921348,847.0,2.379213483146068,37.79,-122.46,5.00001
5.7245,52.0,6.042553191489362,1.071808510638298,963.0,2.561170212765957,37.59,-122.37,5.0
6.9391,52.0,8.244725738396625,1.0337552742616034,645.0,2.721518987341772,34.11,-118.3,5.00001
3.1439,9.0,5.542196531791907,1.0277456647398844,2162.0,2.49942196531792,40.62,-122.4,1.031
5.5718,20.0,6.458410351201478,1.0147874306839186,1673.0,3.0924214417744915,38.35,-122.32,1.852
1.8523,48.0,4.4789029535864975,1.042194092827004,859.0,1.8122362869198312,38.01,-122.13,1.448
8.0595,17.0,8.18840579710145,1.0579710144927537,1052.0,3.0492753623188404,37.22,-121.87,4.85
4.8906,15.0,5.728132387706856,1.0283687943262412,1366.0,3.2293144208037825,33.54,-117.67,1.818
2.4492,12.0,5.817004048582996,1.2275303643724695,4862.0,3.9368421052631577,34.1,-117.39,1.038
3.15,49.0,5.83,1.0466666666666666,705.0,2.35,36.77,-119.81,0.722
3.7846,41.0,4.515202702702703,0.9763513513513512,2259.0,3.8158783783783785,34.12,-117.91,1.455
3.1439,40.0,5.102836879432624,1.049645390070922,1444.0,2.5602836879432624,36.67,-121.66,1.923
7.3151,34.0,6.204176334106728,1.0092807424593968,1087.0,2.5220417633410674,33.9,-118.4,4.922
5.5121,34.0,6.024390243902439,1.0365853658536586,584.0,2.3739837398373984,37.26,-121.95,2.647
3.7337,17.0,4.770175438596492,1.0333333333333334,1386.0,2.431578947368421,35.27,-120.66,2.082
8.5491,20.0,6.763698630136986,1.047945205479452,703.0,2.4075342465753424,33.81,-118.38,4.103
2.3558,18.0,11.209523809523809,2.1333333333333333,181.0,1.723809523809524,38.99,-122.7,1.347
5.0629,23.0,5.7381174277726,1.0521901211556384,2817.0,2.625349487418453,33.84,-117.84,2.326
6.9909,36.0,6.169590643274854,1.0116959064327486,984.0,2.8771929824561404,34.2,-118.32,3.453
3.9667,25.0,5.008988764044944,1.0359550561797752,2998.0,3.368539325842697,37.53,-122.04,2.185
2.5326,24.0,5.532085561497326,1.1657754010695187,909.0,2.43048128342246,39.12,-120.96,1.391
2.5,42.0,5.493333333333333,1.0,227.0,3.026666666666667,37.43,-121.11,0.742
2.5729,16.0,5.241258741258742,1.1398601398601398,733.0,2.562937062937063,38.04,-120.35,1.188
5.0527,15.0,6.09556313993174,1.0204778156996588,727.0,2.48122866894198,33.48,-117.68,2.314
5.6485,26.0,7.629787234042553,1.0382978723404257,653.0,2.77872340425532,38.57,-121.36,1.295
2.8793,42.0,5.062730627306273,1.014760147601476,674.0,2.487084870848709,34.05,-118.36,2.021
1.7589,28.0,3.5028735632183907,1.1724137931034482,1816.0,5.218390804597701,33.79,-118.17,1.183
1.2275,38.0,4.04679802955665,1.2044334975369455,1196.0,2.9458128078817736,34.53,-117.3,0.641
1.9531,41.0,3.826530612244898,1.1020408163265305,323.0,3.295918367346939,37.94,-121.31,0.45
6.6478,21.0,7.030921052631579,1.013157894736842,4552.0,2.994736842105264,37.55,-121.95,3.334
3.1625,16.0,5.99234693877551,1.1377551020408163,1302.0,3.321428571428572,37.68,-120.97,1.303
10.7582,25.0,8.715,1.06,604.0,3.02,37.25,-121.99,5.00001
4.0547,52.0,4.787878787878788,1.0212121212121212,1425.0,4.318181818181818,37.71,-122.46,2.462
5.5198,14.0,6.559751037344398,1.0311203319502074,7363.0,3.055186721991701,34.14,-117.61,2.456
5.4949,32.0,5.773497688751927,1.024653312788906,1687.0,2.599383667180277,37.38,-121.82,3.308
5.5798,33.0,6.4185733512786,1.0592193808882908,2019.0,2.7173620457604306,34.17,-118.63,3.382
7.5196,16.0,7.895287958115183,1.031413612565445,1172.0,3.068062827225131,33.58,-117.66,3.156
3.6292,27.0,4.636058230683091,1.0851063829787233,2135.0,2.390817469204927,37.31,-121.95,2.646
2.4042,29.0,4.32037037037037,0.9962962962962963,1120.0,2.074074074074074,37.68,-122.09,2.056
6.1183,49.0,5.869565217391305,1.2608695652173914,86.0,3.739130434782609,37.82,-122.29,0.75
2.5,35.0,3.36697247706422,1.036697247706422,398.0,3.651376146788991,37.47,-122.22,1.667
1.6932,37.0,4.661971830985915,1.1070422535211268,841.0,2.369014084507042,38.54,-121.49,0.784
1.5962,46.0,4.344,0.996,880.0,3.52,33.97,-118.26,0.957
6.1481,11.0,7.095238095238095,1.034798534798535,1672.0,3.062271062271062,32.8,-116.8,2.746
2.2301,26.0,5.252702702702703,1.0527027027027027,2512.0,3.3945945945945946,37.92,-122.33,1.224
6.0621,20.0,6.512195121951219,1.018970189701897,1149.0,3.113821138211382,37.06,-122.0,3.044
2.6181,9.0,5.077477477477477,1.4792792792792793,851.0,1.5333333333333334,32.75,-117.15,2.042
4.5163,34.0,5.319923371647509,1.0344827586206895,1954.0,3.743295019157088,34.0,-117.96,1.838
4.1667,46.0,2.7142857142857144,0.5714285714285714,66.0,4.714285714285714,33.81,-117.99,1.625
2.2976,32.0,3.2487046632124352,1.0336787564766838,1281.0,3.3186528497409324,33.93,-118.34,1.557
2.5625,23.0,5.498901098901099,1.0571428571428572,1443.0,3.171428571428572,39.72,-122.04,0.7
4.174,22.0,6.213171577123051,0.949740034662045,1757.0,3.045060658578856,39.1,-121.63,1.001
3.3479,30.0,4.73225516621743,1.1257861635220126,4065.0,3.652291105121294,37.64,-122.08,1.821
2.6827,16.0,5.93993993993994,1.1261261261261262,961.0,2.885885885885886,40.32,-122.42,0.839
5.1045,14.0,7.395498392282958,1.0771704180064308,1001.0,3.2186495176848875,33.87,-117.33,1.613
2.4183,7.0,4.582926829268293,1.0829268292682928,1065.0,2.597560975609756,39.16,-121.63,1.038
2.9821,45.0,4.481481481481482,0.925925925925926,67.0,2.4814814814814814,34.33,-118.68,3.25
2.5875,17.0,5.381188118811881,1.2574257425742574,522.0,2.584158415841584,39.25,-123.36,1.445
11.8442,31.0,8.385678391959798,1.0577889447236182,2092.0,2.628140703517588,34.1,-118.45,5.00001
2.4632,41.0,5.309352517985611,1.0287769784172662,1086.0,3.906474820143885,33.89,-118.25,1.117
3.2619,52.0,4.792052980132451,1.0172185430463576,1508.0,1.997350993377484,37.85,-122.26,3.096
4.5,16.0,4.895915678524374,1.206851119894598,1551.0,2.0434782608695654,37.35,-122.01,3.236
0.8012,28.0,5.283950617283951,1.1666666666666667,435.0,2.685185185185185,37.75,-122.19,0.818
1.5909,24.0,7.329787234042553,1.446808510638298,532.0,2.8297872340425534,33.09,-116.66,2.219
1.6375,18.0,4.566009104704097,1.1229135053110777,2317.0,3.5159332321699543,34.13,-117.33,0.724
3.2778,41.0,4.5,1.0035971223021585,1053.0,3.787769784172662,33.8,-118.21,1.508
2.5395,25.0,4.970588235294118,1.2379679144385027,1070.0,2.86096256684492,34.05,-117.68,1.875
7.7197,16.0,17.5,1.75,17.0,4.25,33.97,-118.43,5.00001
3.2325,28.0,5.549346016646849,1.0404280618311534,2404.0,2.858501783590963,35.4,-118.96,0.89
7.0565,32.0,7.2125,0.940625,967.0,3.021875,33.77,-117.82,3.246
1.6785,12.0,4.485285101164929,1.011036174126303,7517.0,2.304414469650521,39.74,-121.88,1.531
1.9872,48.0,3.7896995708154506,1.0665236051502145,1908.0,4.094420600858369,33.78,-118.2,1.688
3.8261,52.0,4.808510638297872,1.0729483282674772,868.0,2.6382978723404253,37.76,-122.43,2.5
2.0893,21.0,4.836734693877551,0.9673469387755104,960.0,3.918367346938776,37.93,-121.24,0.65
5.5423,14.0,6.7779690189328745,1.0783132530120485,3699.0,3.183304647160069,34.15,-117.8,2.487
4.6467,23.0,5.629757785467128,1.1003460207612457,1279.0,4.42560553633218,34.08,-118.0,1.851
5.653,25.0,7.043388429752066,1.0185950413223142,1699.0,3.510330578512397,34.27,-118.73,2.258
2.7813,10.0,5.30478589420655,1.0327455919395463,1003.0,2.526448362720403,37.39,-119.66,1.241
4.4674,18.0,4.613899613899614,1.1505791505791505,1886.0,1.8204633204633205,34.05,-118.44,5.00001
3.1583,52.0,5.364238410596027,1.1390728476821192,326.0,2.1589403973509933,38.57,-121.46,1.4
2.9803,26.0,5.170568561872909,0.959866220735786,773.0,2.5852842809364547,38.67,-121.2,1.154
0.4999,52.0,3.875,0.5625,44.0,2.75,34.06,-117.75,1.125
6.0281,18.0,6.538065843621399,1.131687242798354,2304.0,2.3703703703703702,36.96,-121.88,3.211
2.8819,33.0,5.022779043280182,1.031890660592255,1138.0,2.592255125284738,33.19,-117.37,2.086
4.4489,16.0,5.966549295774648,1.051056338028169,1674.0,2.947183098591549,38.69,-121.27,1.456
6.9833,10.0,10.765466297322252,1.853185595567867,2186.0,2.018467220683287,33.69,-116.39,2.388
2.6447,42.0,5.740845070422536,1.036619718309859,2037.0,5.738028169014084,37.77,-122.3,2.0
4.392,34.0,6.102409638554217,1.039156626506024,1142.0,3.4397590361445785,34.12,-117.84,1.876
6.0876,40.0,5.504201680672269,0.9915966386554622,666.0,1.865546218487395,34.14,-118.38,4.838
4.2263,21.0,6.5606936416184976,1.0809248554913296,2834.0,3.276300578034682,33.94,-117.53,2.032
5.6874,16.0,7.757009345794392,1.102803738317757,733.0,3.425233644859813,33.16,-117.14,2.027
2.2292,5.0,4.579778830963665,1.1769352290679305,1593.0,2.5165876777251186,37.51,-120.85,1.275
8.0239,49.0,5.669811320754717,0.8962264150943396,228.0,2.150943396226415,34.04,-118.41,5.00001
4.4792,15.0,4.981627296587926,1.036745406824147,1527.0,4.007874015748032,37.31,-121.81,2.125
3.4861,18.0,5.905994550408719,1.100817438692098,2041.0,2.7806539509536785,37.65,-122.11,3.316
3.7841,34.0,5.141856392294221,1.0455341506129596,1512.0,2.647985989492119,32.83,-117.22,1.769
8.4411,2.0,10.296296296296296,1.1666666666666667,179.0,3.314814814814815,33.97,-117.78,5.00001
7.618,5.0,7.047146401985112,1.0,1363.0,3.3821339950372207,33.54,-117.68,3.414
6.9096,33.0,7.392592592592592,0.9925925925925926,686.0,2.5407407407407407,37.73,-122.13,3.418
2.026,50.0,3.700657894736842,1.0592105263157894,616.0,2.026315789473684,37.83,-122.26,1.425
2.3077,36.0,4.432926829268292,1.1280487804878048,1404.0,2.8536585365853657,34.9,-117.01,0.555
3.6176,24.0,6.478260869565218,1.008695652173913,300.0,2.608695652173913,38.35,-122.0,1.585
2.3333,47.0,4.76878612716763,1.0809248554913296,416.0,2.4046242774566475,34.0,-118.33,1.333
6.3624,30.0,5.615384615384615,0.7307692307692307,126.0,2.423076923076923,37.81,-122.18,4.833
2.2328,52.0,3.665148063781321,1.1617312072892938,1155.0,2.630979498861048,37.75,-122.42,2.5
3.2444,16.0,6.179166666666666,1.2041666666666666,1365.0,2.84375,38.7,-121.32,1.184
8.565,31.0,8.107438016528926,1.0041322314049588,697.0,2.8801652892561984,34.25,-118.56,5.00001
5.0629,23.0,5.7381174277726,1.0521901211556384,2817.0,2.625349487418453,33.84,-117.84,2.326
2.2344,52.0,4.337539432176656,1.4416403785488958,1089.0,3.435331230283912,33.77,-118.2,2.0
3.0542,37.0,5.094076655052265,0.8954703832752613,849.0,2.9581881533101044,33.95,-117.41,1.239
4.2654,8.0,5.936582501467997,1.0340575455079273,5804.0,3.4081033470346447,33.93,-117.25,1.376
4.7472,13.0,5.7862407862407865,1.031122031122031,3864.0,3.1646191646191646,38.19,-122.29,1.486
7.7773,33.0,6.546583850931677,1.2981366459627328,400.0,2.484472049689441,37.34,-122.38,4.563
2.9821,31.0,5.936619718309859,1.204225352112676,1504.0,3.5305164319248825,33.92,-117.5,1.156
6.4288,26.0,7.0752,0.9984,1936.0,3.0976,33.79,-118.07,3.207
3.1957,29.0,4.355839416058394,1.04014598540146,1978.0,3.6094890510948905,33.91,-118.07,1.592
7.0592,16.0,7.434579439252336,1.0023364485981308,1663.0,3.885514018691589,33.87,-117.76,2.882
5.07,22.0,6.532374100719425,1.0,832.0,2.9928057553956835,38.82,-121.14,2.33
9.5823,52.0,7.981751824817518,1.0364963503649636,733.0,2.6751824817518246,34.16,-118.24,4.062
2.925,26.0,4.302752293577981,1.0435779816513762,1499.0,3.438073394495413,33.76,-118.0,1.76
0.78,10.0,3.835766423357664,1.083941605839416,927.0,3.383211678832117,36.33,-119.28,0.555
4.3696,7.0,6.5279307631786,1.127458693941778,4189.0,3.2958300550747444,37.71,-121.42,1.707
3.0221,38.0,4.497584541062802,0.8743961352657005,566.0,2.7342995169082127,38.1,-122.22,0.933
2.4574,17.0,4.724271844660194,1.025242718446602,2371.0,2.3019417475728154,38.66,-121.37,1.033
1.7206,21.0,3.4833333333333334,1.1,401.0,3.341666666666667,34.07,-117.27,0.821
2.3347,29.0,3.646153846153846,1.0487179487179488,1057.0,2.7102564102564104,33.82,-117.94,2.081
2.0,25.0,4.0,1.126530612244898,896.0,3.657142857142857,34.65,-120.45,0.875
3.05,52.0,5.445378151260504,1.0336134453781514,853.0,3.5840336134453783,34.0,-118.3,1.116
3.1111,17.0,5.690437601296597,1.0307941653160453,1904.0,3.085899513776337,37.4,-120.86,1.139
2.8342,35.0,3.923076923076923,1.0671550671550671,2401.0,2.9316239316239314,34.16,-118.3,2.568
6.8112,25.0,7.076693227091633,1.0079681274900398,2519.0,2.508964143426295,33.98,-118.38,5.00001
3.4671,52.0,3.824324324324324,1.2432432432432432,582.0,2.621621621621621,37.77,-122.41,2.5
5.7117,16.0,5.774881516587678,1.037914691943128,986.0,2.3364928909952605,33.69,-117.98,2.472
3.4542,24.0,5.475560081466395,1.023421588594705,2010.0,2.0468431771894093,36.82,-119.8,1.212
2.7375,15.0,17.408560311284045,3.861867704280156,1316.0,2.5603112840466924,34.25,-116.83,0.908
3.6471,19.0,6.479338842975206,0.962809917355372,1631.0,3.3698347107438016,37.32,-120.45,1.014
9.2189,28.0,8.046511627906977,1.0534883720930233,2515.0,2.9244186046511627,34.14,-118.53,5.00001
1.5069,32.0,4.145833333333333,1.0208333333333333,1282.0,3.815476190476191,35.88,-119.27,0.437
2.5536,31.0,4.071917808219178,1.0102739726027397,891.0,3.0513698630136985,37.97,-121.26,0.505
2.4701,28.0,3.622262773722628,1.062043795620438,1092.0,1.9927007299270072,34.44,-119.76,2.909
5.7295,35.0,5.645045045045045,0.9747747747747748,1449.0,2.610810810810811,37.28,-122.0,3.461
3.0893,52.0,3.907692307692308,0.9743589743589745,600.0,3.076923076923077,37.79,-122.21,1.25
3.0453,25.0,4.141382868937049,1.132094943240454,2297.0,2.370485036119711,33.79,-118.15,1.859
4.7723,9.0,5.781847133757962,1.0111464968152866,1881.0,2.995222929936306,36.32,-119.27,1.131
6.3824,41.0,5.42483660130719,0.8888888888888888,353.0,2.30718954248366,37.45,-122.27,5.00001
5.0747,35.0,4.944723618090452,0.8994974874371859,661.0,3.321608040201005,33.84,-117.98,1.896
2.735,26.0,5.672794117647059,1.0196078431372548,2902.0,3.556372549019608,38.49,-121.49,0.746
6.2141,4.0,6.716019417475728,1.0784789644012944,3941.0,3.1885113268608416,33.92,-117.7,2.522
2.9821,17.0,13.473039215686274,2.588235294117647,997.0,2.4436274509803924,38.25,-120.34,1.115
0.9336,10.0,3.662745098039216,1.0196078431372548,401.0,1.572549019607843,37.66,-120.98,1.271
3.5885,18.0,5.236538461538461,1.0173076923076922,1150.0,2.2115384615384617,38.43,-122.68,1.919
3.2569,15.0,5.444444444444445,1.08994708994709,891.0,2.357142857142857,36.84,-119.77,1.244
4.0089,20.0,5.747875354107649,1.0113314447592068,1497.0,4.240793201133145,32.58,-117.04,1.321
1.8466,43.0,4.701807228915663,1.0662650602409638,862.0,2.5963855421686746,37.59,-120.95,0.815
2.2155,31.0,4.98469387755102,1.217687074829932,1969.0,3.348639455782313,35.35,-119.0,0.621
2.2017,32.0,3.797860962566845,1.1090909090909091,1731.0,1.851336898395722,32.75,-117.25,2.083
3.6719,52.0,5.465753424657534,1.0753424657534247,1024.0,3.506849315068493,34.16,-118.13,2.279
4.9618,7.0,6.153905645784996,1.0162412993039442,4460.0,3.449342614075793,38.0,-121.72,1.565
3.1125,11.0,5.705696202531645,1.071993670886076,3264.0,2.5822784810126582,39.75,-121.8,1.226
3.9732,35.0,6.082857142857143,1.0914285714285714,1044.0,2.9828571428571427,32.8,-117.13,1.749
4.375,47.0,5.761467889908257,0.9954128440366972,570.0,2.614678899082569,37.77,-122.16,1.619
2.723,20.0,6.496969696969697,1.1954545454545455,1800.0,2.727272727272727,41.48,-122.93,0.796
6.2609,8.0,7.468879668049793,1.020746887966805,1421.0,2.948132780082988,32.77,-116.9,3.071
2.3173,27.0,3.804195804195804,1.1468531468531469,1171.0,2.729603729603729,37.79,-122.24,1.25
1.3977,26.0,4.715384615384616,1.146153846153846,431.0,3.315384615384616,34.05,-117.33,0.731
2.6,43.0,4.734883720930233,1.213953488372093,736.0,3.4232558139534883,34.12,-117.3,0.669
6.101,42.0,6.496815286624204,0.9936305732484076,398.0,2.535031847133758,34.16,-118.0,3.118
3.3958,42.0,4.523809523809524,1.1904761904761905,643.0,2.5515873015873014,34.18,-118.37,1.784
2.85,38.0,5.0893470790378,1.0893470790378006,1080.0,3.711340206185567,32.68,-117.06,1.258
2.7875,30.0,4.707423580786026,1.0633187772925763,1023.0,2.2336244541484715,36.99,-122.02,2.45
5.8914,26.0,5.938616071428571,0.9921875,2932.0,3.2723214285714284,33.79,-118.03,2.376
2.0,17.0,4.022935779816514,1.0045871559633028,966.0,4.431192660550459,36.42,-119.09,0.525
3.3942,4.0,5.412186379928316,1.2783751493428912,1804.0,2.15531660692951,36.81,-119.86,0.721
2.1429,38.0,3.740406320541761,1.054176072234763,2033.0,4.589164785553048,33.97,-118.24,1.185
4.125,52.0,5.639798488664988,1.057934508816121,941.0,2.370277078085642,34.28,-119.27,3.49
3.3472,42.0,3.452513966480447,0.9106145251396648,680.0,3.798882681564246,33.94,-118.2,1.542
2.5804,43.0,5.4781491002570695,1.025706940874036,910.0,2.339331619537275,40.62,-124.13,0.921
2.4333,38.0,4.983050847457627,1.1214689265536724,987.0,2.788135593220339,37.76,-122.17,0.982
6.918,32.0,6.87719298245614,0.9824561403508772,262.0,2.298245614035088,36.59,-121.89,5.00001
3.1985,20.0,3.523029682702149,1.5619242579324462,1427.0,1.460593654042989,33.63,-117.91,1.063
2.6042,25.0,5.250596658711217,1.0477326968973748,1045.0,2.4940334128878283,39.22,-121.09,1.167
5.0424,45.0,5.540350877192982,0.975438596491228,687.0,2.4105263157894736,33.83,-118.12,2.259
2.7179,35.0,4.876344086021505,0.9865591397849462,1076.0,2.89247311827957,38.66,-121.43,0.811
4.0982,36.0,5.880769230769231,1.023076923076923,683.0,2.626923076923077,32.79,-117.09,1.712
4.2437,35.0,5.836683417085427,1.020100502512563,1741.0,4.374371859296482,33.91,-118.03,1.641
1.4007,20.0,3.9021113243762,1.1247600767754318,1281.0,2.4587332053742803,38.5,-121.44,0.975
4.1458,35.0,4.674556213017752,0.9792899408284024,1290.0,3.8165680473372783,34.0,-118.09,1.625
4.1058,30.0,6.368,1.048,1117.0,2.978666666666667,34.9,-120.43,1.64
6.1922,29.0,6.7465753424657535,1.0,2634.0,2.577299412915852,37.94,-122.09,2.732
2.9565,14.0,4.817762399077278,1.0542099192618224,2300.0,2.65282583621684,36.8,-119.85,0.73
9.9071,30.0,8.241379310344827,1.037617554858934,956.0,2.996865203761756,33.9,-117.93,5.00001
4.7685,5.0,4.331352154531946,1.0950965824665675,3959.0,1.96087171867261,37.39,-122.04,2.801
2.7679,18.0,6.1354466858789625,1.0461095100864553,815.0,2.3487031700288186,38.56,-121.37,1.18
2.6637,14.0,3.925438596491228,1.0789473684210529,1933.0,2.119517543859649,35.34,-119.05,1.75
3.3021,34.0,5.671957671957672,0.984126984126984,899.0,2.378306878306878,38.92,-121.05,1.588
2.2208,15.0,7.362948960302457,1.4782608695652173,900.0,1.7013232514177694,33.68,-116.42,1.383
2.8882,10.0,7.8519736842105265,1.582236842105263,863.0,2.838815789473684,33.68,-116.3,1.375
10.1248,25.0,7.545454545454546,0.9710743801652892,1525.0,3.150826446280992,34.06,-117.87,4.285
6.9136,5.0,8.756906077348066,1.3646408839779005,510.0,2.81767955801105,33.48,-117.22,4.933
6.131,32.0,5.878048780487805,1.008130081300813,1193.0,2.42479674796748,37.25,-121.97,3.678
3.9808,35.0,5.3099630996309966,0.96309963099631,804.0,2.9667896678966788,34.07,-117.89,1.886
4.0326,34.0,5.22258064516129,0.9451612903225808,1148.0,3.703225806451613,37.63,-122.08,1.647
3.0132,30.0,4.598006644518272,1.0232558139534884,2054.0,6.823920265780731,34.28,-118.43,1.426
3.4042,33.0,4.769363166953529,1.1342512908777969,1496.0,2.5748709122203097,37.38,-122.08,3.536
5.2522,16.0,6.464088397790055,0.9834254143646408,566.0,3.12707182320442,37.32,-120.43,1.253
5.5683,19.0,5.2875,1.0770833333333334,2021.0,2.105208333333333,34.14,-118.39,3.092
1.5743,31.0,4.544871794871795,0.9807692307692308,1219.0,3.907051282051282,35.36,-118.97,0.467
2.6198,18.0,4.052901023890785,1.1126279863481228,1252.0,2.136518771331058,37.53,-121.96,2.359
2.9688,16.0,5.646739130434782,0.9891304347826086,554.0,3.010869565217391,39.2,-121.2,1.283
4.0,52.0,5.269035532994923,1.077834179357022,1144.0,1.9357021996615904,37.75,-122.44,3.75
1.5771,12.0,4.175903614457831,1.0144578313253012,1861.0,4.48433734939759,39.53,-121.56,0.652
4.0039,36.0,5.062761506276151,0.98744769874477,981.0,4.104602510460251,37.48,-122.14,1.489
1.9412,42.0,4.372781065088757,1.057199211045365,1203.0,2.3727810650887573,38.63,-121.42,0.731
3.7852,37.0,7.3,1.3966666666666667,490.0,1.6333333333333333,36.55,-121.92,4.658
2.5733,23.0,5.535714285714286,1.112781954887218,1419.0,2.667293233082707,36.32,-119.31,0.888
4.275,36.0,5.576923076923077,0.9615384615384616,768.0,3.282051282051282,37.66,-122.1,1.853
7.2592,20.0,7.135294117647059,1.0058823529411764,565.0,3.323529411764706,33.6,-117.67,3.148
4.0129,17.0,4.059233449477352,0.9686411149825784,598.0,2.083623693379791,37.34,-122.03,3.424
3.375,26.0,5.3694915254237285,1.0,846.0,2.867796610169492,38.33,-122.7,1.563
4.025,16.0,4.90748031496063,1.063976377952756,2805.0,2.7608267716535435,38.0,-122.29,1.732
6.4865,2.0,8.052670080468179,1.1331382589612289,4098.0,2.997805413313826,34.6,-118.16,2.044
3.1583,16.0,5.622377622377623,1.034965034965035,792.0,2.769230769230769,38.76,-121.21,2.392
4.875,15.0,6.720833333333333,1.2625,702.0,2.925,32.91,-117.15,1.693
3.2465,5.0,4.74437627811861,1.0265848670756643,1245.0,2.5460122699386503,39.11,-121.62,0.972
6.1509,25.0,6.111269614835948,1.0570613409415122,2163.0,3.085592011412268,34.06,-118.16,3.151
3.3326,52.0,3.891625615763546,1.0492610837438423,1462.0,3.600985221674877,34.12,-118.2,1.676
3.4408,44.0,4.867881548974943,1.0501138952164009,1126.0,2.5649202733485192,33.87,-118.18,1.729
4.25,1.0,20.125,2.9285714285714284,402.0,3.5892857142857144,37.65,-120.93,1.892
4.3393,43.0,5.071949947862357,1.013555787278415,3134.0,3.267987486965589,37.73,-122.39,2.173
4.0938,5.0,6.28125,1.0658482142857142,9509.0,3.5375744047619047,33.92,-117.22,1.309
4.3317,30.0,6.06203007518797,1.0432330827067668,1601.0,3.009398496240601,32.83,-117.19,1.733
4.0061,30.0,5.3241525423728815,1.0084745762711864,1611.0,3.413135593220339,33.85,-117.97,1.829
8.0837,25.0,7.587242026266416,1.0337711069418387,1699.0,3.1876172607879925,37.3,-122.01,3.806
4.25,4.0,5.593189964157706,1.1272401433691757,2211.0,1.9811827956989247,33.0,-117.07,2.816
2.55,38.0,4.438356164383562,0.958904109589041,268.0,3.671232876712329,34.0,-118.41,2.714
10.9722,5.0,7.978070175438597,1.0745614035087718,802.0,3.517543859649123,37.46,-121.88,5.00001
7.3669,16.0,11.29310344827586,2.727969348659004,873.0,1.6724137931034482,32.68,-117.17,1.875
2.5183,15.0,5.487544483985765,0.9911032028469752,1040.0,1.8505338078291813,38.71,-121.17,2.933
2.0542,46.0,4.422535211267606,1.0663983903420524,2067.0,4.158953722334004,33.99,-118.29,1.034
1.5613,16.0,3.8675,1.045,940.0,2.35,39.15,-121.63,0.725
4.4271,35.0,5.813880126182966,1.0378548895899051,1041.0,3.2839116719242902,34.22,-118.56,2.051
3.9875,24.0,6.076517150395778,1.0527704485488127,851.0,2.2453825857519787,33.43,-117.61,3.465
4.2019,46.0,5.427230046948357,0.9530516431924884,514.0,2.4131455399061035,34.11,-118.28,3.521
3.0179,7.0,5.79245283018868,1.0919811320754718,1350.0,3.1839622641509435,36.71,-119.72,0.916
8.1564,52.0,7.702631578947368,1.0578947368421052,1021.0,2.6868421052631577,37.81,-122.22,3.901
3.2723,9.0,6.34640522875817,1.1398692810457516,2098.0,2.742483660130719,34.09,-116.4,0.978
6.6712,14.0,7.454308093994778,0.9921671018276762,1420.0,3.70757180156658,37.27,-121.83,3.115
5.844,26.0,6.334876543209877,0.9830246913580248,2072.0,3.197530864197531,33.82,-118.04,2.739
2.6538,9.0,4.20327868852459,1.095081967213115,1176.0,3.855737704918033,37.75,-122.41,2.063
2.875,43.0,6.314720812182741,1.0609137055837563,611.0,3.1015228426395938,37.64,-121.18,1.875
3.4286,34.0,5.886831275720165,1.0493827160493827,1375.0,2.8292181069958846,35.34,-119.02,0.714
4.5656,20.0,5.147410358565737,1.0610889774236387,1334.0,1.7715803452855243,34.15,-118.45,4.784
2.4387,7.0,4.088939566704675,1.0935005701254277,2695.0,3.072976054732041,33.88,-117.59,1.17
3.5521,17.0,3.9888392857142856,1.0334821428571428,1671.0,3.7299107142857135,34.22,-118.37,1.515
1.5938,36.0,5.537142857142857,1.177142857142857,732.0,4.182857142857143,37.29,-120.31,0.576
4.1213,35.0,5.239528795811518,1.031413612565445,2785.0,3.645287958115184,34.1,-118.22,2.521
3.1389,35.0,4.813895781637717,0.9528535980148884,1177.0,2.9205955334987594,38.25,-122.03,1.011
1.9375,14.0,4.888888888888889,1.0344827586206895,867.0,3.32183908045977,32.82,-115.37,0.809
3.4612,29.0,5.0109289617486334,0.989071038251366,379.0,2.07103825136612,34.15,-118.39,4.25
5.5902,38.0,7.010126582278481,0.979746835443038,994.0,2.516455696202532,37.52,-122.3,4.17
5.0434,26.0,5.549822064056939,1.0,1459.0,2.596085409252669,34.43,-119.74,3.404
2.5893,18.0,4.766949152542373,1.0254237288135593,1248.0,2.6440677966101696,40.95,-124.09,0.996
2.3778,35.0,5.0954773869346734,1.1457286432160805,972.0,2.442211055276382,34.16,-117.28,0.907
5.4333,29.0,7.233766233766234,1.0584415584415583,385.0,2.5,32.78,-116.99,2.228
3.475,24.0,6.025956284153006,1.0601092896174864,2038.0,2.7841530054644807,38.16,-121.22,1.512
3.5694,41.0,5.03793626707132,1.0819423368740515,1236.0,1.8755690440060693,34.16,-118.05,2.786
1.27,28.0,4.672972972972973,1.1324324324324324,929.0,2.5108108108108107,41.41,-122.37,0.531
4.9444,16.0,5.533980582524272,0.8786407766990292,627.0,3.0436893203883497,34.11,-117.39,1.327
1.875,41.0,4.4,1.032,642.0,5.136,33.9,-118.05,1.199
10.3587,33.0,7.793388429752066,0.9917355371900828,1010.0,2.7823691460055096,34.15,-118.49,5.00001
4.0714,42.0,5.843501326259947,1.0928381962864722,1012.0,2.684350132625995,34.19,-118.13,2.34
2.9559,13.0,3.972491909385113,1.06957928802589,1975.0,3.1957928802588995,33.9,-118.3,1.736
5.2882,25.0,5.987197724039829,1.0398293029871977,2568.0,3.6529160739687057,37.54,-122.05,2.231
4.8816,38.0,5.782352941176471,1.088235294117647,513.0,3.0176470588235293,34.25,-118.38,2.315
1.8981,31.0,3.323064113238968,1.0915903413821817,2305.0,1.9192339716902584,37.81,-122.41,5.00001
8.3634,14.0,7.475778546712803,1.0069204152249136,2025.0,3.5034602076124566,33.71,-117.76,3.551
3.6745,31.0,4.532182103610675,1.014128728414443,1626.0,2.552590266875981,34.18,-118.42,3.355
2.0881,24.0,5.078407720144753,1.1097708082026538,1283.0,1.547647768395657,33.71,-117.2,0.833
2.2443,39.0,3.0448717948717947,0.9615384615384616,1366.0,4.378205128205129,34.35,-119.05,1.466
1.5152,30.0,2.425572519083969,1.0076335877862594,2019.0,3.853053435114504,37.99,-121.29,0.813
2.8783,5.0,5.821086261980831,1.172523961661342,798.0,2.549520766773163,33.95,-117.02,1.052
2.7663,29.0,7.787162162162162,1.7618243243243243,1569.0,2.6503378378378377,34.25,-117.31,0.979
1.4397,28.0,4.829457364341085,1.1434108527131783,884.0,3.4263565891472867,38.63,-121.45,0.517
2.5833,38.0,5.030120481927711,1.1124497991967872,1595.0,3.2028112449799195,38.04,-121.97,0.835
3.375,4.0,2.0,1.0,79.0,2.7241379310344827,37.78,-121.2,1.063
3.1908,52.0,5.0,1.0141843971631206,879.0,3.117021276595745,37.71,-122.43,2.556
6.7058,44.0,6.335429769392033,0.9916142557651992,1235.0,2.589098532494759,37.47,-122.27,4.959
2.16,39.0,3.708860759493671,1.018987341772152,606.0,1.9177215189873416,34.42,-119.71,2.591
5.0234,37.0,5.774941995359629,1.0533642691415313,1215.0,2.8190255220417635,34.25,-118.27,2.576
4.4625,32.0,5.374340949033392,0.9876977152899824,1475.0,2.592267135325132,33.67,-117.91,2.535
4.6173,15.0,6.0566929133858265,1.0661417322834643,2360.0,3.716535433070866,37.75,-121.45,1.648
6.8109,35.0,6.71830985915493,0.9859154929577464,505.0,2.3708920187793425,33.95,-118.0,4.01
2.964,14.0,3.592592592592593,1.1206349206349209,2258.0,2.389417989417989,37.67,-122.48,3.197
7.3031,24.0,7.175384615384616,1.073846153846154,761.0,2.3415384615384616,34.06,-118.56,5.00001
3.0104,15.0,3.855218855218855,1.1144781144781144,1034.0,1.7407407407407407,32.87,-117.23,2.042
4.45,37.0,5.256267409470752,0.9832869080779943,895.0,2.4930362116991645,37.95,-122.32,1.966
4.5744,52.0,5.429245283018868,1.0778301886792452,1154.0,2.721698113207548,37.74,-122.49,3.152
3.6083,38.0,5.684729064039409,1.0467980295566504,1272.0,3.1330049261083746,38.28,-122.29,1.342
2.3041,33.0,3.652857142857143,1.0442857142857145,2286.0,3.2657142857142856,33.85,-118.2,1.491
2.8348,8.0,3.7813370473537606,1.0445682451253482,2580.0,3.5933147632311977,36.91,-121.77,1.62
5.061,34.0,5.081553398058253,1.083495145631068,1396.0,2.7106796116504857,33.84,-118.29,2.18
3.6581,51.0,4.990723562152134,1.0278293135435992,1795.0,3.3302411873840447,37.72,-122.45,2.25
4.4536,23.0,5.7468671679198,1.0300751879699248,969.0,2.4285714285714284,37.98,-121.99,1.84
2.8056,32.0,3.512019230769231,1.0144230769230769,1494.0,3.5913461538461537,36.91,-121.75,1.732
2.1944,33.0,4.131313131313132,0.9848484848484848,664.0,3.3535353535353534,34.04,-118.15,2.033
3.1125,29.0,4.851851851851852,1.0246913580246917,672.0,2.765432098765432,37.57,-120.95,1.548
3.9464,40.0,5.821428571428571,1.086734693877551,434.0,2.2142857142857144,37.93,-122.32,1.869
1.6528,32.0,4.544776119402985,1.2350746268656716,620.0,2.313432835820896,40.75,-124.21,0.581
4.7813,5.0,5.703994760969221,1.0569744597249509,4372.0,2.863130320890636,32.75,-116.91,2.409
7.2025,9.0,6.324675324675325,1.0285714285714285,1194.0,3.101298701298701,33.67,-117.81,2.75
3.5052,26.0,4.835457705677868,1.034762456546929,2471.0,2.8632676709154112,33.9,-118.11,1.96
3.2262,25.0,10.787581699346406,2.215686274509804,994.0,3.2483660130718954,37.21,-120.89,0.972
2.8371,43.0,4.372340425531915,1.0851063829787233,1190.0,4.219858156028369,33.96,-118.2,1.613
1.9615,43.0,3.844884488448845,1.046204620462046,1279.0,4.221122112211221,34.05,-118.2,1.417
5.0369,12.0,5.624233128834356,0.98159509202454,2173.0,3.3328220858895707,37.81,-121.21,1.639
1.7207,40.0,3.0656814449917897,1.0394088669950738,2223.0,3.6502463054187193,33.98,-118.25,1.051
5.6732,43.0,5.907090464547677,1.1100244498777505,1028.0,2.513447432762836,33.96,-118.4,3.307
3.9224,39.0,5.332727272727273,1.0727272727272728,1886.0,3.429090909090909,34.05,-117.78,1.313
3.6625,38.0,5.612612612612613,0.9954954954954957,637.0,2.869369369369369,37.69,-122.15,1.846
5.8966,17.0,7.33983286908078,1.083565459610028,994.0,2.768802228412256,33.02,-117.06,2.615
2.2417,18.0,5.15015015015015,1.012012012012012,1166.0,3.5015015015015014,32.77,-115.52,0.792
3.5125,44.0,4.602605863192182,0.970684039087948,1200.0,3.908794788273616,33.94,-118.2,1.693
5.2276,26.0,4.814921090387374,1.033715925394548,2803.0,2.0107604017216643,33.87,-118.4,4.345
15.0001,15.0,8.062043795620438,1.0036496350364963,735.0,2.6824817518248176,33.62,-117.87,5.00001
2.1213,35.0,3.9166666666666665,0.9553571428571428,732.0,2.1785714285714284,38.58,-121.53,0.792
2.1094,27.0,6.958860759493671,1.6677215189873418,744.0,2.354430379746836,39.02,-122.69,0.724
1.5863,21.0,5.154081632653061,1.075510204081633,2948.0,3.0081632653061225,39.7,-121.81,0.813
5.0393,45.0,6.229461756373937,1.0141643059490084,942.0,2.668555240793201,34.16,-118.09,3.211
3.35,25.0,4.121468926553672,1.0225988700564972,1150.0,3.248587570621469,33.88,-118.35,2.375
1.3668,52.0,2.673635307781649,1.089430894308943,1515.0,1.759581881533101,37.79,-122.41,0.55
2.6181,24.0,4.86144578313253,1.0481927710843373,585.0,3.5240963855421685,37.78,-121.43,1.635
1.424,29.0,4.461661341853035,1.1533546325878594,1583.0,2.5287539936102235,33.93,-116.97,0.732
2.325,35.0,5.171428571428572,1.0615384615384615,1368.0,3.0065934065934066,35.42,-119.05,0.632
4.5,16.0,5.183783783783784,0.9513513513513514,353.0,1.908108108108108,33.89,-117.88,1.733
4.2098,35.0,5.673151750972763,1.019455252918288,723.0,2.813229571984436,32.79,-117.13,1.741
5.0779,34.0,5.487179487179487,0.990138067061144,1219.0,2.4043392504930967,37.93,-122.52,3.339
4.5833,44.0,4.938356164383562,0.976027397260274,859.0,2.941780821917808,34.25,-118.3,1.973
3.2516,16.0,5.064777327935222,1.0769230769230769,1211.0,2.451417004048583,32.86,-116.84,2.021
2.5288,16.0,5.315638450502152,1.06025824964132,2463.0,3.533715925394548,36.98,-120.05,0.618
2.589,27.0,3.785234899328859,0.9798657718120806,1511.0,2.0281879194630874,36.98,-122.01,2.424
2.4132,11.0,4.198895027624309,1.0368324125230202,6083.0,3.734192756292204,33.64,-117.84,1.983
2.11,25.0,3.3580980683506687,1.0282317979197622,1603.0,2.3818722139673105,33.93,-118.35,2.233
8.3839,52.0,8.061371841155236,1.144404332129964,769.0,2.776173285198556,34.04,-118.5,5.00001
4.9286,25.0,6.735537190082645,1.0137741046831956,983.0,2.7079889807162534,34.63,-120.45,1.801
1.2254,42.0,2.096692111959288,1.1603053435114503,3795.0,3.21882951653944,34.06,-118.28,1.625
2.5143,52.0,4.971938775510204,1.1020408163265305,767.0,1.9566326530612248,34.05,-117.19,1.176
6.5206,14.0,6.1907790143084265,1.068362480127186,1490.0,2.368839427662957,33.47,-117.71,3.685
5.9359,24.0,6.786307053941909,1.053941908713693,1496.0,3.103734439834025,32.81,-117.23,4.222
2.7139,52.0,5.389830508474576,1.023728813559322,844.0,2.8610169491525426,33.97,-118.32,1.649
3.3977,31.0,5.443333333333333,1.0533333333333332,944.0,3.1466666666666665,38.28,-122.3,1.587
2.8654,44.0,4.520179372197309,1.0,544.0,2.439461883408072,34.04,-118.32,1.768
4.6477,52.0,4.625396825396826,0.926984126984127,621.0,1.9714285714285715,37.76,-122.45,4.5
6.5078,45.0,6.515570934256055,0.9515570934256056,764.0,2.643598615916955,34.11,-118.09,4.148
4.375,27.0,5.205741626794258,1.0574162679425838,1440.0,3.444976076555024,33.8,-117.9,2.125
3.1458,21.0,5.086666666666667,1.03,2818.0,3.131111111111111,33.12,-117.07,1.877
2.6487,13.0,5.072538860103627,1.2055267702936097,1246.0,2.151986183074266,33.16,-117.21,1.96
1.4091,35.0,4.25,1.092783505154639,1786.0,4.603092783505154,33.9,-118.22,1.056
3.1875,23.0,5.275092936802974,0.9702602230483272,706.0,2.62453531598513,38.79,-121.24,1.102
2.0109,15.0,7.124542124542124,1.9633699633699635,515.0,1.8864468864468864,33.4,-115.99,0.543
4.1947,16.0,6.384803921568627,1.0784313725490196,1352.0,3.313725490196078,38.0,-121.88,1.403
1.5667,15.0,6.378494623655914,1.4387096774193548,1007.0,2.1655913978494623,35.64,-118.33,0.725
1.9728,33.0,4.64,1.0874418604651164,2414.0,2.2455813953488373,38.58,-121.53,0.764
1.25,39.0,4.548223350253807,1.101522842639594,805.0,4.086294416243655,35.36,-119.0,0.425
5.2606,43.0,5.634615384615385,1.1121794871794872,954.0,3.0576923076923075,33.82,-118.2,1.989
2.334,30.0,5.365217391304348,1.0608695652173914,1688.0,2.935652173913044,39.51,-121.52,0.722
1.6929,40.0,4.521994134897361,1.0,1283.0,3.7624633431085046,37.29,-120.31,0.559
3.692,34.0,5.067605633802817,1.019718309859155,1293.0,3.6422535211267606,33.92,-118.29,1.452
2.6652,22.0,4.152302243211334,0.9563164108618654,3134.0,3.7001180637544273,34.28,-118.4,1.648
2.6447,22.0,7.595588235294118,1.7058823529411764,442.0,3.25,36.23,-118.74,1.375
3.4312,18.0,5.188916876574307,0.964735516372796,1348.0,3.395465994962217,36.36,-119.32,0.684
3.9861,35.0,5.912280701754386,1.0701754385964912,578.0,3.380116959064328,33.89,-118.0,1.887
2.5043,41.0,5.465217391304348,1.1782608695652177,828.0,3.6,37.75,-122.17,0.923
3.5214,50.0,4.1225626740947074,1.0598885793871866,1179.0,1.6420612813370474,33.76,-118.14,3.981
3.9265,11.0,4.975903614457831,0.9036144578313252,684.0,4.120481927710843,38.03,-121.28,1.074
5.1782,23.0,6.564476885644769,0.9975669099756692,1094.0,2.661800486618005,32.8,-117.07,1.951
3.3669,29.0,4.589877835951135,1.0767888307155322,1071.0,1.869109947643979,34.15,-118.37,3.761
6.2236,32.0,6.488789237668161,0.9573991031390134,1151.0,2.580717488789237,34.16,-117.27,1.597
2.0893,41.0,3.369565217391304,0.9420289855072465,349.0,2.528985507246377,34.06,-117.65,1.125
4.625,39.0,5.762452107279693,1.0727969348659003,718.0,2.7509578544061304,34.11,-118.02,2.19
4.9833,32.0,6.461077844311378,1.2395209580838322,486.0,2.910179640718563,34.26,-118.28,2.13
8.0755,52.0,5.592156862745098,1.1392156862745098,838.0,1.6431372549019607,37.8,-122.42,5.00001
5.6512,33.0,6.7643718949609655,1.0553584102200142,3798.0,2.695528743789922,38.02,-122.57,3.14
2.5875,52.0,3.2874493927125505,1.0202429149797572,629.0,2.546558704453441,37.8,-122.41,5.00001
3.0917,48.0,6.059139784946237,1.010752688172043,530.0,2.849462365591398,38.87,-121.13,1.281
2.8235,34.0,4.065759637188209,1.08843537414966,1722.0,3.9047619047619047,33.8,-117.86,1.531
3.6111,15.0,5.0,0.9172413793103448,747.0,2.575862068965517,32.91,-117.13,1.963
2.8835,16.0,3.85203153426319,1.0594299575500303,5085.0,3.083687083080655,33.78,-117.89,1.938
6.7181,15.0,7.199438202247191,0.9410112359550562,1080.0,3.033707865168539,36.83,-119.85,1.603
3.7059,17.0,5.199029126213592,1.058252427184466,946.0,2.296116504854369,33.81,-118.0,1.463
3.3375,32.0,4.053864168618267,0.9672131147540984,1569.0,3.6744730679156894,32.79,-117.16,1.543
3.9722,34.0,6.027713625866051,1.0762124711316396,1543.0,3.5635103926097,34.16,-119.19,1.89
2.7128,26.0,5.492392807745505,1.1106500691562933,1792.0,2.4785615491009683,35.13,-120.62,2.099
1.735,14.0,4.599397590361446,0.9789156626506024,1453.0,4.376506024096385,32.73,-115.53,0.612
3.725,21.0,6.219269102990033,1.0033222591362123,870.0,2.8903654485049834,39.16,-121.57,0.847
2.9375,50.0,7.008310249307479,1.451523545706371,940.0,2.6038781163434903,38.42,-122.96,1.229
4.5903,13.0,6.759358288770054,1.0802139037433156,552.0,2.9518716577540105,35.39,-119.12,0.943
4.4391,14.0,5.280561122244489,1.034068136272545,1150.0,2.3046092184368736,33.68,-117.8,3.067
4.4732,36.0,5.770149253731344,1.017910447761194,958.0,2.859701492537313,33.96,-118.13,2.66
3.3214,42.0,4.454828660436137,1.0529595015576323,1269.0,3.953271028037383,33.96,-118.04,1.488
7.0674,46.0,5.761061946902655,0.9513274336283186,482.0,2.1327433628318584,34.06,-118.46,5.00001
3.0296,52.0,3.504819277108434,1.0253012048192771,1711.0,2.06144578313253,37.79,-122.41,5.00001
7.5,35.0,6.374545454545455,1.0763636363636364,615.0,2.2363636363636363,33.88,-118.4,5.00001
2.5,22.0,4.916,1.012,733.0,2.932,38.57,-121.31,1.016
5.0509,19.0,6.362021857923497,1.0095628415300546,1914.0,2.614754098360656,37.99,-122.08,1.999
2.7121,20.0,3.347131445170661,1.0885984023238926,5349.0,3.884531590413944,34.23,-118.46,1.694
4.0452,11.0,3.474464579901153,0.9752883031301482,2744.0,4.520593080724876,37.36,-121.85,2.059
2.8977,19.0,5.072674418604652,1.186046511627907,2818.0,4.09593023255814,34.09,-117.63,1.262
6.6368,42.0,7.191176470588236,0.9950980392156864,577.0,2.82843137254902,34.05,-118.39,5.00001
2.837,38.0,4.57089552238806,1.0149253731343284,1823.0,3.401119402985074,34.07,-117.64,1.112
1.8672,18.0,5.329512893982808,1.171919770773639,741.0,2.123209169054441,39.43,-121.32,0.847
4.6,34.0,5.332258064516129,0.9419354838709676,1003.0,3.235483870967742,33.89,-118.01,2.034
3.2708,35.0,5.4916943521594686,1.079734219269103,1072.0,3.5614617940199333,33.91,-118.1,1.597
1.9881,12.0,4.513888888888889,0.9988425925925926,2145.0,2.482638888888889,40.56,-122.35,0.852
3.2056,7.0,5.564485981308411,1.0009345794392523,3567.0,3.333644859813084,34.12,-117.43,1.341
3.865,30.0,6.060669456066946,1.0585774058577406,1508.0,3.154811715481172,38.69,-121.39,0.884
3.13,8.0,5.5390625,1.01953125,1163.0,2.271484375,39.69,-121.56,1.683
3.7143,39.0,4.994186046511628,0.9534883720930232,673.0,3.9127906976744176,33.93,-118.08,1.582
0.813,12.0,4.781094527363184,1.7014925373134329,315.0,1.5671641791044777,33.12,-117.1,2.75
4.175,52.0,5.396694214876033,1.0578512396694215,296.0,2.446280991735537,37.78,-122.17,1.44
1.625,34.0,3.972972972972973,1.0332640332640333,1886.0,3.920997920997921,36.56,-119.61,0.53
0.9817,32.0,3.227146814404432,0.9916897506925209,997.0,2.761772853185596,34.0,-118.08,1.663
2.2429,52.0,4.638349514563107,1.0072815533980584,777.0,1.8859223300970875,32.73,-117.13,2.211
3.25,52.0,4.324561403508772,1.0719298245614035,1433.0,2.5140350877192983,34.13,-118.21,2.142
1.6607,16.0,6.290322580645161,1.4129032258064516,337.0,2.174193548387097,38.99,-122.52,0.778
5.0698,25.0,6.61,1.102,1149.0,2.298,36.81,-119.82,1.509
2.1833,37.0,4.503386004514673,1.0112866817155757,1559.0,3.5191873589164784,37.47,-121.13,0.927
5.1999,20.0,4.935622317596566,1.092274678111588,1675.0,1.7972103004291846,34.06,-118.43,5.00001
4.8333,26.0,6.214432989690722,1.0185567010309278,1832.0,3.777319587628866,33.93,-117.39,1.279
3.3594,28.0,5.729903536977492,1.0739549839228295,873.0,2.807073954983923,40.2,-122.17,0.791
3.6953,34.0,4.891203703703703,1.0625,859.0,1.9884259259259256,34.05,-118.4,5.00001
1.9647,23.0,3.431693989071038,1.1484517304189434,3940.0,3.588342440801457,33.78,-118.17,1.862
9.2858,6.0,8.095533498759306,1.0248138957816375,3146.0,3.903225806451613,32.9,-117.04,4.361
13.2935,27.0,7.607142857142857,1.012672811059908,2336.0,2.6912442396313363,34.11,-118.49,5.00001
3.6833,33.0,6.102362204724409,1.0905511811023625,638.0,2.5118110236220472,37.91,-122.07,2.925
5.249,52.0,5.904255319148936,0.9929078014184396,656.0,2.326241134751773,33.73,-118.31,3.519
2.125,9.0,5.676136363636363,1.0738636363636365,411.0,2.335227272727273,39.17,-121.25,1.518
10.1597,16.0,7.606936416184971,1.1213872832369942,450.0,2.601156069364162,34.14,-118.83,5.00001
3.9943,7.0,5.732044198895028,0.9751381215469612,1040.0,2.8729281767955803,36.83,-119.69,1.002
2.9828,30.0,6.06401766004415,1.1368653421633554,1368.0,3.019867549668874,36.54,-119.12,0.852
2.4321,26.0,5.100760456273764,1.0551330798479088,1353.0,2.5722433460076046,40.88,-124.09,0.821
2.3173,25.0,4.9152892561983474,1.115702479338843,1482.0,3.06198347107438,36.82,-119.7,0.682
3.0,5.0,5.484725050916497,1.034623217922607,1785.0,3.635437881873727,36.08,-119.07,0.71
4.6902,10.0,6.534569983136594,1.1264755480607085,1632.0,2.752107925801012,38.67,-121.2,1.71
5.3259,16.0,5.466666666666667,1.0888888888888888,886.0,3.2814814814814817,33.69,-117.99,2.164
6.3735,8.0,5.339130434782609,1.0260869565217392,278.0,2.417391304347826,38.09,-122.19,1.663
4.2826,4.0,5.979665071770335,1.1208133971291867,3925.0,2.347488038277512,33.17,-117.24,2.375
2.7857,8.0,5.680733944954128,1.255045871559633,1454.0,2.6678899082568805,36.78,-119.85,0.797
4.2852,24.0,5.447928331466965,1.083986562150056,2315.0,2.5923852183650617,37.99,-122.32,1.735
2.5592,16.0,5.554,1.006,1432.0,2.864,40.57,-122.33,0.759
4.9079,23.0,5.707509881422925,1.0276679841897234,792.0,3.130434782608696,33.63,-117.69,2.738
2.5655,16.0,4.955882352941177,1.0122549019607845,1126.0,2.7598039215686274,37.76,-120.87,1.164
3.1607,33.0,5.415254237288136,1.0932203389830508,460.0,3.8983050847457625,33.94,-118.1,1.89
5.2463,16.0,5.95703125,1.091796875,1444.0,2.8203125,32.96,-117.12,1.563
2.4706,28.0,3.833910034602076,0.9826989619377162,1498.0,5.183391003460208,33.9,-118.23,0.888
3.9167,36.0,5.695652173913044,0.9057971014492754,408.0,2.9565217391304346,32.62,-117.06,1.897
2.9955,40.0,4.427835051546392,1.0077319587628866,1312.0,3.381443298969072,37.73,-121.43,1.347
6.5745,35.0,5.698717948717949,1.0576923076923077,732.0,2.3461538461538463,33.89,-118.38,3.793
1.494,45.0,1.768025078369906,1.1065830721003134,1172.0,3.6739811912225706,34.06,-118.27,1.875
4.9271,14.0,5.977346278317152,1.051779935275081,1030.0,3.333333333333333,37.82,-121.23,1.553
4.8125,37.0,5.8121546961325965,0.9834254143646408,1495.0,2.753222836095764,37.67,-122.14,1.883
4.2458,52.0,3.9129989764585456,1.0644831115660185,1830.0,1.873080859774821,37.8,-122.42,4.5
3.2287,31.0,4.166666666666667,1.006060606060606,1459.0,2.2106060606060605,37.29,-121.98,2.649
2.4348,34.0,4.911290322580645,1.1491935483870968,797.0,3.213709677419355,34.74,-118.09,1.048
4.8052,13.0,5.032731376975169,1.0287810383747178,4518.0,2.549661399548533,37.56,-121.97,2.54
3.0365,19.0,6.07667731629393,1.0702875399361025,1102.0,3.5207667731629395,32.59,-117.02,0.981
3.1534,20.0,5.444976076555024,1.0574162679425838,459.0,2.196172248803828,38.83,-122.21,1.234
3.3214,52.0,4.825,1.11875,409.0,2.55625,37.77,-122.23,1.896
2.2409,29.0,3.918918918918919,1.052123552123552,1014.0,1.9575289575289576,32.76,-117.11,1.142
3.7917,40.0,4.959798994974874,1.030150753768844,1039.0,2.610552763819096,38.24,-122.64,1.516
3.7727,22.0,4.805602716468591,1.0263157894736843,5389.0,4.574702886247878,34.1,-117.98,1.597
3.8068,29.0,4.45578231292517,1.129251700680272,937.0,3.187074829931973,33.87,-117.98,1.587
4.4219,34.0,5.850220264317181,1.0748898678414096,795.0,3.502202643171806,34.4,-118.98,3.381
2.7206,42.0,3.4309063893016343,1.0178306092124814,2609.0,3.87667161961367,33.95,-118.19,1.621
2.6094,38.0,5.197183098591549,1.0528169014084507,1491.0,2.625,35.42,-119.03,0.679
1.6838,14.0,4.745856353591161,1.171270718232044,541.0,2.9889502762430937,34.58,-117.41,0.579
4.7344,50.0,5.416851441241685,1.0953436807095345,947.0,2.0997782705099777,34.13,-118.15,3.147
2.8784,36.0,3.7278797996661104,1.010016694490818,1934.0,3.228714524207012,34.18,-118.36,1.949
5.3368,28.0,7.241558441558442,0.961038961038961,1140.0,2.961038961038961,34.11,-117.65,2.335
4.0556,37.0,8.833333333333334,1.5,27.0,2.25,34.01,-117.09,1.313
6.5948,23.0,6.673622704507513,1.0467445742904842,3484.0,2.908180300500834,37.57,-122.26,4.04
5.2039,24.0,5.693843594009984,0.9916805324459236,1763.0,2.933444259567388,34.4,-119.51,3.013
4.65,21.0,7.485232067510548,1.109704641350211,724.0,3.054852320675105,34.96,-120.41,1.525
4.1375,28.0,6.105162523900574,1.0038240917782026,1750.0,3.3460803059273423,34.09,-117.42,1.283
5.3288,10.0,6.196762141967621,1.0572851805728518,2089.0,2.601494396014944,38.07,-122.18,2.018
1.9954,30.0,4.751141552511416,1.0410958904109588,1005.0,2.294520547945205,38.24,-122.04,0.929
2.4917,27.0,38.84090909090909,9.272727272727272,97.0,2.2045454545454546,38.94,-119.93,2.0
5.2155,18.0,6.553133514986376,1.0626702997275204,872.0,2.3760217983651226,38.27,-122.52,2.483
2.875,37.0,5.802666666666667,1.1146666666666667,1301.0,3.469333333333333,32.7,-117.08,0.989
4.0647,14.0,5.279596977329975,1.057934508816121,926.0,2.332493702770781,38.46,-122.65,1.878
3.2952,30.0,4.972924187725631,1.0776173285198556,1519.0,2.7418772563176894,36.61,-121.91,2.346
5.3015,40.0,6.696296296296296,1.1185185185185185,746.0,2.762962962962963,37.71,-122.07,2.549
1.7961,52.0,3.5789473684210527,1.2982456140350878,248.0,4.350877192982456,32.67,-117.11,0.475
2.316,35.0,4.100467289719626,1.0420560747663552,1453.0,3.3948598130841123,33.88,-117.57,1.194
2.875,43.0,5.391304347826087,1.072463768115942,801.0,3.869565217391304,37.09,-120.95,0.972
4.3512,24.0,4.976100628930817,1.021383647798742,3196.0,4.020125786163522,33.76,-117.95,1.914
4.0347,34.0,5.311015118790497,1.0561555075593954,1139.0,2.4600431965442766,34.16,-118.43,3.536
3.3889,15.0,6.094936708860759,1.1424050632911391,917.0,2.901898734177215,35.12,-118.01,0.685
10.3345,5.0,8.74031007751938,1.0426356589147288,876.0,3.395348837209302,37.76,-121.93,4.614
3.8571,9.0,4.7669172932330826,1.1428571428571428,248.0,1.8646616541353385,32.77,-117.19,1.438
3.1573,12.0,4.978303747534516,1.106508875739645,2209.0,2.178500986193294,37.96,-121.98,1.267
3.3661,45.0,4.897905759162303,0.9712041884816754,1315.0,3.4424083769633507,33.94,-118.19,1.608
2.6961,19.0,4.2046070460704605,1.2439024390243902,2033.0,2.754742547425474,33.93,-118.36,2.125
7.7589,8.0,6.376899696048632,1.03951367781155,908.0,2.759878419452888,33.67,-117.81,3.429
5.5599,26.0,6.21608040201005,1.0217755443886096,1902.0,3.185929648241206,33.73,-118.02,2.341
2.0833,50.0,4.176315789473684,1.1789473684210523,877.0,2.307894736842105,38.56,-121.48,0.943
2.8021,14.0,6.239175257731959,1.1463917525773195,1349.0,2.781443298969072,34.43,-117.11,1.112
3.2188,33.0,5.664429530201343,1.0503355704697988,808.0,2.7114093959731544,34.05,-117.19,1.178
5.2657,35.0,5.983870967741935,1.0161290322580645,916.0,3.693548387096774,33.83,-117.99,1.914
5.6112,20.0,5.417536534446764,0.8935281837160751,1751.0,3.65553235908142,34.03,-118.12,3.08
2.1528,31.0,4.457286432160804,1.0904522613065326,614.0,3.085427135678392,37.66,-121.03,0.755
5.1995,35.0,4.418103448275862,1.043103448275862,388.0,1.6724137931034482,37.45,-122.17,5.00001
6.2558,16.0,6.140540540540541,1.0594594594594595,481.0,2.6,32.76,-115.39,1.463
3.1475,28.0,4.393728222996516,1.0731707317073171,991.0,1.7264808362369335,34.06,-118.38,3.625
2.6179,35.0,2.96900826446281,0.9793388429752066,2113.0,4.365702479338843,33.96,-118.22,1.588
1.8444,20.0,5.059850374064838,1.0648379052369077,983.0,2.451371571072319,36.97,-120.05,0.471
4.15,19.0,6.180451127819549,1.0075187969924813,457.0,3.43609022556391,38.51,-121.3,1.575
6.4385,24.0,5.693726937269373,0.948339483394834,824.0,3.040590405904059,34.04,-118.09,2.726
6.9133,8.0,5.976470588235294,1.026470588235294,862.0,2.5352941176470587,33.68,-117.8,2.741
1.7708,32.0,3.685314685314685,1.020979020979021,582.0,4.06993006993007,34.28,-118.44,1.388
2.0972,36.0,3.0126582278481013,1.0901898734177216,3561.0,5.634493670886076,37.33,-121.88,1.875
2.0493,19.0,4.186486486486486,0.9972972972972972,770.0,2.081081081081081,37.58,-120.94,0.995
10.8034,18.0,8.46058091286307,1.004149377593361,1490.0,3.091286307053942,33.97,-117.99,5.00001
2.2391,43.0,3.406882591093117,1.0526315789473684,2190.0,4.433198380566802,33.95,-118.23,1.528
2.4559,28.0,4.681528662420382,1.070063694267516,811.0,2.582802547770701,40.89,-124.01,0.756
4.0,52.0,5.269035532994923,1.077834179357022,1144.0,1.9357021996615904,37.75,-122.44,3.75
5.9508,16.0,6.039906103286385,1.0023474178403755,1273.0,2.988262910798122,34.64,-118.21,1.811
2.0091,21.0,3.8029661016949152,1.021186440677966,1114.0,2.360169491525424,38.0,-121.32,1.015
6.0382,26.0,5.33271375464684,1.053903345724907,1157.0,2.150557620817844,33.84,-118.38,3.553
4.6563,7.0,3.933530280649926,0.948301329394387,1367.0,2.019202363367799,33.87,-117.87,1.624
1.9375,52.0,4.209677419354839,0.989247311827957,488.0,2.6236559139784945,37.8,-122.23,1.266
4.555,39.0,4.900621118012422,0.984472049689441,872.0,2.7080745341614905,34.25,-117.55,1.531
1.625,26.0,4.0,1.0,35.0,3.888888888888889,34.02,-118.2,1.75
2.9453,28.0,5.343042071197411,0.9870550161812298,780.0,2.5242718446601944,36.81,-119.72,0.722
1.8667,50.0,4.715302491103203,0.99644128113879,811.0,2.886120996441281,36.74,-119.77,0.628
4.9434,17.0,3.9544334975369457,1.043103448275862,1553.0,1.91256157635468,37.56,-122.27,2.921
3.5429,29.0,6.148936170212766,1.0572831423895257,2022.0,3.309328968903437,38.68,-121.37,0.882
2.15,37.0,3.75320970042796,1.0470756062767477,3228.0,4.604850213980028,34.02,-118.18,1.322
3.5444,12.0,4.786854460093897,1.0272300469483568,2029.0,1.9051643192488263,38.68,-121.29,1.325
4.6042,20.0,5.106481481481482,1.0601851851851851,926.0,2.1435185185185186,37.82,-122.0,2.564
2.8988,52.0,4.153488372093023,1.0348837209302326,1090.0,2.5348837209302326,33.8,-118.2,1.949
5.1524,36.0,4.984703632887189,1.0535372848948374,1165.0,2.2275334608030595,37.42,-122.12,3.731
5.7268,23.0,6.009009009009009,1.027027027027027,1560.0,2.810810810810811,33.99,-117.97,3.003
2.5833,35.0,4.472906403940887,1.1133004926108374,667.0,3.2857142857142856,34.1,-117.46,0.935
3.2311,34.0,5.281012658227848,1.0556962025316456,1501.0,3.8,33.94,-117.47,1.056
2.503,17.0,6.935960591133005,1.5738916256157636,1027.0,2.5295566502463056,40.77,-121.86,0.656
2.5556,13.0,4.013201320132013,0.966996699669967,1441.0,2.377887788778878,38.1,-121.28,1.331
2.7634,37.0,1.4112903225806452,0.9879032258064516,1122.0,4.524193548387097,34.05,-118.27,1.375
3.495,49.0,4.143176733780761,0.959731543624161,1615.0,3.612975391498882,37.71,-122.41,2.178
3.2788,29.0,5.2620689655172415,1.032183908045977,1215.0,2.793103448275862,38.01,-121.3,1.0
6.2742,20.0,7.055813953488372,1.0488372093023255,1669.0,3.881395348837209,37.32,-121.79,2.413
1.6902,41.0,4.3142292490118574,1.1047430830039526,1202.0,2.375494071146245,39.14,-121.62,0.615
3.1654,34.0,3.837931034482759,1.0793103448275865,928.0,3.2,34.05,-118.22,1.55
4.2986,36.0,6.036734693877551,1.0244897959183674,741.0,3.024489795918367,34.08,-117.92,1.896
10.4498,11.0,7.867364746945899,1.0785340314136125,1993.0,3.4781849912739964,33.72,-117.76,3.861
8.6677,23.0,6.808873720136519,1.044368600682594,707.0,2.4129692832764507,33.98,-118.02,3.327
3.8929,19.0,4.974293059125964,1.025706940874036,1126.0,2.8946015424164524,34.1,-117.81,1.446
4.1949,29.0,5.30126582278481,1.0329113924050632,2783.0,3.5227848101265824,34.22,-119.17,1.971
1.223,30.0,4.02076124567474,1.1003460207612457,1207.0,4.176470588235294,33.98,-118.29,1.0
3.6987,42.0,5.296943231441048,1.1746724890829694,628.0,2.7423580786026203,33.87,-118.19,1.521
3.8333,36.0,5.644314868804665,1.0058309037900874,861.0,2.510204081632653,32.79,-117.09,1.7
3.5972,26.0,5.0,1.097902097902098,1150.0,2.6806526806526807,33.9,-118.14,2.258
1.7167,24.0,5.4,1.273170731707317,768.0,3.7463414634146335,39.1,-121.59,0.488
5.3369,40.0,5.709677419354839,0.9946236559139784,998.0,2.682795698924731,34.15,-118.23,3.704
3.5481,35.0,4.547511312217194,1.013574660633484,742.0,3.3574660633484164,34.13,-118.0,1.581
5.0346,16.0,6.342696629213483,1.1123595505617978,758.0,4.258426966292135,33.15,-117.14,1.746
1.5536,25.0,4.088785046728972,1.0,931.0,4.350467289719626,36.6,-120.19,0.583
6.5268,30.0,6.034246575342466,0.9006849315068494,761.0,2.606164383561644,34.23,-118.48,2.731
5.2769,18.0,6.135549872122762,0.9948849104859336,1131.0,2.892583120204604,38.36,-122.81,2.939
4.8152,21.0,6.349072512647555,1.0320404721753795,1722.0,2.903878583473862,33.19,-117.21,2.185
1.9671,41.0,4.287394957983193,0.9983193277310924,1342.0,2.2554621848739496,35.36,-119.03,0.768
4.0223,33.0,5.047520661157025,1.0289256198347108,1601.0,3.307851239669421,34.3,-118.43,1.46
5.1515,17.0,5.183839479392625,1.0363340563991323,5279.0,2.862798264642082,34.02,-118.11,3.189
4.5074,36.0,5.391684901531729,1.032822757111597,1111.0,2.4310722100656457,33.74,-118.31,3.5
3.3427,16.0,3.748995983935743,1.1465863453815262,951.0,1.909638554216868,33.79,-118.29,1.542
3.9929,14.0,4.571047957371226,1.0497335701598578,3171.0,2.8161634103019537,33.73,-117.92,2.258
3.9185,12.0,6.625441696113074,1.0848056537102473,806.0,2.8480565371024733,39.05,-121.03,1.952
3.0221,28.0,4.5943012211668925,1.1058344640434192,2240.0,3.039348710990502,34.2,-118.43,2.901
2.4817,33.0,3.875722543352601,1.0346820809248556,2050.0,2.96242774566474,34.16,-118.13,1.695
2.7075,29.0,3.612682926829269,1.048780487804878,1611.0,1.5717073170731708,37.51,-122.26,3.238
2.9554,19.0,8.154545454545454,1.6363636363636365,276.0,2.5090909090909093,40.13,-120.71,0.894
4.7381,43.0,6.446666666666666,1.01,847.0,2.8233333333333333,37.61,-122.41,3.474
2.875,44.0,5.3933333333333335,1.0333333333333334,667.0,2.223333333333333,35.37,-119.04,0.827
3.5492,25.0,4.946043165467626,0.960431654676259,1032.0,3.712230215827338,32.73,-117.04,1.254
4.9615,34.0,5.351916376306621,0.951219512195122,804.0,2.8013937282229966,33.93,-118.32,1.578
3.2239,52.0,3.996007984031936,1.037924151696607,939.0,1.874251497005988,37.77,-122.44,4.889
3.0691,16.0,3.933911159263272,1.0552546045503792,2585.0,2.800650054171181,34.19,-118.92,1.304
3.7321,41.0,4.5863539445629,1.0085287846481876,1092.0,2.328358208955224,37.34,-121.94,2.5
5.4609,28.0,6.80359820089955,1.0269865067466266,1996.0,2.992503748125937,37.27,-121.9,2.636
2.6094,38.0,5.197183098591549,1.0528169014084507,1491.0,2.625,35.42,-119.03,0.679
2.8015,40.0,3.659259259259259,0.8444444444444444,547.0,4.051851851851852,37.77,-122.22,1.148
4.3971,36.0,5.229681978798586,0.9823321554770318,796.0,2.812720848056537,37.69,-122.16,2.057
3.6341,40.0,5.097041420118344,1.0863905325443788,1769.0,2.093491124260355,34.13,-118.06,3.915
3.4509,24.0,4.038664323374341,1.0105448154657293,2409.0,4.233743409490334,37.35,-121.82,1.824
4.0352,34.0,5.273684210526316,0.9263157894736842,731.0,2.5649122807017544,38.67,-121.34,1.185
3.1968,39.0,5.068965517241379,0.9386973180076628,705.0,2.7011494252873565,37.97,-122.04,1.51
15.0001,40.0,9.6,1.0594594594594595,1024.0,2.767567567567568,34.09,-118.42,5.00001
7.4001,25.0,5.900166389351082,0.9717138103161398,1530.0,2.545757071547421,34.06,-118.62,5.00001
3.4427,30.0,4.814814814814815,1.0617283950617284,610.0,2.5102880658436213,37.48,-122.2,2.635
4.2708,35.0,5.3562753036437245,0.951417004048583,807.0,3.2672064777327936,33.94,-118.01,1.748
2.0639,36.0,4.62041884816754,1.1465968586387434,1008.0,2.6387434554973823,38.62,-121.43,0.73
3.7315,22.0,4.638386648122392,1.0486787204450625,1500.0,2.086230876216968,33.65,-117.98,1.979
2.25,31.0,3.558558558558558,1.0855855855855856,1095.0,4.9324324324324325,34.28,-119.14,0.75
4.1812,17.0,4.807692307692308,0.9188034188034188,1218.0,2.602564102564102,36.33,-119.34,0.937
3.5938,38.0,4.712765957446808,0.9361702127659576,505.0,2.686170212765957,32.72,-117.03,1.254
3.0513,15.0,4.756916996047431,1.1640316205533596,1591.0,3.144268774703557,33.8,-118.18,1.481
2.7538,41.0,4.376731301939058,1.0664819944598338,881.0,2.440443213296399,37.64,-120.99,0.996
2.7845,28.0,5.1082621082621085,1.01994301994302,1233.0,3.5128205128205128,35.3,-118.91,0.822
3.4598,11.0,5.588410104011887,1.0029717682020802,2374.0,3.527488855869242,37.0,-120.09,0.746
1.2667,7.0,3.326241134751773,1.053191489361702,1187.0,4.209219858156028,32.54,-117.04,0.675
5.1909,24.0,5.949206349206349,1.0126984126984129,820.0,2.603174603174604,34.59,-120.08,3.902
3.1806,41.0,4.043333333333333,1.0033333333333334,801.0,2.67,34.12,-118.24,2.042
2.5833,26.0,5.05511811023622,0.9409448818897638,820.0,3.228346456692913,36.9,-119.98,0.623
1.9766,42.0,4.586666666666667,0.9555555555555556,812.0,3.608888888888889,36.69,-119.58,0.581
2.4583,50.0,4.667377398720682,0.9808102345415778,1097.0,2.3390191897654584,34.0,-118.32,1.209
3.567,28.0,6.074468085106383,1.070921985815603,663.0,2.351063829787234,36.81,-119.77,0.855
2.5272,5.0,6.080049261083744,1.4027093596059113,2204.0,2.7142857142857144,34.1,-117.41,0.92
4.375,27.0,5.205741626794258,1.0574162679425838,1440.0,3.444976076555024,33.8,-117.9,2.125
4.0938,20.0,5.66,1.064,667.0,2.668,38.35,-121.96,1.173
6.7587,18.0,8.470108695652174,1.2907608695652173,904.0,2.4565217391304346,32.85,-117.24,3.885
2.5833,29.0,3.481835564053537,1.124282982791587,1397.0,2.6711281070745696,33.95,-118.38,1.875
2.9605,52.0,5.39240506329114,1.1518987341772151,921.0,2.331645569620253,34.06,-118.36,5.00001
1.3287,43.0,4.036723163841808,1.0903954802259888,1412.0,3.9887005649717513,34.01,-118.25,1.072
3.775,47.0,5.419117647058823,0.9264705882352942,370.0,2.7205882352941178,37.7,-122.47,2.813
1.8173,31.0,3.0076335877862594,0.8931297709923665,573.0,4.374045801526718,34.08,-118.22,1.542
3.0052,29.0,4.453551912568306,1.1256830601092895,590.0,3.2240437158469946,33.88,-118.17,1.667
2.475,43.0,3.866666666666666,0.9666666666666668,416.0,3.466666666666667,34.06,-118.17,1.426
3.5313,15.0,4.516913319238901,1.0496828752642706,2300.0,2.431289640591966,33.78,-117.99,2.13
2.2024,29.0,5.271341463414634,1.0823170731707317,848.0,2.5853658536585367,41.53,-122.56,0.609
2.5,17.0,6.104018912529551,1.3073286052009456,1087.0,2.569739952718676,37.48,-119.84,1.042
7.2648,14.0,7.298913043478261,0.9510869565217392,650.0,3.532608695652174,33.51,-117.64,3.632
5.1702,18.0,4.333333333333333,1.1508295625942684,1243.0,1.8748114630467567,37.76,-122.29,2.654
2.1354,44.0,4.613157894736842,1.018421052631579,1165.0,3.0657894736842106,34.0,-118.29,1.058
4.3036,52.0,5.763333333333334,1.0633333333333332,890.0,2.966666666666667,37.72,-122.45,2.618
4.0985,43.0,5.226872246696035,1.0594713656387664,1247.0,2.746696035242291,37.75,-122.5,2.832
7.8705,52.0,8.096774193548388,1.118279569892473,547.0,2.9408602150537635,34.03,-118.5,5.00001
3.8068,19.0,5.214285714285714,0.9761904761904762,873.0,2.5982142857142856,38.11,-122.6,2.016
6.1557,35.0,6.406015037593985,1.012531328320802,946.0,2.3709273182957395,33.41,-117.61,4.029
3.8047,45.0,4.911475409836066,1.0262295081967212,1003.0,3.2885245901639344,37.72,-122.18,1.567
3.9265,39.0,5.885714285714286,1.0914285714285714,537.0,3.0685714285714285,37.27,-121.94,2.369
3.2042,11.0,5.852713178294573,0.9870801033591732,1285.0,3.3204134366925064,36.07,-119.07,0.762
2.2925,44.0,4.669329073482428,1.0527156549520766,1371.0,2.1900958466453675,39.73,-121.82,0.858
5.0875,26.0,6.07168458781362,0.931899641577061,885.0,3.172043010752688,33.73,-117.97,2.242
3.9196,25.0,7.214477211796247,1.6032171581769437,964.0,2.584450402144772,39.18,-120.87,1.427
2.1414,46.0,2.8577319587628867,0.9422680412371134,1845.0,3.804123711340206,34.05,-118.3,1.577
3.6364,27.0,5.497528830313015,1.0098846787479407,1489.0,2.4530477759472817,37.68,-122.14,2.192
1.8472,38.0,4.2482662968099865,1.104022191400832,2153.0,2.986130374479889,33.98,-118.33,1.491
3.2125,19.0,5.2075471698113205,1.2169811320754718,314.0,2.962264150943396,34.68,-118.27,1.854
2.4113,26.0,4.685649202733485,1.0751708428246014,1453.0,3.3097949886104785,36.34,-119.27,0.586
3.1204,44.0,5.295774647887324,1.0586854460093895,1057.0,2.4812206572769955,38.1,-122.22,1.108
3.8269,29.0,5.767543859649122,1.0526315789473684,650.0,2.8508771929824563,38.25,-122.68,3.06
3.25,46.0,4.972413793103448,1.0804597701149423,925.0,2.126436781609196,37.73,-122.17,1.775
4.369,23.0,5.154639175257732,0.9690721649484536,1361.0,3.5077319587628866,34.01,-117.48,1.211
4.375,52.0,5.846153846153846,1.010989010989011,642.0,2.351648351648352,37.74,-122.45,3.495
5.7018,24.0,6.490225563909775,1.019548872180451,2286.0,3.437593984962406,33.83,-118.05,2.867
4.6366,40.0,5.311764705882353,1.0215686274509803,1156.0,2.2666666666666666,37.49,-122.25,3.955
3.35,25.0,4.121468926553672,1.0225988700564972,1150.0,3.248587570621469,33.88,-118.35,2.375
3.6696,40.0,5.230769230769231,1.0796703296703296,1183.0,3.25,34.1,-118.09,2.104
2.7426,27.0,3.08641975308642,0.9814814814814816,732.0,4.518518518518518,33.91,-118.22,1.031
5.7361,39.0,6.451612903225806,1.0026881720430108,877.0,2.35752688172043,33.81,-118.38,5.00001
6.8564,42.0,6.452054794520548,1.0410958904109588,630.0,2.8767123287671232,33.95,-118.14,3.0
3.0208,32.0,5.151515151515151,1.085858585858586,421.0,2.1262626262626263,41.06,-124.14,1.434
2.5333,5.0,3.7142857142857135,1.3928571428571428,132.0,2.357142857142857,35.23,-115.75,0.75
6.2094,16.0,8.197771587743732,1.0974930362116992,959.0,2.671309192200557,34.62,-120.11,4.4
4.2031,29.0,4.844236760124611,1.0124610591900312,1212.0,1.88785046728972,34.15,-118.39,3.944
2.7174,26.0,5.171428571428572,1.020168067226891,1603.0,2.694117647058824,38.69,-121.2,1.375
2.85,38.0,3.793478260869565,0.9934782608695653,1547.0,3.3630434782608694,34.09,-118.14,2.19
3.6597,21.0,5.962121212121212,1.1717171717171715,1146.0,2.893939393939394,34.17,-119.17,1.951
1.8317,47.0,5.061420345489443,1.128598848368522,1903.0,3.652591170825336,33.99,-118.3,0.965
5.0855,15.0,6.039007092198582,1.1347517730496457,587.0,2.0815602836879434,32.86,-117.23,2.098
5.5461,36.0,6.224137931034483,1.1896551724137931,158.0,2.7241379310344827,37.71,-122.19,2.625
1.8958,28.0,4.782178217821782,1.042079207920792,1156.0,2.8613861386138613,34.68,-117.28,0.556
6.0321,17.0,6.493939393939394,0.9818181818181818,1073.0,3.2515151515151515,34.44,-119.92,4.026
3.7596,36.0,4.497847919655667,1.0703012912482066,1815.0,2.6040172166427547,33.71,-118.29,3.0
2.8875,17.0,5.676537585421412,1.1252847380410025,1278.0,2.9111617312072893,32.82,-116.92,1.557
4.89,9.0,7.261061946902655,1.4557522123893805,1720.0,1.9026548672566368,33.46,-117.74,4.541
5.143,9.0,6.139896373056994,1.0984455958549222,1129.0,2.924870466321244,37.98,-121.33,1.765
7.5791,18.0,6.783904619970194,1.052160953800298,1918.0,2.8584202682563338,33.59,-117.66,2.881
3.6712,30.0,3.6599825632083696,1.084568439407149,2678.0,2.334786399302528,37.46,-122.15,3.086
4.5938,20.0,5.136792452830188,0.981132075471698,531.0,2.504716981132076,36.74,-119.5,1.069
6.1527,40.0,5.472014925373134,1.0541044776119404,1077.0,2.0093283582089554,34.06,-118.42,5.00001
2.2866,19.0,4.143884892086331,1.0287769784172662,2010.0,3.615107913669065,32.7,-117.03,1.099
10.0707,22.0,7.906818181818182,1.018181818181818,1252.0,2.845454545454545,32.85,-117.24,5.00001
2.6635,18.0,3.1538461538461537,1.1538461538461535,812.0,3.67420814479638,33.75,-117.87,1.625
3.75,26.0,4.5,1.0,8.0,2.0,37.39,-122.06,3.75
3.0833,41.0,4.384615384615385,0.9903846153846154,1244.0,3.9871794871794872,33.95,-118.19,1.648
4.5536,9.0,6.534939759036145,1.0313253012048194,1116.0,2.689156626506024,34.96,-120.41,1.901
1.8977,35.0,5.245901639344262,1.1885245901639343,1723.0,2.824590163934426,32.67,-117.07,0.956
2.5952,19.0,5.2384615384615385,1.0794871794871794,1018.0,2.6102564102564103,39.1,-121.48,0.924
1.886,23.0,4.610294117647059,1.0397058823529413,1650.0,2.426470588235294,37.99,-121.31,1.053
2.0557,34.0,2.2633996937212864,1.0336906584992342,1976.0,3.0260336906585,34.09,-118.32,2.25
3.0208,44.0,6.223021582733813,1.233812949640288,782.0,2.8129496402877696,35.34,-119.01,0.637
2.234,19.0,5.988352745424293,1.156405990016639,1572.0,2.615640599001664,41.86,-122.33,0.586
4.6681,19.0,6.050802139037433,1.109625668449198,2318.0,3.098930481283422,33.83,-118.04,3.207
7.0907,22.0,7.50853889943074,0.986717267552182,1774.0,3.366223908918406,33.69,-117.98,3.502
3.4559,16.0,5.684931506849315,1.0547945205479452,956.0,4.365296803652968,37.34,-120.5,1.08
4.2589,8.0,5.145714285714286,1.0857142857142856,684.0,1.9542857142857144,37.99,-121.36,1.349
5.0309,29.0,6.239690721649485,1.0360824742268042,1120.0,2.88659793814433,34.2,-118.62,2.448
6.2034,22.0,6.532293986636971,1.0267260579064588,1283.0,2.8574610244988863,38.21,-122.63,2.911
3.4561,20.0,5.451171875,1.06640625,785.0,1.533203125,38.43,-122.59,2.167
2.5795,42.0,3.933333333333333,1.1333333333333333,54.0,1.8,38.03,-122.14,2.25
3.8462,52.0,6.281853281853282,1.0810810810810811,565.0,2.1814671814671813,37.85,-122.25,3.422
4.207,42.0,5.30609597924773,0.9818417639429312,1861.0,2.413748378728924,37.64,-122.43,2.727
2.2604,38.0,4.512345679012346,1.0401234567901234,1208.0,3.728395061728395,34.11,-117.32,0.681
2.3889,44.0,4.933806146572104,1.0567375886524824,1270.0,3.002364066193853,34.1,-117.37,0.861
1.3385,24.0,4.19404915912031,1.0284605433376457,2764.0,3.575679172056921,36.78,-119.84,0.588
3.8125,27.0,5.044692737430168,1.2988826815642458,791.0,2.2094972067039107,33.61,-117.93,3.667
3.6936,25.0,4.448735019973369,1.0505992010652463,1685.0,2.243675099866844,33.94,-118.16,2.383
3.9099,33.0,4.55108877721943,1.1088777219430486,1546.0,2.589614740368509,34.18,-118.43,2.675
4.9,36.0,4.479338842975206,0.9834710743801652,231.0,1.9090909090909087,37.88,-122.18,3.542
6.5095,38.0,6.080882352941177,1.0588235294117647,368.0,2.7058823529411766,37.9,-122.1,2.944
2.006,25.0,5.186335403726708,1.0952380952380951,1145.0,2.370600414078675,37.96,-120.47,1.03
4.3571,35.0,4.975903614457831,1.0223752151462997,1757.0,3.0240963855421685,34.2,-118.52,1.998
4.4102,34.0,6.098630136986301,1.0438356164383562,1464.0,4.010958904109589,34.06,-117.96,1.832
3.7359,16.0,4.598079561042524,1.1152263374485596,1440.0,1.9753086419753083,37.4,-122.07,2.625
3.7578,33.0,4.554858934169279,1.0219435736677116,1609.0,5.043887147335423,34.03,-117.95,1.558
6.0723,34.0,6.143776824034335,0.9678111587982832,1243.0,2.667381974248927,33.96,-118.12,2.972
4.0368,52.0,4.761658031088083,1.1036269430051813,413.0,2.139896373056995,37.85,-122.25,2.697
2.3147,18.0,4.626865671641791,1.0298507462686568,941.0,2.808955223880597,40.94,-124.08,0.701
1.1687,48.0,3.292307692307692,0.9846153846153848,1586.0,3.4857142857142858,34.11,-117.29,0.708
3.4583,52.0,4.5109289617486334,0.9590163934426228,973.0,2.658469945355191,37.74,-122.42,2.409
6.8226,26.0,7.977678571428571,1.0133928571428572,639.0,2.852678571428572,33.66,-117.95,3.298
2.8203,24.0,4.997840172786177,1.0107991360691144,1549.0,3.345572354211663,35.05,-120.48,1.526
2.1856,41.0,3.718987341772152,1.0658227848101265,803.0,2.0329113924050635,32.76,-117.12,1.205
4.652,44.0,6.079155672823219,1.0131926121372032,986.0,2.6015831134564644,37.6,-122.39,3.871
4.7891,22.0,6.025817555938038,1.0860585197934596,1297.0,2.2323580034423407,32.85,-117.2,2.953
1.9107,13.0,6.631284916201118,1.4245810055865922,442.0,2.46927374301676,33.5,-116.69,1.557
2.25,25.0,4.137404580152672,1.2290076335877862,442.0,3.3740458015267176,34.04,-118.37,3.333
4.7734,41.0,6.572549019607843,1.031372549019608,757.0,2.9686274509803923,34.21,-118.21,4.508
2.125,17.0,6.876785714285714,1.4607142857142856,1352.0,2.414285714285714,40.75,-122.79,0.717
8.0239,49.0,5.669811320754717,0.8962264150943396,228.0,2.150943396226415,34.04,-118.41,5.00001
3.0139,32.0,5.651515151515151,1.0757575757575757,926.0,3.507575757575758,36.33,-119.61,0.615
4.0357,17.0,6.472843450479234,1.0798722044728437,873.0,2.789137380191693,40.74,-124.17,1.289
3.1968,39.0,5.068965517241379,0.9386973180076628,705.0,2.7011494252873565,37.97,-122.04,1.51
7.316,13.0,6.694096601073345,0.992844364937388,1590.0,2.8443649373881934,37.69,-121.92,2.854
1.6591,52.0,2.5,0.8181818181818182,65.0,2.9545454545454546,32.73,-117.17,1.125
4.125,37.0,5.109792284866469,1.0445103857566769,648.0,1.9228486646884275,37.93,-122.53,3.103
2.7411,52.0,4.63677130044843,1.0717488789237668,531.0,2.381165919282511,37.35,-121.9,2.271
2.3421,48.0,3.425531914893617,1.0468085106382978,633.0,2.693617021276596,34.1,-118.28,2.0
2.4267,35.0,3.55637707948244,0.9611829944547134,2101.0,3.883548983364141,33.95,-118.2,1.515
5.3028,35.0,6.026128266033254,0.992874109263658,1161.0,2.75771971496437,34.19,-118.51,2.292
3.4133,16.0,4.052173913043478,1.1471571906354514,3285.0,2.197324414715719,33.71,-117.95,2.909
3.01,21.0,10.553648068669528,2.253218884120172,584.0,2.506437768240344,39.25,-120.06,1.635
3.6797,20.0,5.348017621145375,1.0418502202643172,1145.0,2.5220264317180616,36.97,-122.05,2.638
2.2301,26.0,5.252702702702703,1.0527027027027027,2512.0,3.3945945945945946,37.92,-122.33,1.224
4.5179,25.0,5.40117994100295,1.0176991150442478,809.0,2.3864306784660765,33.81,-118.01,1.771
2.4367,15.0,4.019447287615148,1.0419651995905834,2204.0,2.255885363357216,32.8,-116.97,1.114
5.8283,34.0,7.005665722379604,1.084985835694051,967.0,2.7393767705382435,33.79,-118.07,3.624
2.3438,42.0,2.886977886977887,1.0515970515970516,1593.0,3.914004914004914,34.07,-118.27,2.133
2.2132,23.0,7.596153846153846,1.3461538461538465,166.0,3.1923076923076925,36.72,-121.06,1.0
3.6563,33.0,5.223021582733813,0.9640287769784172,1274.0,4.58273381294964,34.05,-117.97,1.627
4.7105,22.0,6.5,1.07421875,1309.0,2.556640625,38.46,-122.85,2.662
1.4632,38.0,4.047619047619048,1.0980392156862746,1286.0,3.6022408963585435,32.7,-117.13,0.802
3.4196,43.0,5.023404255319149,1.0404255319148936,824.0,1.7531914893617022,32.76,-117.15,3.022
7.6889,11.0,6.813688212927756,0.9581749049429658,767.0,2.9163498098859315,38.12,-121.3,2.293
4.5179,17.0,5.7727272727272725,1.2727272727272727,219.0,9.954545454545457,37.44,-121.97,1.125
5.3032,52.0,5.095744680851064,1.0283687943262412,980.0,3.475177304964539,34.08,-118.12,2.457
2.4615,16.0,5.311475409836065,1.0,135.0,2.2131147540983607,37.86,-120.23,1.375
1.449,30.0,4.87292817679558,1.0966850828729282,1406.0,3.883977900552486,33.94,-118.27,0.931
2.8438,38.0,4.779527559055119,0.9606299212598424,632.0,2.4881889763779528,38.25,-122.04,0.942
1.4635,43.0,4.662162162162162,1.1531531531531531,1925.0,4.335585585585585,36.75,-119.78,0.466
1.6797,38.0,4.927613941018767,1.0402144772117965,1203.0,3.225201072386059,35.36,-119.01,0.607
3.0954,19.0,5.085365853658536,1.0311653116531163,1952.0,2.644986449864499,40.55,-122.41,0.865
4.8125,15.0,6.164179104477612,1.0298507462686568,440.0,3.283582089552239,33.87,-117.32,1.739
3.1858,34.0,6.346153846153846,1.3307692307692307,355.0,2.730769230769231,38.65,-121.38,1.095
3.9798,31.0,4.7073170731707314,1.1121951219512196,1002.0,2.44390243902439,34.0,-118.42,4.586
5.4663,25.0,7.498806682577565,1.0644391408114555,1286.0,3.0692124105011933,33.12,-117.03,2.483
2.7566,25.0,4.803355079217148,1.0298229263746506,3196.0,2.97856477166822,38.6,-121.53,0.802
3.6212,31.0,6.15034965034965,1.062937062937063,1386.0,2.423076923076923,34.96,-120.42,1.514
5.2416,37.0,5.349081364829396,0.994750656167979,837.0,2.1968503937007875,33.62,-117.92,4.713
4.15,19.0,6.180451127819549,1.0075187969924813,457.0,3.43609022556391,38.51,-121.3,1.575
6.0335,38.0,5.252873563218391,1.011494252873563,519.0,2.9827586206896552,33.86,-118.33,2.554
2.4931,26.0,3.977653631284916,1.037243947858473,1528.0,2.845437616387337,33.78,-117.96,2.361
1.4511,32.0,4.644688644688645,1.0366300366300367,549.0,2.010989010989011,36.96,-120.07,0.652
2.4583,13.0,6.104,1.288,311.0,2.488,38.25,-120.43,1.125
2.9112,7.0,5.4604810996563575,1.0687285223367695,4052.0,3.4810996563573884,34.11,-117.45,1.217
3.1979,35.0,3.295081967213114,0.9528688524590164,2140.0,4.385245901639344,33.99,-118.2,1.547
3.1563,17.0,6.095384615384615,1.1415384615384616,773.0,2.378461538461538,39.34,-123.81,2.77
3.0962,36.0,4.746421267893661,0.9304703476482618,1168.0,2.388548057259713,39.15,-121.62,0.74
5.0044,38.0,6.0251572327044025,1.2720125786163523,1332.0,2.0943396226415096,33.48,-117.76,3.812
3.125,14.0,5.069868995633188,1.1120815138282387,2140.0,3.1149927219796214,33.25,-117.31,1.023
6.0191,8.0,6.347326732673268,1.0475247524752476,15507.0,3.0706930693069308,34.03,-117.78,2.539
2.7875,35.0,4.48371335504886,1.1433224755700326,1592.0,2.592833876221498,33.95,-118.15,2.09
3.575,50.0,4.884892086330935,1.0551558752997603,1089.0,2.6115107913669067,34.12,-118.27,2.306
4.5743,28.0,4.881230116648992,1.0530222693531284,2191.0,2.323435843054083,33.93,-118.42,3.822
2.1078,30.0,4.759336099585062,1.053941908713693,1753.0,3.636929460580913,35.36,-118.95,0.547
2.9184,12.0,4.480300187617261,1.0150093808630394,4601.0,4.316135084427767,36.32,-121.25,1.005
8.7496,29.0,7.935766423357665,1.032116788321168,2046.0,2.986861313868613,33.77,-117.8,3.495
3.4427,30.0,4.814814814814815,1.0617283950617284,610.0,2.5102880658436213,37.48,-122.2,2.635
4.2415,52.0,5.695121951219512,0.9634146341463414,947.0,2.8871951219512195,34.07,-117.74,1.401
3.6583,18.0,5.329201101928375,1.064738292011019,2500.0,3.443526170798898,33.92,-117.47,1.261
5.5106,50.0,5.509984639016897,1.064516129032258,1513.0,2.324116743471582,33.82,-118.17,2.522
2.4079,7.0,4.035853468433359,1.0413094310210445,2557.0,1.9929851909586904,40.6,-122.37,1.114
2.7443,31.0,4.1117647058823525,1.0941176470588236,460.0,2.7058823529411766,37.8,-121.21,0.942
2.9647,11.0,5.180218446601942,0.9969660194174758,4224.0,2.563106796116505,38.49,-121.38,1.089
1.6168,14.0,4.413314840499306,1.0124826629681,2298.0,3.187239944521498,36.74,-120.04,0.718
4.675,27.0,4.907725321888412,1.053648068669528,1101.0,2.3626609442060085,33.87,-118.38,3.169
5.4562,28.0,6.547445255474453,0.9737226277372264,2048.0,2.98978102189781,33.78,-117.82,2.747
3.0952,23.0,5.801324503311259,1.1015452538631347,1210.0,2.671081677704194,38.65,-121.32,1.577
1.9044,18.0,3.879194630872483,1.0447427293064877,783.0,1.751677852348993,38.55,-121.39,1.543
2.0549,44.0,3.8976833976833976,1.1872586872586872,1243.0,2.3996138996139,37.35,-121.89,1.938
2.8295,52.0,4.94025974025974,1.0545454545454545,1233.0,3.2025974025974024,34.03,-118.31,1.322
2.293,28.0,4.574438202247191,1.0561797752808988,1981.0,2.782303370786517,36.78,-119.75,0.717
3.375,9.0,5.654468085106383,1.1608510638297873,7235.0,3.078723404255319,33.67,-117.38,1.318
2.3023,37.0,4.926952141057934,1.012594458438287,1265.0,3.18639798488665,37.74,-120.93,0.919
8.3608,10.0,7.994490358126722,1.0,1200.0,3.3057851239669422,36.86,-119.78,1.873
2.4598,31.0,4.2578616352201255,0.9056603773584906,523.0,3.289308176100629,37.74,-121.13,0.971
5.5456,18.0,36.075471698113205,5.273584905660377,241.0,2.2735849056603774,39.19,-120.1,3.6
8.0287,11.0,8.007211538461538,0.9855769230769232,1460.0,3.5096153846153846,33.92,-117.85,3.718
2.6716,34.0,3.9588477366255135,1.0195473251028806,2814.0,2.8950617283950617,34.08,-118.13,2.271
15.0001,32.0,8.84504132231405,1.0351239669421488,1318.0,2.7231404958677685,37.44,-122.22,5.00001
9.6062,18.0,8.304878048780488,1.016260162601626,702.0,2.8536585365853657,33.66,-117.93,4.147
3.2448,52.0,5.487804878048781,0.9796747967479674,752.0,3.056910569105692,37.73,-122.45,2.662
6.1943,13.0,6.532467532467533,0.9090909090909092,267.0,3.467532467532468,38.68,-121.25,2.761
5.4635,37.0,5.8108108108108105,1.0115830115830116,798.0,3.081081081081081,34.06,-117.93,2.021
4.1685,20.0,6.70063694267516,1.178343949044586,745.0,2.372611464968153,38.8,-121.15,2.175
3.0221,38.0,4.497584541062802,0.8743961352657005,566.0,2.7342995169082127,38.1,-122.22,0.933
2.98,21.0,4.900990099009901,0.994059405940594,1269.0,2.512871287128713,34.3,-119.15,2.592
3.1667,17.0,4.886904761904762,1.0476190476190477,436.0,2.595238095238096,33.18,-117.29,1.606
4.1719,27.0,6.8106575963718825,1.1315192743764173,2680.0,3.0385487528344672,34.71,-118.16,1.172
0.9506,40.0,3.9,1.21875,423.0,2.64375,37.82,-122.26,1.875
3.5865,52.0,3.731034482758621,1.0827586206896551,240.0,1.6551724137931034,36.62,-121.91,2.9
6.2323,17.0,7.097183098591549,1.1732394366197183,1678.0,2.363380281690141,36.59,-121.91,3.391
5.5357,17.0,7.951841359773371,1.065155807365439,996.0,2.821529745042493,36.82,-119.84,1.677
4.1678,11.0,5.117122851686824,1.0929344366645448,3445.0,2.192870782940802,33.59,-117.7,1.909
3.6027,17.0,6.162251655629139,1.109271523178808,1561.0,2.584437086092715,32.87,-116.93,2.119
4.5714,18.0,6.362917398945519,1.0764499121265378,4168.0,3.662565905096661,37.0,-121.57,2.603
2.9565,14.0,4.817762399077278,1.0542099192618224,2300.0,2.65282583621684,36.8,-119.85,0.73
3.7153,16.0,3.2144578313253014,0.9373493975903614,1103.0,2.657831325301205,37.39,-121.87,2.298
3.5711,32.0,4.707964601769912,1.13653603034134,1912.0,2.417193426042984,34.18,-118.4,3.127
4.6065,22.0,5.3895348837209305,1.0135658914728682,1291.0,2.501937984496124,37.23,-121.97,4.459
2.4028,41.0,3.896135265700483,1.0748792270531402,1481.0,3.577294685990338,37.74,-122.17,0.977
4.6771,35.0,6.264845605700713,1.0724465558194771,2892.0,3.4346793349168645,37.67,-122.49,2.664
2.1198,21.0,5.404109589041096,0.9657534246575342,406.0,2.780821917808219,40.17,-120.37,0.735
6.2223,52.0,5.959558823529412,1.0441176470588236,588.0,2.161764705882353,34.07,-118.34,5.00001
3.2465,19.0,5.876971608832808,1.1198738170347002,1260.0,3.9747634069400632,33.79,-118.05,2.774
3.4208,22.0,3.929368029739777,1.0055762081784387,1300.0,2.41635687732342,33.87,-118.36,2.9
4.8958,49.0,3.7540106951871657,0.7647058823529411,458.0,2.449197860962567,34.05,-118.38,3.336
4.5682,21.0,5.905982905982906,1.017094017094017,1044.0,2.9743589743589745,37.01,-121.97,3.716
7.3982,14.0,7.194915254237288,1.0105932203389831,1542.0,3.266949152542373,33.68,-117.98,3.691
1.7829,45.0,4.7,1.0478260869565217,821.0,3.5695652173913044,36.73,-119.77,0.526
2.3571,25.0,3.744897959183673,0.9693877551020408,543.0,1.846938775510204,34.01,-118.39,3.406
3.6667,36.0,5.078,1.07,979.0,1.958,34.04,-118.48,5.00001
1.8839,25.0,5.232294617563739,1.0509915014164306,1460.0,4.135977337110481,36.31,-119.61,0.463
3.6474,32.0,6.431707317073171,1.1926829268292682,1031.0,2.5146341463414634,37.11,-122.09,2.316
2.9286,31.0,3.948,1.068,619.0,2.476,32.76,-117.1,1.518
3.2171,14.0,3.284369114877589,1.009416195856874,1494.0,2.8135593220338984,34.15,-118.27,2.308
4.4583,44.0,5.813513513513514,1.1108108108108108,849.0,2.2945945945945945,37.55,-122.32,3.971
4.5656,20.0,5.147410358565737,1.0610889774236387,1334.0,1.7715803452855243,34.15,-118.45,4.784
1.4844,52.0,3.943661971830986,1.0,217.0,3.056338028169014,32.67,-117.11,0.833
6.0905,26.0,5.631147540983607,0.9590163934426228,731.0,2.9959016393442623,33.68,-117.96,2.248
5.4065,34.0,6.8320610687022905,1.0782442748091603,1694.0,3.232824427480916,34.28,-118.51,2.438
4.5357,27.0,5.162079510703364,1.0122324159021407,811.0,2.4801223241590216,33.88,-118.37,3.342
2.6111,29.0,3.796078431372549,1.166013071895425,3320.0,4.339869281045751,34.12,-118.24,1.688
2.7344,25.0,4.166112956810632,1.0365448504983388,715.0,2.3754152823920265,33.98,-117.11,1.49
2.6094,52.0,6.98639455782313,1.6598639455782314,492.0,3.346938775510204,37.8,-122.29,0.813
2.5268,44.0,3.8461538461538463,1.0099255583126552,1718.0,4.26302729528536,34.03,-118.21,1.411
6.2488,16.0,5.461538461538462,0.9031339031339032,1324.0,3.772079772079772,33.71,-117.9,2.52
4.0196,17.0,6.139767054908486,1.0449251247920133,1888.0,3.141430948419301,36.83,-119.76,0.842
6.3517,18.0,7.0,0.9236641221374046,388.0,2.9618320610687023,33.02,-117.05,2.601
3.5078,15.0,6.254587155963303,1.146788990825688,1228.0,2.81651376146789,36.83,-119.71,1.09
3.9688,17.0,5.163934426229508,0.9639344262295082,1857.0,3.044262295081967,38.41,-122.75,1.65
3.1094,14.0,5.869565217391305,1.0942028985507246,302.0,2.188405797101449,39.26,-121.0,1.361
2.8472,35.0,4.399361022364217,1.1182108626198084,792.0,2.5303514376996805,32.83,-117.2,1.614
5.4903,23.0,6.013921113689095,0.9605568445475638,1401.0,3.250580046403712,32.85,-117.01,1.514
9.9071,30.0,8.241379310344827,1.037617554858934,956.0,2.996865203761756,33.9,-117.93,5.00001
1.9853,47.0,3.9927797833935017,0.9620938628158844,1903.0,3.435018050541516,33.99,-118.3,1.011
5.4591,31.0,5.981132075471698,1.0117924528301887,990.0,2.3349056603773586,34.15,-118.48,4.955
1.8625,52.0,6.411764705882353,1.1911764705882353,197.0,2.897058823529412,37.77,-120.85,0.854
2.0205,33.0,3.0537918871252203,1.031746031746032,1845.0,1.626984126984127,34.09,-118.36,2.438
7.5752,52.0,3.142857142857143,1.0,55.0,7.857142857142857,34.02,-118.21,0.675
1.7019,26.0,4.326315789473684,1.2,448.0,4.71578947368421,33.75,-117.87,3.5
4.1856,52.0,5.004901960784314,0.9264705882352942,1153.0,2.825980392156863,37.78,-122.47,4.047
6.2296,26.0,7.216666666666667,0.9666666666666668,533.0,2.9611111111111112,37.94,-121.94,2.917
4.0077,17.0,4.465478841870824,1.086859688195991,3056.0,2.268745360059391,34.22,-118.59,2.29
1.7188,40.0,5.458333333333333,1.1666666666666667,329.0,3.427083333333333,37.33,-121.09,1.125
4.4531,33.0,4.835978835978836,1.0476190476190477,766.0,2.0264550264550265,37.45,-122.17,5.00001
2.0938,39.0,5.260330578512397,1.0165289256198349,770.0,3.1818181818181817,32.72,-117.09,1.025
3.0774,52.0,4.997983870967742,1.0383064516129032,1816.0,3.661290322580645,37.76,-122.41,3.0
4.1659,36.0,5.887545344619105,1.053204353083434,1899.0,2.2962515114873034,37.99,-122.59,3.02
2.5625,38.0,8.085308056872037,1.6824644549763033,506.0,2.398104265402844,38.93,-123.53,1.656
3.825,48.0,6.168421052631579,1.0789473684210529,497.0,2.6157894736842104,33.99,-118.34,1.83
2.3882,43.0,3.5902255639097747,1.0676691729323309,585.0,2.199248120300752,37.77,-122.24,1.625
2.3977,52.0,4.211055276381909,1.221105527638191,1428.0,2.391959798994975,37.77,-122.43,4.125
2.6127,36.0,4.858156028368795,1.024822695035461,812.0,2.879432624113475,36.78,-119.82,0.696
1.3444,32.0,3.528645833333333,0.9453125,1427.0,3.7161458333333335,36.3,-119.2,0.456
0.8952,9.0,4.0,1.1403508771929824,438.0,3.842105263157895,33.94,-118.28,0.813
4.6187,6.0,5.98639455782313,0.9650145772594751,2997.0,2.912536443148688,33.25,-117.25,2.05
4.1339,34.0,4.950413223140496,1.0,948.0,2.6115702479338845,34.26,-118.31,1.873
2.9821,28.0,5.91480996068152,1.001310615989515,1593.0,2.0878112712975097,35.39,-119.03,1.187
1.9063,52.0,3.2007797270955165,1.1111111111111112,1432.0,2.7914230019493176,37.8,-122.4,3.0
2.913,31.0,4.560669456066946,1.0502092050209204,955.0,3.99581589958159,34.04,-118.33,1.925
1.858,23.0,3.901204819277108,1.0771084337349397,1025.0,2.469879518072289,32.64,-117.11,0.675
8.7835,52.0,7.539184952978056,0.9373040752351096,970.0,3.040752351097179,34.19,-118.12,4.441
3.0806,22.0,8.886039886039885,1.823361823361824,786.0,2.23931623931624,38.94,-119.99,1.185
2.6667,42.0,4.162241887905605,0.8849557522123894,1295.0,3.8200589970501473,34.17,-119.17,1.649
1.775,29.0,3.827838827838828,1.1391941391941391,1245.0,4.56043956043956,36.51,-121.45,1.125
3.9531,17.0,4.411526794742164,1.0525783619818,1640.0,1.658240647118301,37.89,-122.52,4.176
3.8088,34.0,5.630573248407643,0.964968152866242,888.0,2.828025477707006,36.8,-119.7,0.877
1.7866,25.0,1.6785714285714286,1.066326530612245,2796.0,3.566326530612245,34.05,-118.27,3.25
4.0122,20.0,5.437284234752589,1.0138089758342923,2823.0,3.248561565017261,34.35,-119.09,2.148
1.4514,38.0,5.78,1.205,877.0,4.385,33.97,-117.37,0.799
3.7031,36.0,6.27683615819209,1.03954802259887,444.0,2.5084745762711864,33.81,-118.1,2.453
3.1406,40.0,4.341145833333333,0.9505208333333334,1161.0,3.0234375,34.05,-118.31,4.176
3.0199,20.0,5.212922173274596,1.080763582966226,2229.0,3.2731277533039647,34.08,-117.61,1.288
5.411,33.0,5.890909090909091,1.029090909090909,868.0,3.1563636363636363,34.14,-117.94,2.194
3.0972,33.0,3.7818181818181817,1.0272727272727271,987.0,4.486363636363636,34.02,-118.18,1.25
4.282,46.0,5.53265306122449,1.0020408163265306,1277.0,2.606122448979592,34.18,-118.35,2.247
2.7179,46.0,3.694103194103194,1.049140049140049,2587.0,3.178132678132678,34.08,-118.27,1.843
4.22,33.0,6.278688524590164,1.036885245901639,1355.0,2.776639344262295,32.81,-117.17,1.787
2.25,25.0,4.137404580152672,1.2290076335877862,442.0,3.3740458015267176,34.04,-118.37,3.333
5.7133,13.0,6.75625,1.0166666666666666,1585.0,3.302083333333333,38.7,-121.24,1.668
7.1069,16.0,7.683636363636364,1.044848484848485,3132.0,3.796363636363637,33.71,-117.79,3.134
2.6513,21.0,4.9800796812749,0.9282868525896414,1428.0,2.8446215139442232,40.55,-122.36,1.133
4.5588,17.0,6.053691275167785,1.0201342281879195,750.0,2.5167785234899327,38.43,-122.67,1.964
1.875,18.0,4.285198555956678,1.111913357400722,1343.0,4.8483754512635375,35.96,-119.04,0.517
1.6315,29.0,4.426491994177583,0.9941775836972344,2106.0,3.0655021834061134,39.26,-121.67,0.58
2.5395,35.0,4.297520661157025,0.9545454545454546,1040.0,4.297520661157025,34.12,-117.99,1.392
1.6953,19.0,3.1404199475065617,0.9566929133858268,1938.0,2.543307086614173,34.19,-119.18,1.674
3.5313,20.0,5.8526011560693645,0.9479768786127168,1039.0,3.0028901734104045,36.32,-119.33,0.828
3.6806,15.0,5.744648318042813,1.018348623853211,1693.0,2.58868501529052,33.74,-116.93,1.128
1.815,52.0,2.8531468531468533,1.0,313.0,2.1888111888111887,32.73,-117.17,1.167
0.9513,43.0,3.727536231884058,1.0434782608695652,972.0,2.8173913043478263,36.72,-119.8,0.504
3.875,21.0,4.828214971209213,1.1209213051823417,2461.0,2.361804222648753,37.66,-122.07,1.793
4.8988,13.0,5.113243761996161,0.9942418426103646,1468.0,2.817658349328215,34.32,-118.47,3.252
4.4063,13.0,28.75728155339806,5.300970873786408,252.0,2.4466019417475726,38.26,-120.33,1.558
3.4634,37.0,5.505586592178771,0.9636871508379888,939.0,2.622905027932961,34.1,-117.66,1.453
4.1861,52.0,4.1735537190082646,1.008264462809917,573.0,2.3677685950413223,33.99,-118.45,3.632
3.2685,52.0,4.844943820224719,1.0292134831460673,872.0,1.9595505617977529,37.77,-122.25,2.542
2.5859,17.0,4.814634146341463,1.0308943089430895,1911.0,3.107317073170732,32.57,-117.07,1.314
6.6368,42.0,7.191176470588236,0.9950980392156864,577.0,2.82843137254902,34.05,-118.39,5.00001
1.8846,22.0,4.20952380952381,0.9428571428571428,1005.0,2.392857142857143,38.26,-121.31,0.883
2.6033,22.0,4.055194805194805,1.0876623376623376,699.0,2.26948051948052,38.34,-122.71,1.216
4.5246,4.0,6.940845070422535,1.0845070422535212,3096.0,2.907042253521127,38.66,-121.02,1.989
4.7946,24.0,6.311233885819521,1.0368324125230202,4926.0,3.023941068139963,33.82,-117.84,2.512
4.8618,22.0,5.018963337547408,1.1011378002528445,1588.0,2.0075853350189634,34.05,-118.44,5.00001
1.5972,44.0,4.68299711815562,1.1296829971181557,944.0,2.7204610951008648,40.58,-122.39,0.689
1.6036,39.0,3.2510822510822512,0.8961038961038961,1010.0,4.372294372294372,34.01,-118.29,1.375
1.7056,49.0,5.08550185873606,1.0483271375464684,790.0,2.936802973977695,37.76,-122.19,0.914
3.6761,18.0,4.403581267217631,1.1143250688705235,1894.0,2.608815426997245,33.82,-117.89,1.405
3.8333,32.0,6.079787234042553,1.1063829787234043,454.0,2.4148936170212765,39.15,-123.1,1.161
2.6149,19.0,4.98389458272328,1.0702781844802345,1421.0,2.0805270863836016,40.2,-122.21,0.844
5.8336,36.0,7.46,0.96,414.0,2.76,38.6,-121.37,2.833
5.3559,26.0,5.741496598639456,0.9546485260770976,1274.0,2.888888888888889,33.74,-118.04,2.358
7.0423,22.0,14.189349112426036,2.408284023668639,349.0,2.06508875739645,33.09,-117.26,5.00001
2.3417,16.0,3.9375,1.0511363636363635,365.0,2.073863636363636,33.89,-117.56,1.917
4.4728,17.0,6.042857142857143,1.0464285714285717,934.0,3.335714285714286,33.73,-117.92,2.058
5.4216,25.0,6.428308823529412,0.9430147058823528,1839.0,3.380514705882353,33.81,-118.06,2.63
1.8523,48.0,4.4789029535864975,1.042194092827004,859.0,1.8122362869198312,38.01,-122.13,1.448
5.0704,15.0,5.629955947136564,0.9955947136563876,8997.0,3.6031237484981977,34.02,-117.9,2.262
13.1867,34.0,8.75,1.0166666666666666,511.0,2.838888888888889,37.36,-122.11,5.00001
2.5208,31.0,5.891156462585034,1.129251700680272,979.0,3.329931972789116,36.54,-119.83,0.6
2.7143,34.0,3.55,0.9763157894736842,1716.0,4.515789473684211,33.79,-118.25,1.381
9.8144,35.0,7.024271844660194,0.9951456310679612,619.0,3.004854368932039,37.35,-122.07,5.00001
3.184,23.0,5.450408401400233,1.0641773628938156,2095.0,2.4445740956826136,39.39,-123.85,1.405
6.2064,29.0,5.780238500851789,0.9778534923339012,1471.0,2.5059625212947187,34.17,-118.58,3.349
1.6887,20.0,4.16955017301038,1.0934256055363325,2135.0,3.6937716262975777,34.16,-118.15,1.486
4.0393,14.0,5.039328788673309,1.0513896171997903,4723.0,2.476664918720503,34.15,-117.93,1.568
4.0,32.0,5.5,1.033112582781457,1201.0,3.97682119205298,33.92,-117.95,1.782
4.5625,36.0,5.636363636363637,1.032085561497326,546.0,2.9197860962566846,37.35,-121.98,2.4
3.3849,16.0,3.5700416088765605,1.0693481276005548,1129.0,1.565880721220527,32.79,-117.11,0.969
3.7045,30.0,4.596928982725528,1.0844529750479843,1214.0,2.330134357005758,33.94,-117.99,2.123
4.6364,37.0,5.636363636363637,1.024793388429752,494.0,2.041322314049587,33.97,-118.4,4.563
2.3713,18.0,3.526605504587156,1.0293577981651376,1096.0,2.0110091743119267,37.35,-121.94,2.44
5.4493,6.0,5.772687986171133,1.0060501296456352,3196.0,2.762316335350043,34.33,-118.83,2.426
3.37,36.0,4.96013018714402,1.045565500406835,3093.0,2.5166802278275022,32.72,-117.12,1.591
4.4391,14.0,5.280561122244489,1.034068136272545,1150.0,2.3046092184368736,33.68,-117.8,3.067
3.3878,31.0,5.573281452658884,1.0220492866407265,2083.0,2.701686121919585,38.49,-121.44,1.093
3.875,44.0,5.691441441441442,1.1666666666666667,1434.0,3.22972972972973,37.74,-122.5,2.757
7.2217,28.0,7.304721030042918,1.0665236051502145,1134.0,2.433476394849785,33.54,-117.77,5.00001
2.6823,28.0,5.427184466019417,1.058252427184466,770.0,2.4919093851132685,39.78,-121.63,0.934
2.7266,28.0,6.131914893617021,1.2567375886524823,1650.0,2.3404255319148937,35.36,-120.83,2.668
6.6368,42.0,7.191176470588236,0.9950980392156864,577.0,2.82843137254902,34.05,-118.39,5.00001
1.9135,18.0,5.192028985507246,0.960144927536232,1092.0,3.9565217391304346,36.3,-119.21,0.494
3.75,37.0,5.625310173697271,1.0049627791563276,1175.0,2.915632754342432,34.08,-117.33,0.952
1.6607,52.0,2.333333333333333,0.8817204301075269,531.0,5.709677419354839,32.71,-117.15,1.375
1.9792,47.0,4.816770186335404,1.124223602484472,1329.0,4.127329192546584,34.0,-118.31,1.164
2.5536,37.0,4.687096774193549,0.9451612903225808,867.0,2.796774193548387,40.78,-124.18,0.702
1.7396,34.0,3.9581589958159,1.0627615062761506,1101.0,4.606694560669456,33.96,-118.24,1.059
3.7857,16.0,5.077504725897921,0.9754253308128544,1553.0,2.935727788279773,38.69,-121.34,1.127
5.0795,36.0,5.334630350194552,0.9727626459143968,666.0,2.591439688715953,33.81,-118.09,2.433
6.1461,26.0,7.847633136094674,1.03698224852071,1818.0,2.689349112426036,34.03,-117.15,2.171
4.0813,24.0,6.0553097345132745,1.0564159292035398,3020.0,3.34070796460177,32.72,-117.04,1.37
6.0749,39.0,6.751851851851852,1.0592592592592591,763.0,2.825925925925926,37.76,-122.15,1.969
2.8452,24.0,6.096698113207547,1.1320754716981132,1442.0,3.400943396226415,35.4,-119.42,1.047
2.9821,28.0,5.91480996068152,1.001310615989515,1593.0,2.0878112712975097,35.39,-119.03,1.187
2.0702,30.0,3.277158774373259,1.013927576601671,1365.0,1.9011142061281336,34.09,-118.36,2.833
5.5388,25.0,6.104536489151874,1.0138067061143985,1251.0,2.467455621301775,37.35,-122.03,3.521
4.3359,47.0,5.070281124497992,1.0502008032128514,1514.0,3.040160642570281,34.14,-118.19,2.092
4.4583,30.0,5.784070796460177,1.0035398230088497,1714.0,3.033628318584071,38.0,-121.82,1.31
9.6023,21.0,8.286652078774617,1.0765864332603938,1246.0,2.726477024070022,32.79,-117.06,3.913
3.0263,10.0,5.3125,1.0625,620.0,2.583333333333333,37.32,-120.49,1.183
2.6667,42.0,4.162241887905605,0.8849557522123894,1295.0,3.8200589970501473,34.17,-119.17,1.649
3.8372,41.0,5.26595744680851,1.1319148936170214,1416.0,3.0127659574468084,33.91,-118.29,1.564
3.4125,46.0,3.587121212121212,0.9734848484848484,1120.0,4.242424242424242,36.92,-121.76,1.607
2.95,13.0,4.515151515151516,1.1774891774891776,1356.0,2.935064935064935,33.87,-118.0,1.656
1.1667,52.0,2.477477477477477,1.108108108108108,273.0,2.45945945945946,34.15,-118.15,5.00001
4.9609,29.0,5.45398773006135,1.01840490797546,597.0,3.6625766871165646,33.91,-118.11,1.867
8.0158,13.0,6.298550724637681,1.0115942028985507,891.0,2.582608695652174,37.33,-122.07,4.2
6.0,26.0,6.281501340482574,1.0107238605898123,1166.0,3.1260053619302948,33.78,-118.01,2.331
4.7396,25.0,5.453389830508475,0.9491525423728814,727.0,3.080508474576271,38.73,-121.44,1.355
8.5938,43.0,7.559686888454012,1.050880626223092,1398.0,2.735812133072407,34.04,-118.4,5.00001
2.6875,23.0,6.357446808510638,1.1702127659574468,678.0,2.885106382978724,36.27,-119.25,0.691
2.67,30.0,3.9306666666666654,1.102666666666667,1635.0,2.18,34.26,-119.25,2.149
4.1,30.0,4.576687116564417,1.0552147239263805,1048.0,6.429447852760736,33.73,-117.9,1.664
2.3917,15.0,5.010060362173038,1.060362173038229,1229.0,2.4728370221327967,39.52,-121.36,0.857
3.875,35.0,5.546568627450981,1.0465686274509804,1001.0,2.45343137254902,32.84,-117.19,1.72
1.7083,11.0,7.976744186046512,1.4767441860465116,246.0,2.86046511627907,38.95,-122.63,0.773
2.8125,24.0,3.504672897196261,1.0623052959501558,579.0,1.8037383177570088,34.15,-118.13,1.417
3.73,11.0,3.151012891344383,0.9079189686924494,1094.0,2.014732965009208,37.32,-121.96,2.277
2.5,42.0,5.151515151515151,0.8888888888888888,247.0,2.494949494949495,36.6,-119.45,0.73
3.5164,32.0,4.481967213114754,1.0721311475409836,2209.0,3.621311475409836,34.2,-118.41,2.172
4.4659,40.0,5.848039215686274,1.1127450980392155,570.0,2.794117647058824,36.97,-122.04,2.375
3.066,37.0,4.882706766917293,0.9669172932330828,1737.0,2.61203007518797,37.98,-121.32,0.941
3.5583,40.0,5.63036303630363,1.062706270627063,796.0,2.627062706270627,32.63,-117.07,1.549
2.45,21.0,3.8515625,1.2604166666666667,658.0,1.7135416666666667,32.78,-117.25,3.5
4.3,32.0,5.740112994350283,1.073446327683616,729.0,4.11864406779661,33.92,-118.11,1.513
2.5651,27.0,3.7947454844006567,1.0377668308702792,2936.0,4.821018062397373,33.75,-117.85,1.714
1.4934,26.0,5.157303370786517,1.0823970037453183,761.0,2.850187265917603,39.08,-121.56,0.483
4.7094,14.0,5.2707296849087895,1.060530679933665,4741.0,1.9655887230514093,37.92,-122.05,2.347
3.5781,35.0,6.246246246246246,1.0960960960960962,1026.0,3.081081081081081,36.62,-119.73,0.928
5.4386,33.0,6.178343949044586,1.0414012738853504,877.0,2.7929936305732483,37.28,-121.96,2.804
5.9499,25.0,5.134275618374558,0.9575971731448764,695.0,2.45583038869258,33.92,-118.4,3.458
3.8611,18.0,5.974763406940063,1.0063091482649842,846.0,2.668769716088328,35.4,-119.05,1.264
3.8424,21.0,5.851282051282051,1.317948717948718,671.0,3.441025641025641,36.75,-121.76,1.557
2.7857,8.0,5.680733944954128,1.255045871559633,1454.0,2.6678899082568805,36.78,-119.85,0.797
3.6429,26.0,5.836111111111111,1.0833333333333333,2171.0,6.030555555555556,38.57,-122.44,1.597
7.3356,38.0,5.894904458598727,1.0573248407643312,750.0,2.388535031847134,33.89,-118.39,4.227
3.9868,17.0,3.850533807829181,1.0355871886120998,598.0,2.1281138790035588,33.87,-118.36,2.819
2.0556,52.0,8.316602316602317,1.9266409266409263,524.0,2.023166023166023,38.46,-123.02,1.2
1.8516,52.0,6.975609756097561,1.329268292682927,274.0,3.341463414634146,37.81,-122.3,0.85
8.1194,52.0,7.75,0.9873417721518988,916.0,2.8987341772151898,37.83,-122.24,4.716
1.3417,7.0,4.793785310734464,1.1977401129943503,808.0,2.2824858757062145,33.78,-117.18,1.693
2.3984,44.0,3.9127906976744176,1.1569767441860466,1204.0,3.5,34.11,-118.18,1.522
0.7917,52.0,2.018867924528302,1.490566037735849,167.0,3.150943396226415,37.95,-121.29,0.225
3.653,13.0,6.418196994991653,1.181135225375626,3264.0,2.7245409015025044,38.98,-120.91,1.468
1.5,35.0,4.23061224489796,1.0081632653061223,1753.0,3.577551020408164,33.95,-118.27,0.936
2.4937,31.0,5.278026905829597,0.9910313901345292,744.0,3.336322869955157,36.65,-120.25,0.66
2.1429,38.0,3.740406320541761,1.054176072234763,2033.0,4.589164785553048,33.97,-118.24,1.185
3.8816,33.0,6.161885245901639,1.0204918032786885,1252.0,2.565573770491804,34.05,-117.19,1.346
2.7556,26.0,4.701208981001727,1.116580310880829,3700.0,3.1951640759930915,34.23,-119.16,2.132
5.2563,24.0,5.878151260504202,1.0056022408963583,2468.0,3.456582633053221,33.73,-117.94,2.114
6.1401,23.0,6.305799648506151,1.0140597539543057,1695.0,2.978910369068541,33.61,-117.67,2.432
7.5286,24.0,6.627118644067797,1.0529661016949152,1406.0,2.9788135593220337,34.06,-117.85,4.627
3.0854,39.0,5.344969199178645,1.1232032854209446,1196.0,2.455852156057495,34.11,-118.06,2.487
2.5952,48.0,5.667924528301887,1.0264150943396226,590.0,2.2264150943396226,32.77,-117.11,1.903
3.5694,31.0,4.305019305019305,1.034749034749035,1369.0,5.285714285714286,33.73,-117.86,1.505
3.7887,52.0,4.926724137931035,1.110632183908046,1584.0,2.2758620689655173,37.78,-122.46,5.00001
4.6793,14.0,5.833333333333333,1.12,852.0,2.84,33.68,-117.78,2.368
4.7813,39.0,4.70935960591133,1.0295566502463054,970.0,2.3891625615763545,37.73,-122.44,2.755
2.3508,37.0,5.094138543516874,1.019538188277087,2055.0,3.650088809946714,34.12,-117.32,0.705
3.2705,12.0,5.330082520630158,1.0855213803450865,4520.0,3.390847711927982,33.93,-117.24,1.132
4.5714,33.0,5.649289099526066,1.009478672985782,1066.0,5.052132701421801,32.8,-115.57,0.686
4.2569,23.0,5.643659711075442,1.0609951845906902,1465.0,2.351524879614767,37.94,-122.02,2.131
3.0472,26.0,3.5754527162977867,1.1167002012072436,1966.0,3.955734406438632,37.47,-122.21,2.11
2.3667,20.0,4.964332892998679,1.0541611624834877,1685.0,2.225891677675033,40.78,-122.93,0.912
2.5547,39.0,4.148305084745763,0.9957627118644068,857.0,3.6313559322033897,33.99,-118.29,1.089
2.8456,40.0,4.869918699186992,1.086720867208672,756.0,2.048780487804878,37.98,-122.02,1.655
3.3681,52.0,4.541953232462173,1.1953232462173315,1178.0,1.6203576341127923,37.79,-122.41,5.00001
3.3438,50.0,5.342857142857143,0.9428571428571428,130.0,3.7142857142857135,34.27,-118.85,5.00001
5.0497,31.0,4.875,1.1180555555555556,236.0,1.6388888888888888,33.89,-118.41,5.00001
15.0001,47.0,8.592307692307692,1.0615384615384615,749.0,2.8807692307692307,34.13,-118.1,5.00001
3.0625,37.0,4.294117647058823,0.9747899159663864,653.0,2.7436974789915967,34.02,-118.1,1.894
2.3375,17.0,4.770818995182381,1.0227116311080524,3056.0,2.103234686854784,36.82,-119.76,0.993
6.979,17.0,6.7057057057057055,0.960960960960961,2166.0,3.2522522522522523,33.67,-117.97,3.307
2.4234,32.0,5.0543657331136735,1.0345963756177925,1897.0,3.125205930807249,35.33,-119.01,0.637
3.8703,23.0,3.765925925925926,1.1437037037037037,1720.0,2.5481481481481483,33.73,-117.82,1.37
2.4792,21.0,3.752941176470588,1.411764705882353,276.0,3.247058823529412,37.63,-120.99,0.6
1.5536,20.0,5.690196078431373,1.5137254901960784,467.0,1.831372549019608,38.96,-119.94,2.125
2.8125,39.0,6.766871165644171,1.0736196319018405,446.0,2.736196319018405,37.26,-121.93,2.913
6.9903,14.0,6.476584022038567,0.9393939393939394,1128.0,3.107438016528925,36.83,-119.83,1.412
2.6715,35.0,5.06993006993007,0.8951048951048951,930.0,3.251748251748252,32.57,-117.12,1.333
3.8667,37.0,5.894736842105263,1.051282051282051,2083.0,2.8110661268556005,38.09,-122.21,1.27
6.5743,10.0,7.07286432160804,1.0829145728643217,1181.0,2.9673366834170856,33.72,-117.77,2.787
1.7431,52.0,5.0398550724637685,1.039855072463768,632.0,2.289855072463768,34.95,-120.42,1.315
2.1176,31.0,5.081282624906786,1.278150633855332,2628.0,1.959731543624161,33.81,-116.54,1.241
2.7562,18.0,4.873479318734793,0.9683698296836984,1333.0,3.24330900243309,37.44,-120.76,0.905
4.375,29.0,4.981288981288981,0.9397089397089398,2000.0,4.158004158004158,37.35,-121.81,1.855
1.6705,12.0,3.147208121827412,1.0888324873096449,1441.0,1.8286802030456848,33.69,-117.99,3.5
2.4286,32.0,5.029824561403509,1.0789473684210529,1705.0,2.991228070175439,36.77,-119.83,0.681
2.3778,35.0,5.0954773869346734,1.1457286432160805,972.0,2.442211055276382,34.16,-117.28,0.907
8.7385,16.0,8.244623655913978,1.064516129032258,1275.0,3.427419354838709,33.69,-117.79,3.4
3.75,10.0,16.847533632286996,3.2376681614349776,546.0,2.4484304932735426,38.23,-120.34,1.214
1.9476,14.0,5.323741007194244,1.079136690647482,1171.0,1.6848920863309351,33.73,-117.02,1.125
1.9338,43.0,3.242009132420092,1.0776255707762556,1506.0,3.4383561643835616,37.78,-122.23,1.125
1.9152,44.0,2.7183811129848228,1.0961214165261384,2028.0,3.4198988195615514,34.05,-118.3,1.156
4.7794,26.0,6.003597122302159,0.9928057553956836,951.0,3.420863309352518,37.44,-121.91,2.258
3.5313,31.0,4.730120481927711,1.0120481927710845,1494.0,3.6,34.2,-118.55,2.118
4.2721,18.0,5.795148247978437,1.0467205750224615,3716.0,3.338724168912848,33.87,-117.6,1.503
3.9826,25.0,5.745980707395498,1.0,1108.0,3.562700964630225,33.03,-117.27,2.158
1.5933,37.0,3.998330550918197,1.0467445742904842,2489.0,4.155258764607679,32.69,-117.11,0.863
3.2396,14.0,5.092511013215859,0.9515418502202644,574.0,2.5286343612334803,38.37,-121.94,1.438
4.2837,16.0,4.214046822742475,1.1078595317725752,3150.0,2.6337792642140467,37.36,-121.96,2.645
3.2765,18.0,6.326271186440678,1.2648305084745763,1355.0,2.8707627118644066,34.45,-117.79,1.65
5.75,16.0,6.3,1.17,343.0,3.43,34.42,-119.23,3.25
3.2591,33.0,4.128133704735376,1.0403899721448469,2235.0,3.1128133704735377,33.77,-117.94,1.759
2.0639,36.0,4.62041884816754,1.1465968586387434,1008.0,2.6387434554973823,38.62,-121.43,0.73
3.3214,24.0,9.308474576271186,1.7423728813559325,731.0,2.477966101694915,33.36,-116.34,1.764
3.2176,27.0,5.32051282051282,0.9786324786324786,692.0,2.9572649572649574,34.11,-117.21,0.894
3.1395,27.0,4.643086816720257,1.32475884244373,597.0,1.919614147909968,33.42,-117.62,3.1
2.9784,35.0,4.524390243902439,0.959349593495935,681.0,2.768292682926829,32.78,-116.97,1.364
1.4146,22.0,4.314285714285714,1.088095238095238,1592.0,3.7904761904761903,35.39,-118.98,0.491
4.4882,15.0,6.573264781491003,1.070694087403599,2418.0,3.107969151670951,38.28,-122.03,1.44
2.8393,26.0,3.696969696969697,1.0649350649350648,396.0,1.7142857142857142,37.58,-122.35,3.75
3.8929,34.0,4.441037735849057,0.9622641509433962,1227.0,2.893867924528302,33.79,-117.86,1.875
1.223,30.0,4.02076124567474,1.1003460207612457,1207.0,4.176470588235294,33.98,-118.29,1.0
2.7652,19.0,4.031775700934579,1.0355140186915888,1349.0,2.521495327102804,32.81,-117.13,1.774
4.065,6.0,6.347670250896058,1.050179211469534,935.0,3.3512544802867383,33.82,-117.08,1.482
1.8958,35.0,5.240663900414938,1.0871369294605808,950.0,3.941908713692946,32.81,-115.38,0.675
4.825,26.0,5.257009345794392,0.9813084112149532,943.0,4.406542056074766,37.32,-121.83,1.81
2.2277,26.0,5.214797136038186,1.0381861575178997,1108.0,2.6443914081145583,36.07,-119.04,0.78
6.1001,29.0,7.023529411764706,1.035294117647059,474.0,2.788235294117647,33.83,-117.96,2.989
4.3899,33.0,4.8121546961325965,1.0349907918968693,3150.0,5.801104972375691,33.72,-117.9,1.807
4.75,21.0,4.602739726027397,0.9315068493150684,206.0,2.8219178082191783,37.93,-121.22,1.214
5.3288,10.0,6.196762141967621,1.0572851805728518,2089.0,2.601494396014944,38.07,-122.18,2.018
5.1915,42.0,5.902912621359223,0.8964401294498382,720.0,2.3300970873786406,37.97,-121.31,1.837
1.9583,7.0,5.362804878048781,1.4420731707317074,1064.0,3.2439024390243905,34.1,-117.46,1.088
4.6923,39.0,5.566433566433567,1.0367132867132869,1188.0,2.076923076923077,38.53,-121.5,1.92
8.5957,8.0,8.105882352941176,1.008823529411765,1045.0,3.073529411764706,33.07,-117.07,4.441
2.5652,17.0,3.1608040201005023,1.1122278056951425,1906.0,3.1926298157453936,37.32,-121.83,1.653
4.1667,52.0,4.768595041322314,1.0385674931129476,872.0,2.402203856749311,37.77,-122.27,2.258
1.4688,8.0,10.0,1.9166666666666667,63.0,2.625,33.32,-115.98,0.538
2.4028,41.0,3.896135265700483,1.0748792270531402,1481.0,3.577294685990338,37.74,-122.17,0.977
3.2847,17.0,3.381720430107527,1.1881720430107527,514.0,2.763440860215054,34.24,-119.18,1.125
1.9688,43.0,4.740663900414938,0.9937759336099584,1169.0,2.425311203319502,40.79,-124.17,0.705
3.6645,16.0,6.014018691588785,1.030373831775701,1041.0,2.432242990654206,38.47,-121.13,2.034
2.5509,32.0,3.6805555555555554,1.0456349206349207,2568.0,5.095238095238095,33.83,-117.91,1.708
1.9528,13.0,4.23142509135201,1.1291108404384895,2149.0,2.617539585870889,37.32,-120.49,0.853
5.6402,17.0,6.262458471760797,0.9700996677740864,771.0,2.5614617940199333,32.81,-117.05,2.286
1.3451,30.0,4.664429530201343,1.2114093959731544,1116.0,3.74496644295302,35.38,-118.99,0.575
2.7792,18.0,5.584558823529412,1.088235294117647,846.0,3.110294117647059,36.16,-120.35,0.853
1.5474,44.0,4.674931129476584,1.137741046831956,1396.0,3.8457300275482096,32.71,-117.13,0.833
1.3329,40.0,4.28021978021978,1.0208791208791208,1782.0,1.9582417582417584,40.58,-122.4,0.782
3.125,47.0,4.914473684210527,1.075657894736842,689.0,2.2664473684210527,32.74,-117.14,1.727
2.9432,49.0,6.029315960912052,1.1596091205211727,849.0,2.765472312703583,38.1,-122.24,1.035
3.3906,20.0,4.504118616144975,1.0840197693574958,1562.0,2.57331136738056,34.15,-118.24,2.841
3.6186,52.0,4.472329472329473,1.0386100386100383,1518.0,1.953667953667953,37.77,-122.44,5.00001
1.3291,16.0,3.831867057673509,1.0694037145650048,2612.0,2.5532746823069403,32.8,-116.96,1.208
3.5556,35.0,4.8475,1.03,1036.0,2.59,33.88,-118.31,2.38
2.925,26.0,4.302752293577981,1.0435779816513762,1499.0,3.438073394495413,33.76,-118.0,1.76
1.3062,10.0,3.016476552598226,1.0684410646387832,1245.0,1.5779467680608366,37.78,-122.43,2.2
2.395,35.0,6.703333333333333,1.163333333333333,970.0,3.2333333333333334,36.25,-119.69,0.941
3.225,37.0,4.2845188284518825,1.0292887029288702,1371.0,5.736401673640168,34.27,-118.42,1.475
9.042,52.0,7.962085308056872,1.127962085308057,493.0,2.3364928909952605,34.15,-118.35,5.00001
2.7043,21.0,5.562874251497006,1.2794411177644711,1106.0,2.207584830339321,35.4,-120.86,1.862
5.3316,37.0,4.548929663608563,1.0779816513761469,1291.0,1.974006116207951,34.06,-118.39,5.00001
2.5588,36.0,3.977181208053692,1.1248322147651006,1129.0,1.5154362416107383,34.1,-118.36,5.00001
4.3456,18.0,4.997311827956989,1.0080645161290325,913.0,2.454301075268817,34.58,-118.38,1.489
1.608,34.0,4.295819935691318,1.1093247588424435,1009.0,3.244372990353697,34.09,-117.31,0.737
2.5313,52.0,1.3784860557768923,1.0756972111553784,346.0,1.3784860557768923,34.05,-118.23,2.25
3.6,29.0,4.044822256568779,1.0324574961360125,1868.0,2.8871715610510047,33.9,-118.3,2.088
3.4375,22.0,6.0,1.2394366197183098,461.0,3.2464788732394365,38.81,-122.66,0.833
5.75,25.0,21.39743589743589,4.461538461538462,163.0,2.08974358974359,39.15,-120.15,1.766
5.5224,23.0,5.3669950738916254,1.041871921182266,1338.0,3.2955665024630543,34.19,-118.87,2.407
3.5583,40.0,5.63036303630363,1.062706270627063,796.0,2.627062706270627,32.63,-117.07,1.549
3.7045,6.0,5.353474320241692,1.003021148036254,1011.0,3.054380664652568,37.48,-121.14,1.281
2.1863,23.0,3.795238095238095,0.9952380952380953,3883.0,4.622619047619048,34.01,-117.93,1.576
4.9676,34.0,5.4309927360774815,1.0750605326876512,973.0,2.3559322033898304,34.02,-118.42,4.141
5.1145,34.0,5.1469194312796205,0.9636650868878356,1810.0,2.859399684044234,34.28,-118.31,2.199
2.2982,45.0,5.5,1.06,1980.0,3.6,32.74,-117.21,0.875
5.6402,52.0,6.214285714285714,1.015625,957.0,2.1361607142857144,38.55,-121.5,2.098
3.2465,19.0,5.876971608832808,1.1198738170347002,1260.0,3.9747634069400632,33.79,-118.05,2.774
6.0901,8.0,7.5360623781676415,1.050682261208577,1555.0,3.0311890838206628,37.95,-122.01,2.982
1.5625,17.0,3.657142857142857,0.9214285714285714,314.0,2.242857142857143,38.73,-120.76,1.083
3.0489,33.0,4.361607142857143,1.0357142857142858,1293.0,2.8861607142857144,37.66,-122.1,1.526
2.0304,51.0,4.64203233256351,1.0623556581986142,1355.0,3.1293302540415704,34.02,-118.32,1.334
5.0453,33.0,5.731808731808732,1.0166320166320166,1201.0,2.496881496881497,37.37,-122.04,3.116
1.8447,52.0,4.20985401459854,1.063868613138686,1127.0,2.0565693430656933,37.86,-122.27,1.982
1.3532,14.0,5.559718969555036,1.3044496487119437,723.0,1.693208430913349,39.03,-122.91,0.958
4.8375,40.0,6.8625,1.09375,415.0,2.59375,38.64,-121.26,2.174
3.2589,18.0,6.372146118721461,1.1232876712328768,1187.0,2.7100456621004567,38.32,-120.88,1.03
1.3527,30.0,2.247524752475248,0.7425742574257426,169.0,1.6732673267326732,35.39,-119.02,0.6
3.8421,29.0,4.676470588235294,1.0058823529411764,1788.0,3.5058823529411764,37.46,-121.9,2.207
1.528,43.0,4.651515151515151,1.067099567099567,1316.0,2.8484848484848486,33.96,-118.31,1.318
8.2004,32.0,8.2491961414791,1.0691318327974275,1877.0,3.017684887459807,34.15,-118.05,5.00001
3.9722,47.0,5.739130434782608,1.1331521739130437,1161.0,3.154891304347826,33.96,-118.3,1.174
1.9219,31.0,3.871401151631478,1.0863723608445297,2063.0,3.9596928982725528,33.97,-118.28,1.07
2.9861,26.0,4.31064572425829,1.0924956369982548,1174.0,2.048865619546248,37.97,-122.04,1.609
1.2625,45.0,5.32404181184669,1.0139372822299653,801.0,2.7909407665505226,37.73,-122.19,0.847
1.0208,25.0,3.5,0.9230769230769232,71.0,1.3653846153846154,38.38,-121.94,0.786
3.9352,44.0,4.603636363636364,1.1290909090909091,961.0,1.7472727272727273,33.76,-118.13,4.069
5.1337,13.0,4.9480519480519485,0.9285714285714286,940.0,3.051948051948052,38.02,-121.93,1.548
2.9306,23.0,5.62962962962963,1.3240740740740742,281.0,2.601851851851852,39.74,-123.15,0.7
3.2768,44.0,5.338289962825279,1.0074349442379182,850.0,3.159851301115242,33.95,-118.19,1.791
4.1387,4.0,4.470167064439141,1.1849642004773269,1606.0,1.9164677804295944,37.55,-121.96,1.625
4.0521,12.0,3.9623655913978495,0.978494623655914,1009.0,2.712365591397849,32.93,-117.14,1.667
1.3523,18.0,5.883116883116883,1.5194805194805194,152.0,1.974025974025974,39.39,-120.74,0.857
6.148,17.0,7.133587786259542,1.1870229007633588,831.0,3.1717557251908395,34.11,-117.62,2.439
1.9907,17.0,4.341653666146646,1.0577223088923555,2566.0,4.003120124804992,35.2,-118.85,0.512
3.3594,45.0,3.82312591866732,1.0553650171484563,3359.0,1.6457618814306711,34.07,-118.35,2.875
3.5096,34.0,5.1525,0.9775,1169.0,2.9225,32.73,-117.03,1.42
3.2216,36.0,5.319796954314721,1.0380710659898478,1454.0,3.6903553299492384,36.92,-121.76,2.383
3.7477,8.0,5.227138643067847,1.019174041297935,2118.0,3.1238938053097347,38.69,-121.8,1.222
4.1058,25.0,6.507518796992481,1.169172932330827,810.0,3.045112781954887,37.33,-120.65,1.076
3.9,36.0,5.2727272727272725,0.922077922077922,268.0,3.4805194805194803,33.89,-118.25,1.158
2.8679,44.0,4.951554591467824,1.1453362255965294,3269.0,2.363702096890817,37.75,-122.4,2.433
3.5903,35.0,3.676767676767677,1.0168350168350169,962.0,3.239057239057239,33.91,-118.33,1.833
2.6442,34.0,3.1272727272727274,0.6909090909090909,149.0,2.709090909090909,38.61,-121.44,0.55
5.3903,29.0,6.451476793248945,1.029535864978903,1197.0,2.5253164556962027,33.75,-117.8,2.866
3.148,22.0,5.170542635658915,1.0,1520.0,3.9276485788113695,37.64,-121.03,1.023
4.7159,36.0,6.561576354679803,1.0689655172413792,648.0,3.1921182266009853,34.13,-118.01,3.659
3.7,35.0,4.491452991452992,1.106837606837607,517.0,2.209401709401709,37.52,-122.27,3.397
2.5553,16.0,3.717870257037944,1.1113831089351285,2592.0,1.5862913096695226,32.74,-117.14,1.781
2.4605,43.0,4.082228116710875,1.023872679045093,1122.0,2.976127320954907,34.01,-118.11,1.96
3.0119,27.0,4.973744292237443,1.0570776255707763,2110.0,2.4086757990867578,34.21,-119.05,2.182
3.4539,35.0,6.739130434782608,1.2687747035573125,708.0,2.798418972332016,38.67,-122.52,3.0
2.9444,17.0,5.365671641791045,1.208955223880597,675.0,2.5186567164179103,38.89,-120.81,1.193
6.7644,19.0,6.825454545454545,1.069090909090909,1692.0,3.076363636363636,37.0,-121.68,4.126
2.8295,51.0,4.576666666666667,0.9466666666666668,648.0,2.16,35.39,-119.0,0.721
1.6875,52.0,3.0892857142857144,1.1403061224489797,1102.0,2.811224489795918,36.91,-121.75,1.614
4.3438,33.0,6.180769230769231,1.0846153846153843,608.0,2.3384615384615386,34.15,-117.3,1.15
2.7083,21.0,4.495588235294117,1.026470588235294,1627.0,2.3926470588235293,35.33,-119.03,0.847
3.9408,49.0,4.444794952681388,0.9873817034700316,1268.0,4.0,33.97,-118.21,1.706
5.7405,48.0,5.324626865671642,0.9440298507462688,693.0,2.5858208955223883,34.01,-118.4,3.516
2.3462,42.0,3.75,1.0101626016260163,2191.0,4.453252032520325,34.01,-118.18,1.273
6.5891,17.0,7.254464285714286,1.0669642857142858,703.0,3.138392857142857,38.29,-122.15,3.288
3.3616,13.0,5.896240601503759,1.1338345864661654,1902.0,2.860150375939849,33.97,-116.52,0.896
4.825,26.0,5.257009345794392,0.9813084112149532,943.0,4.406542056074766,37.32,-121.83,1.81
2.9821,19.0,5.278947368421052,1.236842105263158,538.0,2.831578947368421,38.24,-120.79,0.904
6.015,41.0,6.794964028776978,1.0827338129496402,802.0,2.884892086330935,33.81,-118.38,4.885
3.9798,31.0,4.7073170731707314,1.1121951219512196,1002.0,2.44390243902439,34.0,-118.42,4.586
2.4423,21.0,5.779527559055119,1.2703412073490814,1000.0,2.6246719160104988,39.07,-122.91,1.023
4.0156,48.0,3.63680387409201,1.0831315577078289,1980.0,1.5980629539951574,37.79,-122.42,5.00001
3.5403,36.0,6.226244343891403,1.16289592760181,687.0,3.1085972850678734,33.91,-117.9,1.954
2.5506,23.0,3.6280701754385967,1.1543859649122807,1898.0,3.329824561403509,34.42,-119.71,2.308
6.541,21.0,7.202439024390244,1.0219512195121951,1397.0,3.407317073170732,34.16,-118.95,2.915
1.3889,16.0,5.5,1.0833333333333333,188.0,2.611111111111111,40.17,-122.72,0.875
3.4542,24.0,5.475560081466395,1.023421588594705,2010.0,2.0468431771894093,36.82,-119.8,1.212
4.9618,7.0,6.153905645784996,1.0162412993039442,4460.0,3.449342614075793,38.0,-121.72,1.565
4.6484,17.0,6.9140625,1.0963541666666667,991.0,2.5807291666666665,38.65,-121.26,2.706
10.3798,5.0,8.166666666666666,1.0,705.0,3.7903225806451615,37.46,-121.89,5.00001
5.8623,24.0,5.972413793103448,1.0183908045977013,1184.0,2.72183908045977,33.71,-118.02,2.878
3.6719,36.0,3.1846153846153844,0.8,477.0,3.669230769230769,33.92,-118.2,1.304
3.6953,14.0,4.877419354838709,0.9096774193548388,424.0,2.735483870967742,38.66,-121.36,1.161
2.3333,52.0,3.8073701842546064,1.1105527638190955,1480.0,2.479061976549413,34.09,-118.28,1.965
4.5568,33.0,6.1370786516853935,1.0247191011235954,1263.0,2.838202247191011,32.8,-117.13,1.753
5.7914,52.0,7.188888888888889,0.9722222222222222,434.0,2.411111111111111,32.76,-117.19,5.00001
2.4583,35.0,4.04,0.96,261.0,2.61,37.77,-120.85,0.75
4.5536,10.0,11.098130841121495,1.97196261682243,1220.0,2.850467289719626,34.24,-117.26,1.324
3.2642,34.0,5.7,0.9787234042553192,1141.0,2.427659574468085,36.79,-119.77,0.896
1.8242,47.0,4.257990867579909,1.0616438356164384,1916.0,4.3744292237442925,33.99,-118.26,0.95
1.6111,13.0,4.35064935064935,1.155844155844156,247.0,3.207792207792208,37.8,-121.22,0.741
2.9712,52.0,10.105105105105103,1.9339339339339336,796.0,2.3903903903903903,37.0,-122.04,1.166
4.6875,34.0,5.857142857142857,1.0267857142857142,342.0,3.0535714285714284,37.66,-122.1,2.006
4.0709,13.0,6.119891008174387,1.1185286103542234,2093.0,2.85149863760218,38.69,-120.7,1.517
2.5263,48.0,5.108433734939759,1.068273092369478,1357.0,2.7248995983935744,34.01,-118.31,1.21
3.3214,52.0,4.825,1.11875,409.0,2.55625,37.77,-122.23,1.896
2.9375,35.0,5.167904903417534,1.0846953937592867,1885.0,2.800891530460624,33.9,-118.12,2.065
4.1165,26.0,4.9375,0.998046875,2677.0,5.228515625,37.32,-121.81,1.649
4.1806,28.0,6.317738791423002,1.0389863547758285,1334.0,2.6003898635477585,32.83,-117.21,1.996
4.0125,20.0,5.538226299694189,1.0764525993883791,1191.0,3.6422018348623855,37.81,-121.22,1.215
4.087,23.0,5.641176470588236,0.9970588235294118,1392.0,4.094117647058823,32.58,-117.05,1.348
4.0677,36.0,5.525925925925926,1.0444444444444445,1041.0,3.855555555555556,33.98,-118.08,1.658
3.2011,48.0,4.941463414634146,0.946341463414634,464.0,2.2634146341463413,37.78,-122.45,4.283
3.1724,41.0,5.0625,1.0772058823529411,1142.0,4.198529411764706,34.03,-118.16,1.416
3.8897,14.0,6.097222222222222,1.0717592592592593,1402.0,3.2453703703703702,38.36,-121.2,1.757
0.8438,17.0,2.9079754601226995,1.0337423312883436,971.0,1.4892638036809815,34.15,-118.14,1.75
2.0875,25.0,3.933641975308642,1.0416666666666667,2053.0,3.16820987654321,38.13,-121.26,0.831
1.7207,40.0,3.0656814449917897,1.0394088669950738,2223.0,3.6502463054187193,33.98,-118.25,1.051
3.7045,16.0,3.972299168975069,1.0304709141274238,804.0,2.227146814404432,37.37,-122.0,1.781
2.125,32.0,5.814338235294118,1.3088235294117647,1358.0,2.4963235294117645,34.12,-116.0,0.577
4.3317,43.0,4.729903536977492,0.9678456591639872,767.0,2.4662379421221865,33.79,-118.12,2.324
2.8403,24.0,4.256594724220624,1.0731414868105515,2828.0,3.390887290167865,33.81,-117.83,2.256
4.1321,35.0,5.3760683760683765,0.9344729344729344,989.0,2.8176638176638176,33.93,-117.97,1.981
2.5392,17.0,3.793948126801153,1.0259365994236311,1487.0,2.142651296829971,32.65,-117.08,1.47
12.3411,4.0,7.472103004291846,0.965665236051502,811.0,3.48068669527897,33.64,-117.81,5.00001
5.2149,18.0,4.758426966292135,1.0393258426966292,733.0,4.117977528089888,34.2,-118.59,2.019
2.4016,41.0,5.564755838641189,1.1507430997876855,1074.0,2.280254777070064,32.74,-117.22,2.875
4.1667,35.0,5.276951672862453,1.100371747211896,1413.0,2.62639405204461,34.23,-118.25,2.712
4.2619,17.0,4.593511450381679,1.0286259541984732,1422.0,2.713740458015267,33.88,-118.07,1.397
8.7657,24.0,8.093117408906883,0.9878542510121456,759.0,3.072874493927125,34.14,-118.85,3.663
5.6304,18.0,7.1689059500959695,1.0690978886756235,1504.0,2.886756238003839,38.3,-122.35,2.431
2.2138,49.0,5.058375634517766,1.131979695431472,1052.0,2.67005076142132,33.98,-118.32,1.198
3.5536,35.0,6.098360655737705,1.0590163934426229,1011.0,3.314754098360656,34.08,-117.92,2.07
2.6458,35.0,5.319444444444445,1.2777777777777777,202.0,2.805555555555556,40.02,-120.92,1.025
5.0285,8.0,6.66371158392435,1.0768321513002364,5731.0,3.387115839243499,34.67,-118.19,1.679
3.6989,32.0,5.192037470725995,0.9882903981264636,1064.0,2.4918032786885247,34.25,-118.46,2.086
3.8372,41.0,5.26595744680851,1.1319148936170214,1416.0,3.0127659574468084,33.91,-118.29,1.564
3.9537,17.0,6.013461538461539,1.0365384615384616,1390.0,2.673076923076923,39.25,-121.06,1.728
3.205,7.0,5.609427609427609,1.0695847362514028,2764.0,3.102132435465769,34.48,-117.2,1.019
3.7991,21.0,4.907407407407407,1.0061728395061729,414.0,2.555555555555556,38.37,-122.78,1.75
0.8543,27.0,2.297872340425532,1.175531914893617,1211.0,1.610372340425532,37.78,-122.42,5.00001
2.7562,18.0,4.873479318734793,0.9683698296836984,1333.0,3.24330900243309,37.44,-120.76,0.905
4.125,30.0,5.384615384615385,2.923076923076923,20.0,1.5384615384615383,38.92,-122.65,1.125
3.625,52.0,4.290094339622642,1.0943396226415094,1068.0,2.518867924528302,33.84,-118.31,2.707
2.4342,22.0,5.086666666666667,0.9966666666666668,790.0,2.6333333333333333,38.01,-121.24,1.25
6.2427,11.0,6.161016949152542,1.0466101694915255,635.0,2.690677966101695,33.88,-117.97,2.185
2.0134,23.0,4.046153846153846,1.1692307692307693,245.0,1.8846153846153848,38.3,-122.28,1.425
4.7813,21.0,5.248995983935743,0.9477911646586346,586.0,2.353413654618474,37.63,-122.04,2.419
2.0325,52.0,4.218323586744639,1.1812865497076024,2034.0,3.9649122807017534,37.75,-122.41,1.781
4.6293,35.0,4.580555555555556,0.9861111111111112,746.0,2.0722222222222224,32.78,-117.23,3.565
5.7657,26.0,5.431192660550459,1.0321100917431192,815.0,3.738532110091743,37.41,-122.07,3.223
7.5992,15.0,7.634854771784233,0.975103734439834,855.0,3.547717842323652,32.91,-117.11,3.106
2.5208,17.0,6.396067415730337,1.3314606741573034,767.0,2.154494382022472,38.45,-120.55,0.991
0.9637,29.0,3.2434210526315788,1.105263157894737,233.0,1.5328947368421053,37.67,-122.08,1.6
4.6654,27.0,5.214765100671141,1.0313199105145414,1178.0,2.635346756152125,37.26,-121.98,3.407
2.0057,34.0,3.977722772277228,1.1126237623762376,3086.0,3.819306930693069,33.97,-118.18,1.894
6.5004,16.0,5.45475113122172,0.9502262443438914,1671.0,3.7805429864253393,37.41,-121.86,2.636
2.2262,25.0,6.457013574660634,1.1131221719457014,772.0,3.493212669683258,36.2,-119.32,0.645
3.375,9.0,3.1818181818181817,1.0363636363636364,1257.0,7.618181818181818,33.74,-117.86,1.653
5.0599,35.0,5.271428571428571,0.9857142857142858,641.0,3.052380952380952,33.83,-117.95,2.167
2.6759,17.0,4.631205673758865,1.0319148936170213,832.0,1.475177304964539,33.61,-117.73,1.206
3.3841,29.0,4.842031029619182,1.002820874471086,1919.0,2.706629055007052,37.69,-121.76,1.844
2.9167,32.0,4.501440922190202,1.0518731988472625,2145.0,6.181556195965418,33.74,-117.89,1.584
1.7448,23.0,5.384615384615385,1.1775147928994083,370.0,2.189349112426036,41.41,-122.39,0.801
3.6895,29.0,5.475,0.990909090909091,1142.0,2.595454545454545,36.32,-119.32,0.877
2.1862,36.0,3.8020833333333335,0.9979166666666668,2097.0,4.36875,34.04,-118.21,1.353
3.9722,36.0,5.850467289719626,0.9766355140186916,558.0,2.607476635514019,33.81,-118.11,2.356
5.6147,16.0,7.411111111111111,1.022222222222222,267.0,2.966666666666667,38.05,-121.34,2.447
2.2368,7.0,4.43313373253493,1.093812375249501,1440.0,2.874251497005988,33.37,-117.26,1.546
7.0598,25.0,6.965986394557823,0.9863945578231292,357.0,2.4285714285714284,34.31,-118.49,3.563
4.2222,24.0,5.323308270676692,1.0526315789473684,3118.0,3.907268170426065,33.74,-117.94,2.072
4.8618,22.0,5.018963337547408,1.1011378002528445,1588.0,2.0075853350189634,34.05,-118.44,5.00001
3.225,44.0,5.854984894259819,1.2054380664652569,946.0,2.8580060422960725,37.75,-122.15,1.358
2.3917,10.0,6.589686098654709,1.3565022421524664,1167.0,2.616591928251121,35.27,-118.34,0.79
3.7105,22.0,4.083606557377049,1.1131147540983606,2237.0,1.8336065573770493,34.16,-118.45,2.726
1.8208,19.0,5.426997245179064,1.18732782369146,1166.0,3.212121212121212,41.09,-123.72,0.5
9.532,50.0,7.114427860696518,0.9253731343283582,620.0,3.084577114427861,34.19,-118.11,4.833
3.9722,25.0,4.149,1.067,1749.0,1.749,34.0,-118.48,4.5
2.3347,29.0,3.646153846153846,1.0487179487179488,1057.0,2.7102564102564104,33.82,-117.94,2.081
4.1679,41.0,6.617486338797814,1.371584699453552,915.0,2.5,37.05,-122.05,2.013
4.0893,31.0,3.6457800511508953,1.0281329923273657,1410.0,1.80306905370844,34.01,-118.48,3.815
2.3533,39.0,4.842778793418647,1.0457038391224862,1815.0,3.3180987202925047,35.49,-119.27,0.654
1.681,31.0,3.91970802919708,1.1070559610705597,786.0,1.912408759124088,37.94,-122.34,1.455
1.9318,30.0,2.443840579710145,0.9402173913043478,2646.0,4.793478260869565,33.79,-118.17,1.159
2.0329,30.0,3.9058380414312617,1.0037664783427496,1311.0,2.468926553672316,33.74,-118.29,2.258
2.275,28.0,4.218553459119497,1.1132075471698113,2047.0,3.2185534591194966,34.02,-117.34,0.854
3.9048,52.0,4.998540145985402,1.0072992700729928,2273.0,3.318248175182482,37.79,-122.22,1.647
2.69,20.0,5.6438127090301,1.0535117056856187,1505.0,2.516722408026756,37.64,-120.82,2.013
9.3586,32.0,7.129353233830845,0.9900497512437813,498.0,2.4776119402985075,37.36,-122.1,5.00001
5.3044,11.0,6.619883040935672,1.0657894736842106,2398.0,3.5058479532163744,34.21,-119.03,3.19
2.225,41.0,5.157894736842105,1.0526315789473684,68.0,3.5789473684210527,37.64,-122.42,2.125
2.625,43.0,3.534682080924856,1.1040462427745663,1699.0,2.4552023121387285,33.98,-118.04,1.633
5.3903,29.0,6.451476793248945,1.029535864978903,1197.0,2.5253164556962027,33.75,-117.8,2.866
1.9141,15.0,6.53421052631579,1.431578947368421,835.0,2.1973684210526314,39.09,-122.9,1.432
2.375,17.0,4.238095238095238,0.9047619047619048,79.0,3.761904761904762,33.69,-116.18,1.55
2.4028,17.0,31.77777777777778,9.703703703703704,47.0,1.7407407407407407,40.06,-121.54,0.675
10.1447,26.0,7.203409090909091,0.9954545454545456,2540.0,2.886363636363636,33.77,-118.37,5.00001
2.525,46.0,3.947040498442368,1.0093457943925233,792.0,2.467289719626168,37.87,-122.29,1.659
4.3008,33.0,6.314159292035399,1.081858407079646,1109.0,2.4535398230088497,38.02,-121.33,1.364
6.083,34.0,6.099767981438515,1.0046403712296983,1301.0,3.0185614849187936,37.31,-122.02,3.414
4.6587,10.0,5.838709677419355,1.096774193548387,1779.0,3.1881720430107525,37.93,-121.7,1.525
4.0079,10.0,7.538853503184713,1.5318471337579618,3811.0,2.427388535031847,33.73,-116.38,1.345
4.3158,49.0,5.478260869565218,1.0739130434782609,1435.0,2.079710144927536,34.04,-118.48,5.00001
2.7098,47.0,4.330601092896175,1.147540983606557,949.0,2.592896174863388,34.13,-118.22,1.738
3.7455,47.0,4.871125611745514,1.0228384991843391,1399.0,2.282218597063621,37.31,-121.89,2.474
2.9324,29.0,6.085106382978723,1.1453900709219855,850.0,3.0141843971631204,38.79,-121.51,1.375
2.3056,31.0,3.320359281437126,1.059880239520958,1119.0,3.3502994011976046,34.18,-118.36,2.0
4.3889,52.0,4.290064102564102,1.0288461538461535,1144.0,1.8333333333333333,33.76,-118.14,3.78
2.2768,14.0,5.132553606237817,1.0331384015594542,1324.0,2.580896686159844,40.46,-122.27,0.786
6.8469,36.0,8.734265734265735,1.111888111888112,362.0,2.531468531468532,38.6,-121.38,4.464
2.3062,15.0,4.9308755760368665,0.9585253456221198,470.0,2.165898617511521,33.14,-117.15,1.589
3.0398,36.0,3.597609561752988,1.0597609561752988,1068.0,4.254980079681275,33.98,-118.18,1.654
3.1958,39.0,4.665168539325843,1.0831460674157305,1738.0,3.90561797752809,37.71,-122.46,2.321
2.569,9.0,4.325549450549451,1.0384615384615383,4451.0,3.0570054945054945,32.57,-117.08,0.883
4.2045,30.0,5.61271676300578,1.069364161849711,644.0,3.722543352601156,36.96,-122.05,2.265
3.3456,37.0,4.514084507042254,0.908450704225352,458.0,3.2253521126760565,36.67,-121.7,2.526
2.7578,46.0,4.476190476190476,1.054421768707483,880.0,1.9954648526077097,33.98,-118.03,2.368
4.9135,52.0,7.188811188811189,0.902097902097902,317.0,2.2167832167832167,37.73,-122.15,2.75
5.5,16.0,6.691460055096419,1.0661157024793388,1293.0,3.56198347107438,37.27,-121.84,2.532
5.1696,52.0,6.115902964959568,1.0242587601078168,1004.0,2.706199460916442,37.89,-122.29,2.614
3.6588,45.0,4.93993993993994,1.0405405405405406,2466.0,3.702702702702703,37.7,-122.47,2.386
3.75,16.0,3.981949458483754,0.9765342960288808,1227.0,2.214801444043321,34.43,-119.88,2.231
3.9408,49.0,4.444794952681388,0.9873817034700316,1268.0,4.0,33.97,-118.21,1.706
6.3314,27.0,6.490998363338789,0.944353518821604,1657.0,2.711947626841244,38.01,-122.55,3.422
3.25,46.0,4.972413793103448,1.0804597701149423,925.0,2.126436781609196,37.73,-122.17,1.775
2.2429,15.0,5.539156626506024,1.4728915662650603,887.0,2.671686746987952,39.66,-123.58,1.0
4.1359,17.0,4.607344632768362,1.0635593220338984,1879.0,2.653954802259887,34.22,-118.57,2.552
4.1563,4.0,5.645833333333333,0.9851190476190476,915.0,2.7232142857142856,34.66,-120.48,1.726
5.5875,3.0,6.875930521091812,1.0272952853598014,2506.0,3.109181141439206,34.07,-117.14,1.62
1.7167,39.0,4.271468144044321,1.0387811634349031,1256.0,3.479224376731302,33.96,-118.26,1.0
5.8722,34.0,5.734939759036145,0.9116465863453816,890.0,3.57429718875502,34.05,-117.95,2.048
5.93,16.0,5.958656330749354,1.0155038759689925,1368.0,3.5348837209302326,33.87,-118.03,2.776
2.0221,20.0,4.721875,1.025,791.0,2.471875,39.9,-120.93,0.709
2.1094,52.0,2.0595238095238093,1.0357142857142858,401.0,4.773809523809524,36.74,-119.79,0.75
4.8958,17.0,7.348314606741573,1.0898876404494382,825.0,3.0898876404494384,37.91,-121.7,1.871
4.6761,31.0,5.649501661129568,1.0232558139534884,1750.0,2.9069767441860463,38.07,-122.14,1.431
1.6645,20.0,5.671814671814672,1.16988416988417,1031.0,3.980694980694981,36.35,-119.42,0.48
1.5625,25.0,5.60655737704918,1.2076502732240435,789.0,4.311475409836065,36.71,-119.81,0.528
4.0174,28.0,5.028056112224449,1.0681362725450902,2846.0,2.851703406813628,37.28,-121.96,2.739
2.6429,24.0,3.981958762886598,1.0077319587628866,1807.0,4.657216494845361,33.91,-118.21,1.053
7.5426,15.0,7.00297176820208,0.9970282317979198,2197.0,3.264487369985141,33.65,-117.65,2.948
1.9483,16.0,4.21669341894061,0.9839486356340288,1054.0,1.6918138041733548,36.82,-119.72,1.125
3.5588,37.0,4.267515923566879,1.0254777070063694,621.0,1.9777070063694264,37.97,-122.53,2.688
2.1579,27.0,5.060422960725076,1.5740181268882176,744.0,2.2477341389728096,33.35,-118.32,4.5
2.3971,17.0,4.654867256637168,1.0553097345132745,1476.0,1.6327433628318584,37.28,-121.85,0.875
4.6098,24.0,5.4555837563451774,1.0875634517766497,2249.0,2.854060913705584,37.71,-122.43,2.904
2.4932,35.0,3.7172312223858617,1.1030927835051547,2487.0,3.662739322533137,34.12,-118.19,1.677
4.0882,16.0,5.851351351351352,1.0694980694980696,1301.0,2.511583011583012,33.41,-117.19,2.961
2.767,42.0,4.735602094240837,1.1099476439790577,1094.0,2.863874345549738,34.04,-118.37,1.43
2.625,13.0,6.401486988847584,1.20817843866171,712.0,2.646840148698885,37.29,-119.6,1.375
3.6625,22.0,5.747474747474747,0.9966329966329966,822.0,2.767676767676768,39.75,-121.87,1.266
5.8819,18.0,6.355338223308883,0.9462102689486552,3710.0,3.0236348818255907,34.13,-117.78,2.605
3.5536,35.0,6.098360655737705,1.0590163934426229,1011.0,3.314754098360656,34.08,-117.92,2.07
4.05,35.0,4.074742268041237,1.0876288659793814,580.0,1.4948453608247425,37.76,-122.44,4.231
2.7717,52.0,3.914396887159533,1.132295719844358,445.0,1.7315175097276263,37.8,-122.44,5.0
2.2687,34.0,3.642857142857143,1.1387755102040815,804.0,1.6408163265306122,32.75,-117.16,2.0
2.2794,52.0,4.023076923076923,0.953846153846154,317.0,2.4384615384615387,34.03,-118.46,3.375
5.373,36.0,5.375886524822695,0.9716312056737588,1232.0,2.912529550827424,33.89,-118.34,2.445
2.5187,18.0,5.467261904761905,1.1547619047619049,727.0,2.1636904761904763,34.04,-117.33,1.167
4.1289,13.0,4.572038420490928,1.112059765208111,2146.0,2.290288153681964,38.03,-122.44,1.792
3.3816,52.0,4.486988847583644,1.1226765799256506,1008.0,3.7472118959107807,37.75,-122.42,2.625
7.0001,26.0,6.960164835164835,1.03021978021978,1996.0,2.741758241758242,37.46,-122.26,5.00001
2.5272,5.0,6.080049261083744,1.4027093596059113,2204.0,2.7142857142857144,34.1,-117.41,0.92
4.0444,32.0,5.9922720247295205,1.061823802163833,1642.0,2.537867078825348,38.0,-121.34,1.292
5.6558,38.0,6.154471544715447,1.008130081300813,319.0,2.5934959349593494,37.89,-122.07,2.633
3.4426,22.0,5.794594594594595,1.0162162162162165,1200.0,3.2432432432432434,39.15,-121.66,1.024
2.0034,51.0,4.904605263157895,1.1332236842105263,1831.0,3.0115131578947367,38.03,-121.9,0.877
5.2799,36.0,5.3203125,0.953125,360.0,2.8125,33.86,-118.36,3.326
4.5303,36.0,5.0,0.926829268292683,252.0,3.073170731707317,37.65,-122.1,1.75
3.5586,26.0,2.844141069397042,1.0944254835039815,2374.0,2.700796359499431,37.39,-122.01,2.222
6.7528,30.0,6.890374331550802,1.0802139037433156,1076.0,2.877005347593583,33.89,-117.94,4.596
5.2894,16.0,5.348710990502036,1.016282225237449,1894.0,2.569877883310719,37.25,-121.94,3.328
3.875,11.0,9.37546468401487,2.0,616.0,2.2899628252788102,33.04,-116.61,1.981
9.6062,18.0,8.304878048780488,1.016260162601626,702.0,2.8536585365853657,33.66,-117.93,4.147
3.79,52.0,4.643867924528302,0.9174528301886792,877.0,2.068396226415094,32.74,-117.12,1.634
2.5352,13.0,9.793028322440088,1.8649237472766884,1149.0,2.503267973856209,38.25,-120.37,1.137
15.0001,27.0,7.651923076923077,0.9807692307692308,1351.0,2.598076923076923,34.1,-118.4,5.00001
3.625,24.0,5.174657534246576,1.0890410958904109,1052.0,3.602739726027397,37.09,-121.6,3.5
4.0179,18.0,4.442906574394463,0.9792387543252596,990.0,3.42560553633218,33.97,-118.36,1.958
2.6528,9.0,8.010752688172044,1.586021505376344,2233.0,2.401075268817204,37.97,-120.67,1.33
2.535,37.0,4.723214285714286,1.1227678571428572,1109.0,2.4754464285714284,37.68,-122.1,1.74
2.29,23.0,5.683381088825215,1.0974212034383954,1518.0,2.174785100286533,34.04,-117.05,1.118
2.13,25.0,4.337301587301587,1.0396825396825398,893.0,3.543650793650793,36.1,-119.56,0.508
4.25,24.0,5.322147651006712,0.8791946308724832,912.0,3.0604026845637584,33.21,-117.35,1.503
2.8036,24.0,4.399759903961584,1.0444177671068426,1954.0,2.345738295318127,36.97,-121.97,2.285
4.0365,18.0,5.9742489270386265,1.0014306151645207,2164.0,3.09585121602289,38.21,-121.15,1.742
2.3658,17.0,4.073093220338983,1.1133474576271187,3102.0,3.2860169491525424,32.78,-117.17,1.641
5.9539,39.0,6.27027027027027,1.0324324324324323,508.0,2.745945945945946,37.53,-122.31,3.791
1.2618,32.0,3.830409356725146,0.9970760233918128,2375.0,3.4722222222222223,35.39,-118.98,0.469
1.7696,18.0,3.7222222222222223,1.1245210727969348,1329.0,2.545977011494253,32.75,-117.11,1.031
4.5185,30.0,5.828767123287672,1.058904109589041,2129.0,2.916438356164384,34.08,-117.69,1.425
3.5461,32.0,3.9672131147540974,0.9972677595628416,1888.0,5.158469945355192,33.9,-118.18,1.464
4.2042,52.0,3.878313253012048,1.1674698795180722,1152.0,1.3879518072289156,37.79,-122.43,5.00001
3.5,43.0,5.287081339712919,1.1220095693779903,1042.0,2.492822966507177,33.82,-118.18,2.167
8.8281,25.0,7.586837294332724,1.0420475319926874,1424.0,2.603290676416819,33.71,-118.05,4.616
2.0066,16.0,5.689567430025445,1.1145038167938932,1361.0,3.4631043256997454,37.2,-120.64,1.25
1.9375,43.0,5.239669421487603,1.0964187327823691,1153.0,3.176308539944904,33.99,-118.29,1.129
4.375,52.0,5.846153846153846,1.010989010989011,642.0,2.351648351648352,37.74,-122.45,3.495
4.0924,19.0,5.942222222222222,1.048888888888889,744.0,3.306666666666666,38.17,-121.28,2.442
5.0951,33.0,5.526448362720403,1.181360201511335,987.0,2.486146095717884,33.8,-118.34,3.189
1.7463,36.0,3.424489795918368,1.020408163265306,1079.0,4.404081632653061,34.07,-118.22,1.583
3.7031,27.0,5.64745308310992,1.0053619302949062,2142.0,2.871313672922252,37.81,-120.9,1.733
6.8729,8.0,14.70673076923077,2.4038461538461537,612.0,2.9423076923076925,33.78,-116.4,2.592
4.0924,37.0,4.990338164251208,1.0483091787439611,1031.0,2.490338164251208,34.2,-118.51,1.884
4.4722,18.0,5.511560693641618,1.0419075144508672,1881.0,2.718208092485549,34.11,-117.79,2.156
5.3292,34.0,5.540322580645161,0.967741935483871,906.0,3.653225806451613,33.92,-118.29,1.555
2.2161,20.0,4.846965699208443,1.0448548812664908,1498.0,1.9762532981530343,33.74,-116.97,0.769
1.7596,40.0,2.09375,0.53125,50.0,1.5625,38.68,-121.38,0.938
3.8625,31.0,4.921686746987952,1.1144578313253013,939.0,2.8283132530120483,37.06,-122.07,2.323
2.5,10.0,5.381443298969073,1.1168384879725086,785.0,2.697594501718213,38.12,-120.55,1.161
3.9963,33.0,5.671974522292993,1.038216560509554,913.0,2.9076433121019107,34.65,-118.19,1.268
4.7426,19.0,5.871428571428571,1.022857142857143,1064.0,3.04,37.93,-121.66,2.631
7.0423,22.0,14.189349112426036,2.408284023668639,349.0,2.06508875739645,33.09,-117.26,5.00001
3.6378,17.0,5.432075471698113,1.0226415094339625,1802.0,3.4,37.81,-121.22,1.261
2.3,28.0,5.046979865771812,1.0553691275167785,2537.0,4.256711409395973,33.79,-118.22,1.375
3.9167,41.0,5.277591973244147,1.173913043478261,1159.0,3.876254180602007,37.71,-122.45,2.436
3.0927,23.0,4.791181364392679,1.0465890183028286,3108.0,2.5856905158069883,32.79,-116.93,1.406
4.8523,36.0,5.620087336244541,1.017467248908297,779.0,3.4017467248908297,33.93,-117.99,1.758
1.7451,23.0,3.6473477406679766,1.0589390962671903,2194.0,2.155206286836936,38.6,-121.42,0.896
4.3864,35.0,5.415637860082304,0.9197530864197532,1349.0,2.7757201646090537,37.68,-122.15,2.052
4.2083,44.0,5.323204419889502,0.9171270718232044,846.0,2.337016574585636,37.47,-122.2,2.782
2.5326,24.0,5.532085561497326,1.1657754010695187,909.0,2.43048128342246,39.12,-120.96,1.391
10.3416,36.0,7.525,1.025,740.0,2.642857142857143,37.9,-122.2,5.00001
1.9297,36.0,2.7222884386174018,1.071513706793802,1964.0,2.34088200238379,34.1,-118.3,2.033
3.025,35.0,4.446511627906977,0.9906976744186048,488.0,2.269767441860465,38.81,-123.02,1.406
0.9563,52.0,1.7845303867403317,1.1933701657458564,2081.0,2.874309392265193,34.05,-118.27,2.75
3.1397,52.0,4.636871508379889,1.0223463687150838,479.0,2.6759776536312847,34.16,-118.27,2.537
4.97,52.0,6.685064935064935,1.12012987012987,800.0,2.5974025974025974,37.57,-122.35,5.00001
3.2279,39.0,4.396648044692737,1.011173184357542,731.0,4.083798882681564,34.08,-118.17,1.585
6.844,10.0,7.504504504504505,0.993993993993994,1040.0,3.123123123123123,38.67,-121.08,2.396
2.1111,33.0,4.927272727272728,0.9818181818181818,888.0,2.3064935064935064,39.16,-121.58,0.687
3.4306,18.0,4.826996197718631,1.1711026615969582,964.0,1.832699619771863,32.79,-117.24,2.75
2.5755,52.0,3.402576489533012,1.0587761674718197,2619.0,2.108695652173913,37.77,-122.42,3.25
3.205,7.0,5.609427609427609,1.0695847362514028,2764.0,3.102132435465769,34.48,-117.2,1.019
2.8175,22.0,4.330964467005076,1.0253807106598984,2766.0,2.8081218274111674,32.81,-116.94,1.352
6.1244,40.0,5.2404181184668985,0.940766550522648,689.0,2.4006968641114983,37.47,-122.24,3.088
4.3851,16.0,5.531365313653136,0.922509225092251,1292.0,4.767527675276753,37.67,-120.97,1.173
1.75,43.0,4.053571428571429,1.0357142857142858,1005.0,4.486607142857143,34.04,-118.17,1.34
4.6932,4.0,5.260137719969396,1.1009946442234124,2889.0,2.210405508798776,37.76,-121.94,3.561
2.7014,33.0,4.076576576576577,0.9234234234234234,989.0,4.454954954954955,32.6,-117.06,1.082
3.6742,9.0,5.8562874251497,1.0199600798403194,1227.0,2.4491017964071857,37.34,-120.47,1.172
6.6659,7.0,6.532121212121212,1.0945454545454545,2232.0,2.7054545454545456,37.23,-121.83,5.00001
4.175,35.0,5.420529801324503,0.9933774834437086,894.0,2.9602649006622515,34.26,-118.45,2.096
3.9886,32.0,4.740402193784278,1.0347349177330896,1596.0,2.917733089579525,34.21,-118.54,1.992
2.9191,52.0,4.742547425474255,1.008130081300813,764.0,2.0704607046070462,38.56,-121.46,1.118
4.4861,46.0,5.76530612244898,1.0255102040816326,503.0,2.566326530612245,33.93,-118.37,2.463
5.0201,18.0,5.601336302895323,0.9866369710467706,1442.0,3.2115812917594653,32.82,-116.89,1.544
0.8964,24.0,5.726618705035971,1.7482014388489209,227.0,1.6330935251798562,33.43,-114.73,0.592
2.4875,26.0,4.556476683937824,1.033160621761658,2539.0,2.6310880829015546,38.09,-122.23,0.9
1.8008,48.0,3.863636363636364,1.3636363636363635,545.0,4.128787878787879,32.7,-117.14,0.865
5.3735,22.0,7.237569060773481,1.0939226519337018,1324.0,3.657458563535912,33.91,-117.57,2.146
4.0972,52.0,2.1481481481481484,1.9259259259259256,41.0,1.5185185185185186,34.05,-118.26,5.00001
2.935,52.0,4.474820143884892,1.1270983213429258,1211.0,2.904076738609113,34.09,-118.25,1.894
1.0353,19.0,2.1555555555555554,0.973015873015873,766.0,1.2158730158730158,32.75,-117.14,1.5
4.0125,28.0,5.154676258992806,0.9712230215827338,1001.0,3.6007194244604315,34.97,-120.43,1.301
5.4819,12.0,5.759345794392523,0.9626168224299064,1226.0,2.864485981308411,33.17,-117.1,1.838
5.0635,16.0,6.573816155988858,0.9888579387186628,1034.0,2.8802228412256268,36.83,-119.77,1.085
3.0481,21.0,4.214501510574018,1.0251762336354482,3122.0,3.1440080563947634,32.78,-117.18,2.1
3.5978,27.0,6.013333333333334,1.07,782.0,2.6066666666666665,40.45,-122.24,0.806
3.6875,13.0,4.049166666666666,1.0775,3351.0,2.7925,34.2,-118.4,2.119
3.006,52.0,4.701970443349754,1.0246305418719213,811.0,1.997536945812808,37.88,-122.28,2.279
2.9737,37.0,4.58008658008658,0.9696969696969696,588.0,2.5454545454545454,38.53,-121.41,0.721
4.2703,36.0,5.966555183946488,1.013377926421405,964.0,3.2240802675585285,33.83,-118.11,2.209
1.9311,17.0,4.231437598736177,1.052132701421801,3030.0,2.393364928909953,33.82,-118.22,1.381
8.9083,15.0,6.947712418300654,1.0130718954248366,905.0,2.957516339869281,37.54,-122.27,5.00001
3.5655,52.0,4.094462540716612,1.1042345276872965,1575.0,1.710097719869707,37.76,-122.43,4.273
2.1979,41.0,3.975378787878788,1.003787878787879,2325.0,4.403409090909091,34.03,-118.17,1.408
3.6042,34.0,5.538461538461538,1.0,621.0,2.985576923076923,32.79,-115.57,0.736
3.4732,52.0,5.962864721485412,1.1193633952254642,870.0,2.3076923076923075,37.89,-122.29,2.462
4.711,27.0,6.535885167464115,1.0167464114832536,2400.0,2.8708133971291865,33.99,-117.32,1.335
2.625,11.0,4.943201376936317,1.0499139414802066,2644.0,4.550774526678141,32.68,-115.51,0.727
2.6745,5.0,4.332298136645963,1.1583850931677018,638.0,1.9813664596273293,38.61,-121.5,2.25
1.7308,26.0,4.929471032745592,1.080604534005038,945.0,2.380352644836272,39.52,-121.56,0.536
2.5521,38.0,2.859848484848485,1.0113636363636365,2899.0,3.660353535353536,34.08,-118.27,1.575
2.4044,34.0,5.478632478632479,1.0797720797720798,1101.0,3.1367521367521367,35.5,-119.28,0.658
2.6053,33.0,4.786632390745501,1.102827763496144,971.0,2.4961439588688945,37.8,-121.21,0.992
3.0257,52.0,4.046948356807512,1.0093896713615025,994.0,4.666666666666667,37.78,-122.23,0.808
5.8666,37.0,5.824561403508772,1.0964912280701755,626.0,2.745614035087719,34.01,-118.45,4.401
4.7708,48.0,5.427777777777778,1.0777777777777775,446.0,2.477777777777778,37.77,-122.16,1.563
4.1375,16.0,6.214452214452215,1.048951048951049,1203.0,2.804195804195804,35.49,-120.69,2.224
6.6265,30.0,6.022292993630574,1.1592356687898089,635.0,2.022292993630573,33.6,-117.86,5.00001
3.9464,20.0,7.644329896907217,1.2835051546391754,660.0,3.402061855670103,34.05,-117.49,2.077
3.0208,36.0,3.902173913043478,1.0615942028985508,518.0,1.8768115942028984,37.89,-122.3,2.063
4.5,17.0,5.2625169147496615,1.0121786197564275,2415.0,3.2679296346414075,34.23,-119.19,2.343
5.4298,24.0,6.174964438122333,0.918918918918919,1929.0,2.743954480796586,34.24,-119.05,2.796
9.3464,25.0,8.362530413625304,1.0413625304136254,1198.0,2.9148418491484187,37.28,-122.02,5.00001
5.2,10.0,5.043296089385475,1.121508379888268,1599.0,2.233240223463687,37.26,-121.95,2.487
3.12,29.0,4.1925,1.0325,873.0,2.1825,34.13,-117.87,1.943
2.8854,42.0,5.103092783505154,1.1958762886597938,284.0,2.927835051546392,37.99,-121.28,0.557
3.3682,40.0,6.045901639344263,1.1147540983606556,719.0,2.357377049180328,37.31,-121.89,2.352
8.9063,5.0,8.944642857142858,1.1008928571428571,4253.0,3.7973214285714287,34.24,-118.94,5.00001
3.6389,28.0,6.0,1.0829694323144106,769.0,3.3580786026200875,37.97,-121.17,1.304
2.6806,52.0,4.806282722513089,1.057591623036649,3062.0,4.007853403141361,34.08,-118.21,1.53
4.0833,33.0,4.836065573770492,1.010928961748634,1346.0,3.677595628415301,33.93,-117.94,1.625
3.1848,43.0,4.946428571428571,0.9005102040816326,968.0,2.4693877551020407,38.11,-122.22,1.127
1.9766,27.0,3.685279187817259,1.0642978003384094,2379.0,4.025380710659898,34.06,-117.77,1.08
4.8304,32.0,4.929648241206031,0.9723618090452262,1274.0,3.201005025125628,33.95,-118.08,1.606
1.2863,52.0,2.7590361445783134,0.891566265060241,1283.0,7.728915662650603,32.7,-117.15,0.863
1.7756,21.0,4.904761904761905,1.0376984126984128,1238.0,2.4563492063492065,36.07,-119.05,0.629
2.5417,15.0,5.626666666666667,1.0177777777777777,1183.0,2.628888888888889,40.66,-122.43,0.922
3.3571,14.0,5.227941176470588,1.1066176470588236,1613.0,2.9650735294117645,38.3,-122.49,1.936
5.9214,20.0,6.91684434968017,1.1087420042643923,1769.0,3.771855010660981,37.27,-121.81,2.24
2.3,40.0,3.818840579710145,0.9094202898550724,1056.0,3.8260869565217392,34.17,-118.14,1.467
6.5881,34.0,6.173469387755102,0.9974489795918368,917.0,2.3392857142857144,32.81,-117.24,3.944
1.9044,18.0,3.879194630872483,1.0447427293064877,783.0,1.751677852348993,38.55,-121.39,1.543
7.7572,52.0,7.070247933884297,1.012396694214876,671.0,2.772727272727273,34.03,-118.5,5.00001
4.6467,23.0,5.629757785467128,1.1003460207612457,1279.0,4.42560553633218,34.08,-118.0,1.851
5.0,34.0,6.124567474048443,1.0069204152249136,916.0,3.169550173010381,33.85,-118.35,3.542
4.6667,13.0,4.937677053824363,1.028328611898017,854.0,2.4192634560906514,32.9,-117.12,1.382
3.7831,38.0,5.595394736842105,1.042763157894737,872.0,2.8684210526315788,32.83,-116.94,1.478
5.5469,22.0,4.7967032967032965,0.9972527472527472,886.0,2.434065934065934,36.54,-121.82,3.788
2.3417,40.0,3.238500851788757,1.1567291311754684,865.0,1.473594548551959,33.98,-118.51,4.25
1.3631,28.0,4.851936218678816,1.10250569476082,1195.0,2.722095671981777,39.1,-121.56,0.455
3.6583,44.0,5.534328358208955,1.0955223880597016,976.0,2.9134328358208954,33.94,-118.31,1.267
0.9687,27.0,3.1849056603773587,0.939622641509434,583.0,2.2,37.94,-122.36,1.058
3.3125,49.0,4.698581560283688,0.9822695035460992,764.0,2.7092198581560285,37.74,-122.15,1.18
1.6065,47.0,3.5303030303030303,1.1174242424242424,1226.0,4.643939393939394,33.97,-118.23,1.114
3.5625,14.0,5.769349845201238,1.0603715170278638,1741.0,2.695046439628483,38.41,-121.37,1.257
5.8686,15.0,5.017114914425428,0.9902200488997556,1380.0,3.374083129584352,37.38,-121.86,1.811
1.9,16.0,4.975133214920071,1.0905861456483126,1695.0,3.010657193605684,40.56,-122.35,0.816
2.3641,30.0,3.9642058165548097,1.1185682326621924,1389.0,3.1073825503355703,32.74,-117.1,0.941
4.7708,32.0,4.566115702479339,0.9421487603305784,1270.0,2.62396694214876,33.94,-118.16,1.786
4.1071,11.0,5.813953488372093,1.0105708245243128,2827.0,2.988372093023256,38.67,-121.21,1.458
2.7656,31.0,5.404166666666667,1.0791666666666666,765.0,3.1875,38.9,-121.28,0.936
2.4028,17.0,31.77777777777778,9.703703703703704,47.0,1.7407407407407407,40.06,-121.54,0.675
4.7391,35.0,5.94919168591224,1.023094688221709,1273.0,2.9399538106235568,37.69,-122.49,2.728
4.175,27.0,4.574844074844075,1.0738045738045738,1725.0,1.793139293139293,34.05,-118.47,5.00001
6.3403,34.0,5.1923076923076925,1.0288461538461535,213.0,2.048076923076923,33.88,-118.41,5.00001
4.9236,43.0,5.220843672456576,0.9627791563275434,1137.0,2.8213399503722085,37.26,-121.94,2.38
3.0625,32.0,3.930348258706468,0.9900497512437813,1196.0,5.9502487562189055,33.75,-117.92,1.428
3.9464,32.0,4.95952023988006,1.0764617691154423,1803.0,2.7031484257871066,34.13,-118.02,2.736
1.6548,35.0,4.879417879417879,1.0935550935550935,1676.0,3.4844074844074844,36.75,-119.76,0.494
1.7262,18.0,5.71259842519685,1.094488188976378,695.0,2.736220472440945,40.58,-123.18,0.737
5.0731,9.0,5.071698113207547,1.0528301886792453,530.0,2.0,33.88,-117.97,1.851
3.3594,30.0,3.972972972972973,1.06006006006006,856.0,2.5705705705705704,34.18,-118.42,2.022
3.7807,9.0,4.997677119628339,1.0452961672473868,2240.0,2.6016260162601625,34.68,-118.16,1.109
5.3224,17.0,6.103633916554509,1.0255720053835802,1562.0,2.1022880215343203,38.0,-121.36,2.258
2.0978,13.0,5.196185286103543,0.9455040871934604,821.0,2.2370572207084467,39.18,-121.63,1.34
3.1845,47.0,4.761904761904762,0.9635854341736696,922.0,2.5826330532212887,37.96,-121.32,0.872
2.119,18.0,4.636971046770602,1.0723830734966593,2032.0,2.2628062360801784,38.66,-121.34,1.331
3.3006,17.0,3.926091825307951,1.110862262038074,2104.0,2.356103023516237,33.83,-117.98,1.858
7.5839,13.0,8.268907563025211,1.0672268907563025,364.0,3.0588235294117645,33.95,-117.75,4.269
4.75,52.0,4.831896551724138,0.9892241379310344,751.0,1.6185344827586208,37.76,-122.43,5.00001
11.1118,18.0,8.427659574468086,1.0872340425531914,1541.0,3.27872340425532,33.01,-117.23,5.00001
4.1635,47.0,4.854111405835544,0.9787798408488064,922.0,2.4456233421750664,33.97,-118.33,1.564
5.9401,34.0,6.226950354609929,0.9739952718676124,1114.0,2.6335697399527187,34.24,-118.5,3.153
2.3393,19.0,3.6070359281437128,1.1167664670658684,2572.0,1.9251497005988023,32.77,-117.03,1.182
1.8485,48.0,4.754385964912281,1.3157894736842106,571.0,5.008771929824562,34.02,-118.24,0.906
3.2609,22.0,3.6596638655462175,1.024159663865546,1268.0,1.3319327731092436,33.99,-118.5,5.00001
4.9444,12.0,12.447368421052632,2.210526315789474,1179.0,2.068421052631579,33.79,-116.42,2.85
3.2434,42.0,5.401503759398496,1.0571428571428572,1625.0,2.443609022556391,37.67,-122.13,1.799
3.925,14.0,4.874493927125506,0.9190283400809716,633.0,2.562753036437247,36.32,-119.34,0.838
5.2145,28.0,6.807407407407408,1.011111111111111,899.0,3.329629629629629,37.96,-121.96,2.292
6.6312,31.0,6.791332263242376,0.9903691813804172,1694.0,2.7191011235955056,33.79,-118.09,3.601
6.907,16.0,6.644539614561028,1.032119914346895,1567.0,3.355460385438972,34.3,-118.96,5.00001
4.5815,21.0,6.165909090909091,0.9818181818181818,1287.0,2.925,38.55,-121.37,1.255
5.3288,10.0,6.196762141967621,1.0572851805728518,2089.0,2.601494396014944,38.07,-122.18,2.018
4.2414,52.0,5.68956043956044,0.9945054945054944,825.0,2.2664835164835164,37.3,-121.89,2.848
3.8672,42.0,4.416666666666667,0.9824561403508772,776.0,3.4035087719298245,33.9,-118.07,1.627
2.0521,26.0,4.893371757925072,1.015850144092219,2446.0,3.5244956772334293,37.57,-120.91,0.654
3.2539,25.0,5.226788432267885,1.2709284627092847,1749.0,2.6621004566210047,33.83,-117.99,1.99
3.0509,30.0,5.598130841121495,1.1728971962616823,1019.0,4.761682242990654,33.94,-117.4,0.827
1.6722,35.0,5.300632911392405,1.1803797468354431,1131.0,3.579113924050633,36.56,-119.25,0.591
4.6484,2.0,6.406607369758577,1.059720457433291,2784.0,3.537484116899619,37.59,-120.98,1.459
8.4331,36.0,6.266871165644171,1.4325153374233128,606.0,1.8588957055214723,34.02,-118.6,5.00001
2.8102,17.0,5.560581583198708,1.138933764135703,1693.0,2.7350565428109856,39.31,-121.13,1.289
4.0313,36.0,6.330275229357798,0.963302752293578,299.0,2.743119266055046,37.75,-122.14,1.955
1.9267,18.0,4.7309090909090905,1.0018181818181815,1042.0,1.8945454545454543,32.6,-117.07,0.675
5.3963,33.0,7.509394572025053,1.0835073068893528,1207.0,2.519832985386221,34.45,-119.61,5.00001
2.4875,27.0,3.4573002754820936,1.078512396694215,3481.0,4.794765840220386,34.06,-118.03,1.578
5.2864,15.0,4.692771084337349,0.9457831325301204,949.0,2.858433734939759,32.92,-117.14,1.744
4.199,52.0,3.649214659685864,1.0641361256544504,1302.0,1.7041884816753927,37.8,-122.43,4.0
4.0985,43.0,5.226872246696035,1.0594713656387664,1247.0,2.746696035242291,37.75,-122.5,2.832
2.4333,38.0,4.983050847457627,1.1214689265536724,987.0,2.788135593220339,37.76,-122.17,0.982
3.0824,33.0,3.7694524495677233,1.080691642651297,2175.0,6.268011527377522,33.73,-117.89,1.774
7.0598,25.0,6.965986394557823,0.9863945578231292,357.0,2.4285714285714284,34.31,-118.49,3.563
4.6394,13.0,18.97706422018349,3.651376146788991,573.0,2.628440366972477,34.24,-116.88,2.265
3.5687,36.0,4.832460732984293,0.8638743455497382,603.0,3.157068062827225,33.89,-118.26,1.207
3.2731,20.0,5.002502085070892,1.1009174311926606,3185.0,2.656380316930776,33.93,-117.45,1.139
1.4583,36.0,2.4,0.6,42.0,1.68,37.98,-122.41,0.675
5.5779,16.0,5.938223938223938,1.003861003861004,835.0,3.223938223938224,33.65,-117.65,2.348
4.45,37.0,5.256267409470752,0.9832869080779943,895.0,2.4930362116991645,37.95,-122.32,1.966
1.9698,12.0,4.286624203821656,1.1401273885350318,3440.0,3.6518046709129512,38.0,-121.29,1.123
3.3125,9.0,16.541284403669724,3.1162079510703364,594.0,1.81651376146789,38.7,-123.49,2.954
4.1659,36.0,5.887545344619105,1.053204353083434,1899.0,2.2962515114873034,37.99,-122.59,3.02
2.0089,52.0,4.2727272727272725,1.217008797653959,1238.0,3.63049853372434,34.1,-117.31,0.681
2.3578,41.0,5.455598455598456,1.0077220077220077,1070.0,4.131274131274132,32.8,-117.15,1.667
1.625,34.0,2.9776119402985075,1.0522388059701493,482.0,3.5970149253731343,34.1,-118.31,0.675
2.987,46.0,4.166051660516605,1.0086100861008611,2833.0,3.4846248462484626,34.12,-118.19,1.769
5.4508,14.0,5.964114832535885,0.9736842105263158,1296.0,3.1004784688995217,36.72,-121.8,1.9
0.9338,35.0,5.30188679245283,1.6415094339622642,240.0,2.2641509433962264,38.67,-121.39,1.125
5.1668,28.0,5.701252236135957,1.0178890876565294,2205.0,3.94454382826476,34.3,-118.41,1.874
3.8464,17.0,3.699692307692308,1.0689230769230769,3539.0,2.1778461538461538,37.36,-122.0,2.394
6.065,5.0,5.626865671641791,1.0621890547263682,1016.0,2.527363184079602,33.55,-117.68,3.155
5.8269,16.0,7.136986301369863,1.0,1099.0,3.7636986301369855,38.35,-121.95,1.502
2.9375,39.0,5.165254237288136,1.0233050847457628,1103.0,2.336864406779661,38.56,-121.53,0.866
1.6467,34.0,4.078431372549019,1.0823529411764703,1083.0,4.247058823529412,33.96,-118.27,0.909
5.1589,3.0,4.2020905923344944,0.89198606271777,563.0,1.961672473867596,33.66,-117.59,1.678
1.7868,25.0,5.852739726027397,1.5034246575342465,632.0,2.164383561643836,36.13,-117.69,0.455
3.8068,29.0,4.45578231292517,1.129251700680272,937.0,3.187074829931973,33.87,-117.98,1.587
4.4958,19.0,5.8997668997669,1.0745920745920745,1206.0,2.811188811188812,38.92,-121.22,1.926
3.4539,43.0,4.561068702290076,0.9770992366412212,1251.0,4.774809160305344,33.92,-118.22,1.25
4.3696,7.0,6.5279307631786,1.127458693941778,4189.0,3.2958300550747444,37.71,-121.42,1.707
4.0125,46.0,4.484662576687117,1.0204498977505112,1814.0,3.70961145194274,37.7,-122.45,2.301
2.0625,39.0,5.837528604118993,1.102974828375286,1181.0,2.702517162471396,39.52,-122.2,0.634
1.975,52.0,2.8,0.7,193.0,4.825,36.73,-119.79,0.475
5.6642,22.0,6.940944881889764,1.0039370078740155,1660.0,3.267716535433071,37.95,-122.02,2.37
13.2949,4.0,9.104216388225934,1.0779634049323787,3898.0,3.1010342084327767,37.82,-121.89,5.00001
1.6955,43.0,4.797872340425532,1.1340425531914893,1568.0,3.3361702127659574,34.02,-118.31,1.152
2.9624,16.0,4.414079822616408,1.0426829268292683,3769.0,2.0892461197339247,32.77,-117.04,1.447
4.8088,32.0,5.285546415981199,1.0129259694477086,1818.0,2.136310223266745,37.9,-122.05,3.212
2.3169,13.0,5.568286445012788,1.0879795396419438,4266.0,2.1820971867007675,33.75,-116.91,1.234
4.1042,35.0,5.001865671641791,0.9477611940298508,1580.0,2.9477611940298507,37.69,-122.12,1.791
3.0911,27.0,5.5285087719298245,1.0614035087719298,1307.0,2.866228070175439,37.36,-120.6,0.869
4.1862,14.0,4.074695121951219,1.0472560975609757,1192.0,1.817073170731708,33.72,-118.05,1.889
3.1667,17.0,4.886904761904762,1.0476190476190477,436.0,2.595238095238096,33.18,-117.29,1.606
4.9808,42.0,5.424778761061947,1.0206489675516224,1034.0,3.050147492625369,33.93,-118.15,2.123
9.5268,13.0,7.139275766016713,0.99025069637883,2429.0,3.383008356545961,33.67,-118.07,4.379
4.9821,21.0,4.487567567567568,1.1005405405405406,2054.0,2.2205405405405405,33.87,-118.38,2.929
3.0542,37.0,5.094076655052265,0.8954703832752613,849.0,2.9581881533101044,33.95,-117.41,1.239
3.183,33.0,4.132,1.1186666666666667,2025.0,2.7,33.97,-118.12,1.911
5.0634,52.0,4.732558139534884,0.986046511627907,1193.0,2.7744186046511627,37.73,-122.45,2.642
3.8056,35.0,5.1679389312977095,1.083969465648855,501.0,1.9122137404580155,34.16,-118.4,3.847
4.7574,10.0,4.978978978978979,0.9309309309309308,1053.0,3.1621621621621623,34.27,-118.77,2.099
2.5043,41.0,5.465217391304348,1.1782608695652177,828.0,3.6,37.75,-122.17,0.923
3.0645,32.0,4.307254623044097,1.1536273115220483,2037.0,2.8975817923186344,37.67,-122.11,1.654
2.4667,30.0,4.234782608695652,0.9884057971014492,1014.0,2.9391304347826086,34.1,-117.65,1.06
1.8857,31.0,4.655172413793103,1.0517241379310345,1154.0,3.3160919540229883,36.08,-119.01,0.555
3.9833,35.0,5.13986013986014,1.027972027972028,1930.0,2.699300699300699,37.55,-122.3,3.428
5.112,29.0,6.3352826510721245,1.0155945419103314,1382.0,2.6939571150097468,34.06,-117.91,2.183
2.537,44.0,3.561009817671809,1.05890603085554,1382.0,1.9382889200561009,37.87,-122.29,1.75
3.1104,24.0,3.839769452449568,1.067435158501441,3792.0,2.185590778097983,33.95,-118.13,2.3
3.2639,50.0,5.121212121212121,1.0649350649350648,851.0,3.683982683982684,34.03,-118.19,1.426
2.6033,22.0,4.055194805194805,1.0876623376623376,699.0,2.26948051948052,38.34,-122.71,1.216
3.0391,20.0,5.59877800407332,1.1710794297352345,1195.0,2.433808553971487,36.41,-118.86,1.397
4.8152,36.0,5.637323943661972,1.0211267605633805,715.0,2.517605633802817,33.97,-118.03,2.324
2.2607,40.0,2.7309236947791167,1.0963855421686748,995.0,3.995983935742972,34.07,-118.26,1.656
0.8941,33.0,4.964285714285714,1.2678571428571428,266.0,4.75,34.06,-118.18,0.982
2.4597,49.0,4.728033472803348,1.0209205020920502,607.0,2.5397489539748954,37.85,-122.28,0.938
2.2917,19.0,5.695652173913044,1.423913043478261,493.0,2.6793478260869565,39.12,-120.69,1.182
2.1771,18.0,5.127272727272727,1.0772727272727274,772.0,3.5090909090909093,36.44,-119.97,0.392
4.2917,8.0,7.164285714285715,1.1928571428571428,388.0,2.771428571428572,33.62,-116.96,2.219
3.5744,20.0,5.07037643207856,0.9345335515548282,1449.0,2.3715220949263505,35.11,-120.59,1.978
8.634,48.0,5.615942028985507,0.9166666666666666,641.0,2.322463768115942,37.9,-122.56,4.635
5.3561,29.0,5.337349397590361,0.9718875502008032,1318.0,2.646586345381526,37.27,-121.98,2.989
3.25,38.0,5.978021978021978,0.978021978021978,240.0,2.6373626373626373,40.55,-124.13,0.948
3.9722,38.0,5.292878635907723,1.0110330992978938,2695.0,2.703109327983952,37.65,-122.44,2.762
4.6333,27.0,5.177152317880795,1.009933774834437,3257.0,5.392384105960265,37.33,-121.83,1.736
4.1181,36.0,4.8753709198813056,1.0356083086053411,1414.0,4.195845697329377,34.23,-118.4,1.727
4.0474,30.0,5.419354838709677,1.0064516129032255,858.0,2.767741935483871,37.31,-121.94,2.805
1.875,48.0,8.8,2.013793103448276,358.0,2.46896551724138,39.56,-120.92,0.666
1.8289,29.0,4.343675417661098,1.0954653937947494,1134.0,2.7064439140811456,35.39,-119.01,0.594
7.521,19.0,5.804920913884007,1.0263620386643233,1329.0,2.335676625659051,33.87,-118.39,3.404
1.7885,40.0,5.916817359855335,1.1989150090415914,1467.0,2.6528028933092225,41.78,-121.62,0.435
2.5038,39.0,4.970822281167108,1.090185676392573,822.0,2.180371352785146,39.14,-121.63,0.683
3.5,10.0,5.929955290611028,1.1341281669150522,1834.0,2.7332339791356186,35.55,-120.7,1.721
3.994,29.0,5.502747252747253,1.1016483516483515,1520.0,4.175824175824176,34.08,-118.0,1.953
2.4701,28.0,3.622262773722628,1.062043795620438,1092.0,1.9927007299270072,34.44,-119.76,2.909
6.6455,16.0,7.1695652173913045,0.991304347826087,769.0,3.343478260869565,37.31,-121.77,3.026
3.2235,52.0,4.317596566523605,1.0772532188841202,349.0,1.497854077253219,37.8,-122.43,5.0
3.875,32.0,6.52808988764045,1.101123595505618,563.0,3.162921348314607,33.86,-118.0,2.03
3.7708,35.0,4.8933333333333335,1.01,1295.0,4.316666666666666,34.21,-118.38,1.706
2.6818,37.0,3.565610859728507,0.9728506787330315,883.0,3.995475113122172,33.98,-118.21,1.646
3.525,20.0,4.429172510518934,0.9593267882187938,2396.0,3.360448807854137,34.11,-117.91,1.53
3.4286,44.0,4.136085626911315,0.992354740061162,1676.0,2.562691131498471,34.16,-118.33,2.479
3.7159,52.0,4.574829931972789,0.9897959183673468,560.0,1.9047619047619049,37.78,-122.45,4.944
5.5524,52.0,6.129032258064516,1.0419354838709678,1842.0,2.970967741935484,34.14,-118.2,2.939
3.0703,34.0,4.371287128712871,1.0148514851485149,974.0,2.410891089108911,33.91,-118.14,1.808
3.7826,5.0,4.363207547169812,1.1709905660377358,1657.0,1.954009433962264,33.79,-118.15,1.963
5.1312,39.0,4.985074626865671,0.9194029850746268,957.0,2.856716417910448,37.69,-122.15,1.836
4.0071,15.0,4.532258064516129,1.021994134897361,1602.0,2.348973607038124,38.34,-122.69,1.355
2.7236,19.0,5.77208480565371,1.0848056537102473,1252.0,2.2120141342756185,38.36,-120.69,1.099
9.9055,19.0,9.830769230769231,1.1692307692307693,822.0,3.1615384615384614,33.81,-117.82,4.569
4.2292,36.0,5.76678445229682,1.0424028268551238,797.0,2.8162544169611308,33.95,-118.02,1.795
3.0917,48.0,6.059139784946237,1.010752688172043,530.0,2.849462365591398,38.87,-121.13,1.281
2.1414,46.0,2.8577319587628867,0.9422680412371134,1845.0,3.804123711340206,34.05,-118.3,1.577
2.3006,23.0,5.081746031746032,1.0873015873015872,3573.0,2.835714285714286,36.76,-119.72,0.69
3.5968,12.0,5.841346153846154,1.0280448717948718,3960.0,3.173076923076923,38.49,-121.4,1.063
4.0229,18.0,4.765873015873016,1.1626984126984128,1549.0,2.048941798941799,33.65,-117.96,3.631
5.6411,6.0,5.7781299524564185,1.026148969889065,2468.0,1.955625990491284,37.29,-121.74,2.947
3.2984,21.0,4.357601713062098,1.1434689507494646,948.0,2.0299785867237685,33.07,-117.31,3.694
7.6659,35.0,6.840625,0.959375,800.0,2.5,37.29,-121.92,4.269
1.6198,30.0,4.357142857142857,1.0357142857142858,425.0,3.0357142857142856,37.79,-122.23,1.227
2.6964,14.0,4.718693284936479,1.015426497277677,3221.0,2.922867513611615,37.65,-120.95,1.07
3.9224,39.0,5.332727272727273,1.0727272727272728,1886.0,3.429090909090909,34.05,-117.78,1.313
1.6607,6.0,4.664251207729468,1.0193236714975846,1344.0,3.246376811594203,36.62,-119.65,0.58
2.5809,52.0,4.700280112044818,1.0812324929971988,1220.0,3.417366946778712,37.75,-122.41,2.553
2.9,22.0,6.776942355889724,1.2456140350877194,1432.0,3.588972431077694,37.51,-120.46,0.831
5.3102,13.0,7.494404883011191,1.0600203458799593,3193.0,3.2482197355035605,38.24,-122.1,1.95
2.9292,33.0,4.066666666666666,1.1148936170212769,1774.0,2.5163120567375885,33.89,-118.14,1.834
3.311,17.0,5.4174174174174174,1.024024024024024,1694.0,2.543543543543544,38.56,-121.33,1.094
5.2312,31.0,4.940199335548173,0.9302325581395348,854.0,2.8372093023255816,37.64,-122.11,1.976
3.5313,15.0,4.516913319238901,1.0496828752642706,2300.0,2.431289640591966,33.78,-117.99,2.13
3.3056,39.0,3.746630727762803,1.105121293800539,1666.0,4.490566037735849,33.94,-118.36,1.568
6.1359,28.0,6.090909090909091,1.3636363636363635,49.0,4.454545454545454,33.82,-118.36,3.3
3.6,36.0,4.240713224368499,1.0222882615156017,2816.0,4.184249628528975,33.97,-118.05,1.54
2.9,19.0,6.183510638297872,1.1436170212765957,967.0,2.5718085106382977,38.75,-120.7,1.587
6.2034,22.0,6.532293986636971,1.0267260579064588,1283.0,2.8574610244988863,38.21,-122.63,2.911
3.6528,13.0,6.259615384615385,0.9807692307692308,301.0,2.894230769230769,38.25,-121.06,2.0
8.2787,27.0,6.935064935064935,1.103896103896104,243.0,3.155844155844156,34.33,-118.75,3.3
5.3017,15.0,7.495305164319249,1.0985915492957747,1303.0,3.058685446009389,38.33,-122.33,2.026
4.023,14.0,5.594736842105263,1.091578947368421,2228.0,2.345263157894737,38.42,-122.66,2.084
2.4083,52.0,6.721739130434782,1.2434782608695651,377.0,3.2782608695652176,37.81,-122.28,0.982
8.9063,5.0,8.944642857142858,1.1008928571428571,4253.0,3.7973214285714287,34.24,-118.94,5.00001
4.7422,23.0,5.406844106463878,0.988593155893536,1092.0,4.152091254752852,33.71,-117.89,2.024
2.6667,44.0,4.541284403669724,1.0275229357798166,277.0,2.541284403669725,37.68,-121.77,1.792
4.0062,12.0,5.693965517241379,1.1551724137931034,661.0,2.8491379310344827,39.22,-120.94,1.538
11.6833,21.0,8.497635933806146,1.033096926713948,2440.0,2.884160756501182,37.56,-122.37,5.00001
4.5083,42.0,5.64,0.976,1175.0,2.35,32.82,-117.27,4.052
3.9464,37.0,4.928735632183908,1.025287356321839,860.0,1.9770114942528736,34.16,-118.31,3.15
4.2241,20.0,5.630769230769231,1.0216783216783216,5094.0,3.5622377622377623,32.6,-117.04,1.398
3.4643,46.0,5.26875,0.946875,870.0,2.71875,33.96,-118.31,1.363
2.9811,17.0,5.747545582047686,1.0280504908835906,1859.0,2.6072931276297333,34.04,-117.71,2.318
1.6685,34.0,3.0230978260869565,1.0230978260869563,2980.0,4.048913043478261,33.98,-118.22,1.288
1.7172,28.0,3.3714285714285714,1.053061224489796,979.0,3.9959183673469374,33.72,-116.22,0.588
2.1905,52.0,3.4619565217391304,1.1358695652173914,1655.0,4.497282608695652,34.03,-118.25,1.24
6.2708,22.0,6.307692307692308,1.0256410256410255,673.0,3.4512820512820515,34.22,-118.86,2.514
3.7644,14.0,5.7569573283859,1.0556586270871986,1704.0,3.161410018552876,33.26,-117.05,2.647
2.5119,37.0,3.9292929292929295,1.0353535353535352,850.0,4.292929292929293,34.08,-118.06,1.805
5.6917,18.0,6.062909567496724,1.077326343381389,2794.0,3.661861074705112,33.87,-118.04,2.751
1.1642,14.0,2.342070773263434,1.1179554390563564,2251.0,2.9501965923984272,34.06,-118.28,4.0
2.1383,31.0,3.334494773519164,1.0278745644599303,1300.0,4.529616724738676,34.06,-118.04,1.534
4.4375,52.0,4.57286432160804,1.0552763819095476,1525.0,1.9158291457286432,37.79,-122.44,5.00001
7.618,5.0,7.047146401985112,1.0,1363.0,3.3821339950372207,33.54,-117.68,3.414
1.899,39.0,3.601173020527859,1.1114369501466277,851.0,2.495601173020528,34.96,-120.44,1.133
1.9767,23.0,5.7084019769357495,1.158154859967051,2672.0,4.401976935749588,33.78,-117.23,0.815
2.3214,41.0,4.738738738738738,0.951951951951952,897.0,2.6936936936936937,38.64,-121.41,0.668
5.1269,6.0,4.973083197389886,1.0358890701468189,2678.0,2.1843393148450243,33.76,-118.3,2.852
4.1071,29.0,4.871254162042176,0.9689234184239732,2069.0,2.2963374028856824,33.79,-118.33,3.656
2.6493,17.0,3.13215859030837,1.118942731277533,327.0,1.4405286343612336,32.76,-117.18,0.675
2.619,52.0,3.765625,1.078125,385.0,6.015625,37.34,-121.9,2.125
3.0962,36.0,4.746421267893661,0.9304703476482618,1168.0,2.388548057259713,39.15,-121.62,0.74
3.1142,12.0,5.538591549295775,1.0822535211267603,4644.0,2.616338028169014,39.76,-121.83,1.126
3.5625,36.0,5.352,1.0,709.0,2.836,34.71,-118.15,1.014
4.2096,37.0,5.58235294117647,1.0558823529411765,973.0,2.861764705882353,38.54,-122.48,2.566
3.8464,17.0,3.699692307692308,1.0689230769230769,3539.0,2.1778461538461538,37.36,-122.0,2.394
2.4348,34.0,4.911290322580645,1.1491935483870968,797.0,3.213709677419355,34.74,-118.09,1.048
1.8446,25.0,4.8359375,1.037109375,1589.0,1.5517578125,33.74,-116.98,0.857
1.9923,42.0,2.9171029668411865,1.0322862129144852,3480.0,3.0366492146596857,34.05,-118.32,2.5
4.1344,36.0,4.115839243498818,0.9739952718676124,1245.0,2.9432624113475176,33.9,-118.32,2.103
2.0335,33.0,4.448453608247423,1.0824742268041236,1371.0,3.533505154639175,36.0,-120.14,0.439
3.0833,33.0,4.25107296137339,1.03862660944206,1665.0,3.572961373390558,34.21,-118.38,1.791
6.7287,16.0,7.192792792792793,0.972972972972973,2097.0,3.7783783783783775,37.22,-121.77,2.993
5.0156,52.0,5.752532561505065,1.036179450072359,1515.0,2.192474674384949,37.78,-122.45,5.00001
2.0272,29.0,4.2973856209150325,1.0163398692810457,1425.0,4.65686274509804,33.2,-117.37,0.996
3.3836,38.0,5.693581780538302,1.184265010351967,1410.0,2.919254658385093,34.08,-117.65,1.449
4.3235,32.0,4.821138211382114,1.048780487804878,1067.0,2.1686991869918697,37.89,-122.11,2.795
4.8894,17.0,5.634460547504026,1.0,1911.0,3.077294685990338,34.11,-117.84,1.917
2.8971,37.0,4.077540106951871,0.9705882352941176,1075.0,2.874331550802139,37.36,-121.89,1.861
3.15,26.0,4.724691358024692,1.0049382716049382,3367.0,4.156790123456791,34.04,-117.73,1.297
3.495,35.0,4.956521739130435,0.9525691699604744,729.0,2.8814229249011856,34.08,-117.64,1.18
6.2517,25.0,7.195372750642673,0.9974293059125964,1348.0,3.4652956298200515,33.99,-117.96,3.111
1.9375,41.0,5.609137055837564,1.3045685279187818,816.0,4.142131979695432,34.11,-117.31,0.641
2.8994,34.0,5.295208655332303,0.9629057187017002,1938.0,2.9953632148377127,36.8,-119.78,0.66
5.6235,12.0,6.259528130671506,0.9473684210526316,1754.0,3.1833030852994555,35.41,-119.09,1.306
4.4063,13.0,16.05701754385965,3.3771929824561404,567.0,2.486842105263158,34.27,-116.89,1.526
5.3963,33.0,7.509394572025053,1.0835073068893528,1207.0,2.519832985386221,34.45,-119.61,5.00001
7.3561,35.0,6.6971428571428575,1.0514285714285714,512.0,2.9257142857142857,37.34,-122.07,5.00001
7.9556,52.0,7.56,0.9927272727272728,684.0,2.487272727272728,37.9,-122.27,3.744
5.1104,30.0,5.280442804428044,1.003690036900369,1387.0,2.559040590405904,37.27,-121.93,2.781
2.1602,14.0,4.917627677100494,1.0,2250.0,3.70675453047776,36.34,-119.31,0.652
3.9408,49.0,4.444794952681388,0.9873817034700316,1268.0,4.0,33.97,-118.21,1.706
5.5238,34.0,5.335740072202166,0.9061371841155236,956.0,3.4512635379061374,33.92,-118.02,1.853
3.1326,13.0,6.648414985590778,1.1123919308357348,925.0,2.6657060518731988,37.35,-119.68,1.198
5.0329,14.0,8.022099447513812,1.198895027624309,516.0,2.850828729281768,40.94,-124.05,1.656
6.5356,15.0,5.233333333333333,0.9733333333333334,747.0,1.66,33.66,-117.83,2.728
1.8806,28.0,3.717973231357552,1.1462715105162524,3121.0,2.9837476099426388,33.98,-118.33,1.139
2.1287,17.0,4.0633608815427,1.1101928374655647,943.0,2.597796143250689,38.95,-121.1,0.553
5.8622,30.0,6.456164383561644,1.0383561643835617,2271.0,3.110958904109589,33.8,-117.83,2.21
3.7708,52.0,4.611320754716981,0.9962264150943396,630.0,2.3773584905660377,37.78,-122.27,2.153
10.7569,52.0,7.450617283950617,0.9382716049382716,465.0,2.8703703703703702,37.75,-122.46,5.00001
4.375,16.0,4.909090909090909,0.8181818181818182,54.0,2.4545454545454546,37.91,-120.32,1.0
5.0196,52.0,4.7224576271186445,1.055084745762712,1079.0,2.2860169491525424,37.74,-122.43,3.243
2.5474,40.0,4.8879551820728295,1.0364145658263306,1293.0,3.6218487394957983,34.09,-118.07,1.981
12.3411,4.0,7.472103004291846,0.965665236051502,811.0,3.48068669527897,33.64,-117.81,5.00001
1.9327,10.0,5.789473684210527,1.0789473684210529,898.0,3.93859649122807,38.57,-121.92,1.938
2.4875,27.0,3.4573002754820936,1.078512396694215,3481.0,4.794765840220386,34.06,-118.03,1.578
3.9734,17.0,6.215584415584416,1.0376623376623375,2066.0,2.6831168831168832,39.01,-121.02,1.854
3.3699,22.0,23.39660056657224,3.991501416430595,845.0,2.3937677053824364,39.2,-120.22,2.44
1.7292,31.0,5.298755186721992,1.0912863070539418,600.0,2.489626556016597,41.46,-122.9,0.617
3.7292,37.0,7.661016949152542,1.847457627118644,184.0,3.1186440677966103,34.13,-116.27,0.658
4.5234,34.0,5.807017543859649,0.925438596491228,799.0,3.504385964912281,34.11,-117.87,1.922
6.9961,5.0,7.294360385144429,1.071526822558459,2017.0,2.7744154057771664,37.97,-122.09,2.941
5.4074,16.0,7.076923076923077,1.051282051282051,495.0,3.173076923076923,38.24,-122.03,1.577
2.2482,19.0,4.524978089395267,1.077125328659071,2680.0,2.3488168273444345,34.14,-117.25,1.145
2.8456,30.0,4.970588235294118,1.156862745098039,537.0,2.6323529411764706,37.92,-122.31,1.833
2.6434,20.0,4.4049180327868855,1.044262295081967,2154.0,3.5311475409836066,36.92,-121.76,1.697
2.3583,21.0,5.206896551724138,1.2727272727272727,789.0,2.473354231974921,38.77,-120.58,1.087
2.0368,40.0,4.568965517241379,1.0862068965517242,1304.0,2.810344827586207,38.59,-121.54,0.678
3.3261,30.0,4.62993762993763,0.9854469854469856,1961.0,4.076923076923077,34.08,-117.97,1.641
4.652,44.0,6.079155672823219,1.0131926121372032,986.0,2.6015831134564644,37.6,-122.39,3.871
3.2375,36.0,5.058181818181819,1.029090909090909,1025.0,3.727272727272727,34.01,-118.07,1.768
4.1875,35.0,5.474666666666667,0.984,1044.0,2.784,34.12,-118.06,2.754
3.7419,52.0,5.121890547263682,1.034825870646766,999.0,2.485074626865672,37.79,-122.46,5.00001
2.585,19.0,3.722556390977444,1.0578947368421052,7307.0,2.746992481203008,34.23,-118.46,1.454
2.7,5.0,8.857142857142858,2.0476190476190474,41.0,1.9523809523809523,33.38,-115.94,0.588
1.3696,40.0,4.554216867469879,1.0120481927710845,675.0,2.710843373493976,38.61,-121.43,0.652
3.9745,36.0,5.951827242524917,1.0664451827242525,1711.0,2.8421926910299,32.79,-117.07,1.708
2.1382,21.0,3.7083333333333335,1.0580357142857142,1699.0,2.5282738095238093,33.73,-118.29,2.423
1.7995,27.0,4.562711864406779,1.152542372881356,1177.0,3.989830508474576,34.03,-118.19,1.534
4.4489,16.0,5.966549295774648,1.051056338028169,1674.0,2.947183098591549,38.69,-121.27,1.456
3.7589,26.0,5.5537459283387625,1.1205211726384363,1605.0,5.228013029315961,34.97,-120.44,1.137
3.851,16.0,6.912408759124087,1.1897810218978102,477.0,3.4817518248175183,35.17,-120.43,3.15
5.2888,32.0,5.951672862453532,0.9981412639405204,1316.0,2.446096654275093,34.44,-119.67,4.638
3.7321,41.0,4.5863539445629,1.0085287846481876,1092.0,2.328358208955224,37.34,-121.94,2.5
4.4,22.0,6.58252427184466,1.3300970873786409,336.0,3.262135922330097,38.53,-122.27,1.425
3.875,32.0,5.361702127659575,1.1094224924012157,924.0,2.8085106382978724,34.14,-117.88,1.867
3.3966,42.0,4.940809968847352,1.0031152647975077,1829.0,2.8489096573208723,34.08,-118.11,2.432
4.7402,34.0,5.0072568940493465,1.060957910014514,1915.0,2.7793904208998548,37.32,-122.0,2.445
4.6587,10.0,5.838709677419355,1.096774193548387,1779.0,3.1881720430107525,37.93,-121.7,1.525
2.726,29.0,3.707547169811321,1.078616352201258,2515.0,1.9772012578616351,33.84,-118.17,2.087
1.7348,43.0,3.9802371541501977,1.233201581027668,558.0,2.205533596837945,37.82,-122.27,1.375
2.8342,34.0,4.69375,1.0515625,5477.0,8.5578125,33.75,-117.88,1.872
3.3831,41.0,4.752650176678445,0.96113074204947,718.0,2.537102473498233,38.01,-122.11,1.294
2.2746,24.0,2.9361207897793262,1.099883855981417,2437.0,2.8304297328687573,37.49,-122.21,2.25
3.0212,14.0,5.613680154142582,1.2003853564547209,2578.0,2.483622350674374,38.7,-121.28,1.129
4.1103,8.0,5.385964912280702,1.0676691729323309,950.0,2.380952380952381,33.65,-117.83,2.504
3.892,33.0,4.601423487544484,1.1186239620403322,2113.0,2.506524317912218,34.19,-118.47,2.929
4.5714,18.0,6.362917398945519,1.0764499121265378,4168.0,3.662565905096661,37.0,-121.57,2.603
1.875,24.0,3.4392265193370166,1.0386740331491713,1230.0,3.3977900552486187,32.75,-117.09,0.95
3.0,14.0,3.45422943221321,1.0359212050984936,1941.0,2.249130938586327,34.15,-118.26,1.786
8.4045,7.0,7.63523372061605,1.044042150770062,12203.0,3.2972169683869224,37.53,-121.92,4.511
1.1346,17.0,1.8680738786279685,1.02726473175022,3915.0,3.4432717678100264,34.06,-118.27,1.375
5.02,26.0,6.672727272727273,1.010909090909091,1616.0,2.938181818181818,38.66,-121.25,1.696
4.5662,33.0,5.746835443037975,1.0284810126582278,768.0,2.430379746835443,32.8,-117.0,1.503
3.5403,36.0,6.226244343891403,1.16289592760181,687.0,3.1085972850678734,33.91,-117.9,1.954
4.5909,35.0,5.545945945945946,1.054054054054054,753.0,4.07027027027027,34.23,-118.41,1.792
2.3167,31.0,5.980645161290322,1.1774193548387095,883.0,2.8483870967741933,40.57,-123.96,0.926
3.875,11.0,9.37546468401487,2.0,616.0,2.2899628252788102,33.04,-116.61,1.981
4.2562,45.0,5.747448979591836,1.0994897959183674,1382.0,3.5255102040816326,37.71,-122.45,2.216
3.7054,28.0,4.120092378752887,1.0161662817551964,1255.0,2.8983833718244805,33.87,-117.97,1.692
5.0714,24.0,7.587219343696027,1.6683937823834196,1257.0,2.1709844559585494,33.96,-118.42,3.561
1.179,23.0,2.3887973640856672,1.057660626029654,1258.0,2.072487644151565,34.42,-119.86,2.25
5.5632,9.0,7.241086587436333,0.99660441426146,2280.0,3.870967741935484,34.02,-117.62,1.951
2.0227,44.0,5.102325581395349,1.1116279069767443,609.0,2.832558139534884,37.74,-122.16,1.031
2.0368,37.0,5.662650602409639,1.2650602409638554,522.0,6.289156626506024,34.17,-119.11,2.438
2.1265,32.0,4.436314363143631,1.1111111111111112,2050.0,2.7777777777777777,37.98,-121.26,0.557
5.0631,15.0,4.310344827586207,0.9741379310344828,261.0,2.25,33.69,-117.77,1.54
4.1167,33.0,4.601178781925344,0.9332023575638508,1367.0,2.68565815324165,33.82,-117.99,2.155
2.1287,30.0,5.876168224299065,1.1238317757009346,1327.0,3.100467289719626,37.93,-122.34,0.95
15.0001,52.0,7.994475138121547,1.0276243093922652,483.0,2.6685082872928176,37.79,-122.44,5.00001
2.5795,42.0,3.933333333333333,1.1333333333333333,54.0,1.8,38.03,-122.14,2.25
5.1624,12.0,7.22040072859745,0.9544626593806922,1707.0,3.109289617486339,33.89,-117.38,2.679
8.2374,30.0,7.904761904761905,1.08008658008658,978.0,2.116883116883117,32.85,-117.26,5.00001
2.8072,23.0,4.1120401337792645,1.1521739130434785,2720.0,4.548494983277592,33.83,-117.9,1.647
9.5823,52.0,7.981751824817518,1.0364963503649636,733.0,2.6751824817518246,34.16,-118.24,4.062
2.9405,24.0,3.7675879396984926,0.9874371859296482,2937.0,3.689698492462312,34.08,-118.14,2.178
10.9805,52.0,7.658634538152611,1.0481927710843373,681.0,2.7349397590361444,34.04,-118.41,5.00001
2.4123,24.0,4.686006825938566,0.9840728100113766,1294.0,1.472127417519909,35.35,-119.07,0.862
2.6083,27.0,3.5095320623916813,0.9792027729636048,2189.0,3.7937608318890814,34.06,-118.18,1.486
2.2019,24.0,4.967320261437909,1.0947712418300657,882.0,2.8823529411764706,37.07,-120.84,1.0
3.5403,26.0,5.159914712153518,1.1343283582089552,1383.0,2.9488272921108742,33.94,-117.42,1.135
2.8304,33.0,3.611438183347351,1.0294365012615645,4512.0,3.794785534062237,33.93,-118.34,1.437
2.5156,20.0,5.491379310344827,1.117816091954023,1241.0,3.5660919540229883,36.21,-119.08,0.593
3.4167,44.0,5.068376068376068,0.9615384615384616,687.0,2.935897435897436,37.49,-120.79,1.607
5.2443,35.0,6.673003802281369,1.1368821292775666,702.0,2.6692015209125475,37.68,-121.75,1.834
5.2851,36.0,6.138571428571429,1.0242857142857142,2038.0,2.9114285714285715,33.94,-117.98,2.588
4.0508,27.0,4.962318840579711,0.9420289855072465,1036.0,3.002898550724637,33.76,-117.97,1.839
2.75,49.0,3.647840531561462,1.053156146179402,1411.0,4.687707641196013,34.02,-118.2,1.46
2.7619,21.0,4.043795620437956,0.9817518248175182,524.0,1.912408759124088,38.3,-122.3,1.546
1.9402,46.0,4.9900249376558605,1.0673316708229426,1384.0,3.451371571072319,37.95,-121.25,0.622
10.3653,22.0,7.3364705882352945,1.0305882352941176,1147.0,2.6988235294117646,37.29,-122.03,5.00001
7.3672,47.0,5.978456014362657,1.021543985637343,1220.0,2.190305206463196,33.75,-118.12,5.00001
3.6618,14.0,7.312138728323699,1.329479768786127,621.0,3.5895953757225434,33.83,-117.2,1.613
3.3289,39.0,5.580487804878048,1.2902439024390244,1449.0,3.5341463414634147,36.38,-121.4,1.906
4.4821,42.0,4.45,0.895,555.0,2.775,34.24,-118.26,2.719
4.4219,34.0,5.850220264317181,1.0748898678414096,795.0,3.502202643171806,34.4,-118.98,3.381
4.2667,46.0,5.256055363321799,1.0069204152249136,573.0,1.982698961937716,37.75,-122.44,3.388
2.8438,44.0,3.745,1.075,848.0,2.12,37.39,-122.08,3.071
2.0066,16.0,5.689567430025445,1.1145038167938932,1361.0,3.4631043256997454,37.2,-120.64,1.25
1.7284,29.0,4.362,1.053,2053.0,2.053,39.75,-121.84,0.745
2.5224,39.0,4.110970996216897,1.0353089533417403,3130.0,3.9470365699873895,36.67,-121.61,1.192
2.5187,18.0,5.467261904761905,1.1547619047619049,727.0,2.1636904761904763,34.04,-117.33,1.167
5.0635,16.0,6.573816155988858,0.9888579387186628,1034.0,2.8802228412256268,36.83,-119.77,1.085
5.748,16.0,6.091358024691358,1.0185185185185186,2668.0,3.293827160493827,33.88,-118.07,2.842
2.9474,37.0,4.869047619047619,1.0138888888888888,1165.0,2.3115079365079363,34.07,-117.66,1.396
4.7404,29.0,5.553225806451613,1.0241935483870968,2257.0,3.640322580645161,33.74,-117.98,2.075
2.4805,11.0,6.594989561586639,1.2860125260960331,1343.0,2.8037578288100207,41.75,-124.23,0.732
1.1687,48.0,3.292307692307692,0.9846153846153848,1586.0,3.4857142857142858,34.11,-117.29,0.708
1.3042,45.0,3.953379953379953,0.9883449883449884,1502.0,3.501165501165501,33.98,-118.27,0.992
5.5647,31.0,5.435658914728682,1.012403100775194,2296.0,3.55968992248062,37.68,-122.48,2.687
2.7593,23.0,4.391117478510028,1.0358166189111748,2042.0,2.9255014326647566,34.34,-119.08,1.948
2.1793,39.0,3.932098765432099,0.984567901234568,1362.0,4.203703703703703,33.99,-118.25,1.079
1.8849,27.0,4.935643564356436,1.051155115511551,1419.0,2.341584158415841,39.15,-121.63,0.735
6.3705,6.0,6.4594017094017095,1.106837606837607,1225.0,2.6175213675213675,37.67,-121.76,3.5
4.1361,26.0,5.878195488721804,1.0075187969924813,1884.0,2.833082706766917,34.02,-117.03,1.21
3.1607,31.0,3.598944591029024,1.0184696569920844,707.0,1.865435356200528,37.78,-122.44,2.938
4.1667,48.0,5.339160839160839,1.0314685314685317,589.0,2.05944055944056,34.09,-118.27,3.448
2.0785,36.0,4.52,1.0466666666666666,1469.0,4.8966666666666665,33.92,-118.19,1.398
5.6091,21.0,5.6997885835095135,1.1585623678646937,1142.0,2.4143763213530653,33.89,-118.37,3.568
3.3371,36.0,4.96697247706422,1.0091743119266054,1827.0,3.3522935779816514,38.02,-121.89,0.946
7.2216,13.0,7.646251319957761,1.0633579725448783,3221.0,3.4012671594508976,37.77,-121.97,3.246
1.6929,40.0,4.521994134897361,1.0,1283.0,3.7624633431085046,37.29,-120.31,0.559
3.1208,36.0,5.333333333333333,1.053763440860215,846.0,3.032258064516129,38.53,-121.43,0.827
2.0882,20.0,5.965517241379311,1.1077586206896552,557.0,2.4008620689655173,39.76,-121.57,1.049
2.1484,30.0,5.58411214953271,1.0981308411214954,1409.0,3.292056074766355,37.33,-120.74,0.813
2.29,23.0,5.683381088825215,1.0974212034383954,1518.0,2.174785100286533,34.04,-117.05,1.118
4.6904,4.0,7.312148028962188,1.1367658889782783,3886.0,3.1263073209975865,33.45,-117.15,1.742
1.4886,50.0,4.0251572327044025,1.1111111111111112,1525.0,3.19706498951782,37.78,-122.22,1.288
3.2986,25.0,5.5608108108108105,1.027027027027027,2266.0,3.827702702702703,32.71,-117.05,1.192
4.9375,15.0,5.888213851761847,1.0024301336573511,2797.0,3.3985419198055893,32.94,-117.13,1.804
3.0806,52.0,6.193103448275863,1.0413793103448277,1152.0,2.648275862068965,40.54,-124.23,1.067
2.331,28.0,5.146913580246913,1.1049382716049383,2587.0,3.193827160493828,39.13,-122.09,0.655
2.8393,20.0,8.335443037974683,1.2848101265822784,453.0,2.867088607594937,33.76,-117.02,1.207
5.2083,36.0,5.079646017699115,0.936283185840708,1371.0,2.426548672566372,34.11,-118.22,2.209
2.2188,38.0,3.5743073047858944,1.035264483627204,1226.0,3.08816120906801,38.13,-121.26,0.688
5.6549,15.0,6.69038208168643,1.061923583662714,2569.0,3.38471673254282,33.87,-117.85,3.019
2.1424,30.0,4.927835051546392,1.1623711340206186,1065.0,2.7448453608247423,37.75,-121.43,1.25
5.5954,27.0,6.401084010840108,1.0745257452574526,2394.0,3.2439024390243905,34.44,-119.88,2.614
2.8139,15.0,5.571932299012694,1.002820874471086,4769.0,3.363187588152327,38.51,-121.42,0.904
3.3687,47.0,4.683333333333334,1.0777777777777775,800.0,4.444444444444445,34.28,-118.44,1.517
2.355,13.0,6.665263157894737,1.4357894736842105,1250.0,2.631578947368421,33.56,-116.72,1.229
5.4741,24.0,6.587798845836768,1.0601813685078318,4017.0,3.311624072547404,37.24,-121.84,2.388
2.6392,21.0,6.221631205673759,1.074468085106383,1576.0,2.794326241134752,38.76,-120.76,1.485
9.7956,27.0,7.988188976377953,0.952755905511811,711.0,2.7992125984251968,33.9,-117.94,5.00001
3.1975,24.0,4.218608852755194,1.070460704607046,2478.0,2.238482384823848,34.1,-118.13,2.524
4.6705,19.0,6.3896103896103895,1.1363636363636365,852.0,2.7662337662337664,38.43,-122.91,2.698
3.7083,52.0,4.3585313174946005,0.9114470842332614,1142.0,2.466522678185745,37.76,-122.5,3.077
1.55,36.0,3.1495016611295683,1.0066445182724253,1042.0,3.461794019933554,33.79,-118.17,1.0
4.4063,23.0,5.6679174484052535,0.9887429643527204,1580.0,2.964352720450281,34.01,-117.32,1.299
3.1771,15.0,6.549668874172186,1.218543046357616,406.0,2.6887417218543046,37.5,-119.8,1.219
2.9625,29.0,5.190207156308851,1.0376647834274952,1381.0,2.6007532956685497,38.42,-122.84,2.373
4.1321,35.0,5.3760683760683765,0.9344729344729344,989.0,2.8176638176638176,33.93,-117.97,1.981
2.0398,49.0,4.253012048192771,1.0542168674698795,1200.0,3.614457831325301,32.68,-117.1,0.936
2.0493,19.0,4.186486486486486,0.9972972972972972,770.0,2.081081081081081,37.58,-120.94,0.995
4.1033,34.0,4.892253931275481,1.0553290623179965,4101.0,2.388468258590565,37.64,-122.43,3.01
3.4237,4.0,5.966887417218543,1.1715833835039131,5145.0,3.0975316074653825,33.81,-117.22,1.137
5.197,36.0,5.890173410404624,0.9913294797687862,1066.0,3.0809248554913293,33.86,-117.95,1.957
2.75,32.0,6.090301003344481,1.1538461538461535,812.0,2.7157190635451505,36.32,-119.25,0.722
4.6484,17.0,6.9140625,1.0963541666666667,991.0,2.5807291666666665,38.65,-121.26,2.706
2.5544,8.0,2.996978851963746,1.187311178247734,694.0,2.096676737160121,33.78,-118.19,1.625
4.9271,21.0,5.111711711711712,0.927927927927928,2031.0,3.6594594594594594,33.99,-117.87,2.097
4.1632,9.0,6.021621621621621,1.0756756756756756,1316.0,3.556756756756757,34.13,-117.39,1.198
2.3704,38.0,4.08235294117647,1.0431372549019609,1592.0,3.1215686274509804,33.85,-117.92,1.661
7.5,14.0,7.402810304449648,1.0624512099921937,4108.0,3.2068696330991413,37.13,-121.6,3.445
1.6023,32.0,3.878787878787879,1.0696969696969696,1335.0,4.045454545454546,32.7,-117.14,0.773
2.59,21.0,5.840764331210191,1.0222929936305734,1120.0,3.56687898089172,36.71,-119.52,0.693
1.7708,9.0,4.152284263959391,1.0,358.0,1.8172588832487309,39.52,-121.56,0.795
5.417,11.0,4.925867507886435,1.167192429022082,1223.0,1.929022082018928,32.87,-117.23,1.968
2.5166,52.0,2.8390750353940537,1.1840490797546013,3436.0,1.6215195847097688,37.79,-122.41,2.75
3.3036,17.0,5.779220779220779,1.0844155844155845,406.0,2.636363636363636,40.51,-121.02,0.783
1.475,45.0,3.3065693430656933,1.0656934306569343,749.0,5.467153284671533,37.88,-122.3,1.875
1.7279,42.0,5.438095238095238,1.1238095238095238,597.0,2.842857142857143,37.12,-120.27,0.523
1.9929,30.0,2.682722513089005,1.0041884816753928,3909.0,4.093193717277487,33.98,-118.23,1.506
2.4688,25.0,4.838815789473684,0.986842105263158,721.0,2.3717105263157894,38.0,-121.24,1.268
3.099,30.0,5.688559322033898,1.125,2778.0,2.942796610169492,34.83,-117.15,0.668
7.6526,29.0,7.01432664756447,1.01432664756447,894.0,2.561604584527221,33.84,-118.15,4.813
4.9528,13.0,7.521031207598372,1.162822252374491,2074.0,2.814111261872456,32.76,-116.95,2.662
3.975,18.0,3.9081632653061225,0.9591836734693876,487.0,4.969387755102041,33.8,-117.99,1.625
1.983,42.0,4.555147058823529,0.9227941176470588,776.0,2.8529411764705883,35.35,-119.02,0.633
7.7589,8.0,6.376899696048632,1.03951367781155,908.0,2.759878419452888,33.67,-117.81,3.429
5.2249,39.0,7.064425770308123,1.0644257703081232,1113.0,3.117647058823529,34.12,-118.04,4.452
4.6904,4.0,7.312148028962188,1.1367658889782783,3886.0,3.1263073209975865,33.45,-117.15,1.742
3.0288,19.0,3.373529411764706,1.0529411764705885,1686.0,2.4794117647058824,34.15,-118.23,2.583
2.4962,37.0,5.324324324324325,1.108108108108108,835.0,3.223938223938224,37.75,-122.17,0.918
2.069,43.0,4.863849765258216,1.0938967136150235,652.0,3.061032863849765,37.75,-122.18,0.846
3.0341,11.0,4.854469854469855,1.0467775467775469,2430.0,2.525987525987526,38.43,-122.74,1.423
4.0221,16.0,4.6767676767676765,1.1616161616161615,451.0,2.2777777777777777,38.01,-121.36,1.733
3.9909,14.0,4.608303249097473,1.089350180505415,2738.0,2.471119133574008,37.54,-121.96,2.36
2.7792,18.0,5.584558823529412,1.088235294117647,846.0,3.110294117647059,36.16,-120.35,0.853
3.6,35.0,5.289156626506024,0.9879518072289156,1026.0,3.0903614457831323,33.85,-117.9,1.935
2.3716,52.0,3.9415730337078654,1.0157303370786517,1849.0,4.155056179775281,34.03,-118.2,1.228
6.1684,13.0,6.2565445026178015,1.044502617801047,2795.0,3.6583769633507854,37.15,-121.64,2.881
3.4688,8.0,5.811145510835913,1.4829721362229102,884.0,2.736842105263158,38.85,-120.71,1.201
1.7464,35.0,3.218,1.108,1675.0,1.675,37.87,-122.27,2.167
2.3917,10.0,6.589686098654709,1.3565022421524664,1167.0,2.616591928251121,35.27,-118.34,0.79
2.1615,33.0,3.1382978723404253,1.0425531914893618,1270.0,4.50354609929078,33.99,-118.24,1.188
4.0517,36.0,5.380597014925373,1.0111940298507462,990.0,3.694029850746269,33.91,-118.09,1.622
4.1667,48.0,5.339160839160839,1.0314685314685317,589.0,2.05944055944056,34.09,-118.27,3.448
2.7437,18.0,5.535776614310646,1.1029668411867364,1621.0,2.8289703315881325,34.09,-117.43,1.202
1.8897,43.0,4.483695652173913,1.1521739130434785,820.0,4.456521739130435,33.97,-118.2,1.743
6.5964,14.0,6.604508196721311,0.9918032786885246,1230.0,2.5204918032786887,33.43,-117.59,3.588
3.875,37.0,4.79253112033195,0.933609958506224,814.0,3.3775933609958506,34.07,-118.17,1.485
3.0682,14.0,5.4930693069306935,1.120792079207921,1530.0,3.0297029702970297,33.73,-116.24,1.041
5.3988,8.0,7.043478260869565,1.0253623188405796,814.0,2.949275362318841,37.05,-120.84,1.655
3.0125,37.0,6.0814814814814815,1.1111111111111112,404.0,2.9925925925925925,32.74,-117.03,1.304
2.9286,20.0,4.507142857142857,1.2178571428571427,1819.0,3.248214285714285,32.56,-117.12,2.577
8.1064,16.0,7.3375,0.9696428571428573,1409.0,2.5160714285714287,34.14,-118.85,4.234
5.5787,42.0,6.306451612903226,1.0806451612903225,602.0,3.236559139784946,33.93,-118.31,1.42
1.4375,17.0,2.4814814814814814,1.0797720797720798,955.0,2.7207977207977208,32.75,-117.1,0.964
3.5265,11.0,5.285115303983228,1.0922431865828093,1390.0,2.914046121593292,38.8,-121.22,1.248
4.4038,33.0,5.975929978118162,1.0415754923413567,3527.0,3.858862144420131,34.0,-117.96,1.867
3.2813,15.0,5.04954128440367,1.001834862385321,1422.0,2.6091743119266053,35.5,-120.67,1.75
3.1458,34.0,5.776595744680851,1.127659574468085,900.0,3.191489361702128,32.81,-117.15,1.783
3.2813,33.0,4.67109634551495,1.053156146179402,1075.0,3.571428571428572,36.93,-121.77,1.9
2.4044,36.0,5.438448566610456,1.0708263069139967,2034.0,3.430016863406408,35.77,-119.23,0.725
3.175,25.0,4.173913043478261,1.059782608695652,529.0,2.875,33.83,-118.03,1.328
3.6111,48.0,7.297297297297297,1.4864864864864864,234.0,3.1621621621621623,38.94,-121.76,0.675
3.2083,46.0,4.495967741935484,1.0,543.0,2.189516129032258,37.39,-122.08,3.343
1.8095,25.0,4.170802919708029,0.9664233576642336,2076.0,3.030656934306569,39.28,-121.64,0.641
2.9375,44.0,4.532846715328467,0.9854014598540146,811.0,2.95985401459854,33.98,-118.3,0.952
2.5714,18.0,4.549492385786802,1.015228426395939,3873.0,4.91497461928934,33.67,-116.17,0.659
3.84,42.0,4.315270935960591,1.064039408866995,713.0,3.5123152709359604,37.7,-122.46,2.359
7.8476,52.0,7.908284023668639,1.032544378698225,876.0,2.591715976331361,37.73,-122.46,5.00001
5.2329,33.0,6.668213457076567,1.062645011600928,1239.0,2.874709976798144,34.13,-118.02,4.309
2.2411,20.0,3.835570469798658,1.1610738255033557,578.0,1.9395973154362416,37.96,-122.04,1.518
2.3006,23.0,5.081746031746032,1.0873015873015872,3573.0,2.835714285714286,36.76,-119.72,0.69
5.0839,36.0,6.221719457013575,1.0950226244343892,670.0,3.0316742081447963,33.89,-118.02,1.982
2.1281,33.0,3.8342175066313,1.0517241379310345,1607.0,2.1312997347480107,32.63,-117.08,1.398
4.0714,9.0,6.679279279279279,1.0846846846846847,1601.0,2.8846846846846845,38.65,-120.97,3.006
3.8088,34.0,5.630573248407643,0.964968152866242,888.0,2.828025477707006,36.8,-119.7,0.877
2.9688,52.0,4.230547550432276,1.0461095100864553,870.0,2.5072046109510087,37.77,-122.28,2.208
3.5078,36.0,4.510703363914373,1.003058103975535,806.0,2.4648318042813457,32.83,-117.21,1.66
11.216,36.0,8.443835616438356,1.2465753424657535,771.0,2.112328767123288,33.61,-117.91,5.00001
1.2548,22.0,4.410041841004184,1.0,428.0,1.790794979079498,34.57,-117.29,0.683
3.2569,14.0,5.438818565400844,1.1687763713080168,693.0,2.9240506329113924,34.72,-120.27,2.308
4.9167,16.0,4.558109833971903,1.0485312899106003,1505.0,1.922094508301405,34.13,-118.14,2.511
4.6369,44.0,4.553133514986376,1.0626702997275204,871.0,2.3732970027247955,33.74,-118.09,4.222
8.3695,37.0,7.458745874587459,1.062706270627063,941.0,3.1056105610561056,34.22,-118.21,5.00001
3.8611,32.0,5.132978723404255,0.973404255319149,568.0,3.021276595744681,38.7,-121.46,0.939
5.753,14.0,6.071022727272728,0.9801136363636364,1151.0,3.269886363636364,34.03,-117.66,1.855
2.9632,44.0,5.2696969696969695,1.039393939393939,872.0,2.6424242424242426,37.75,-122.5,2.863
4.6437,21.0,7.507645259938838,1.165137614678899,1094.0,3.345565749235474,34.14,-117.51,1.917
5.3416,31.0,5.444759206798867,0.9320113314447592,1030.0,2.917847025495751,33.85,-118.02,2.13
3.3043,35.0,4.43811394891945,0.9921414538310412,1561.0,3.0667976424361494,34.14,-117.9,1.555
3.9917,35.0,4.609137055837564,0.9847715736040608,413.0,2.0964467005076144,37.96,-122.53,2.908
4.485,30.0,5.276315789473684,1.013157894736842,1753.0,3.844298245614035,33.81,-117.97,1.806
2.2898,42.0,4.563981042654029,1.0236966824644549,471.0,2.2322274881516586,36.96,-120.07,0.661
1.9485,27.0,3.0804232804232803,1.0285714285714285,3559.0,3.7661375661375662,33.97,-118.19,1.463
2.4342,22.0,5.086666666666667,0.9966666666666668,790.0,2.6333333333333333,38.01,-121.24,1.25
2.184,31.0,5.5256410256410255,1.1538461538461535,231.0,2.9615384615384617,40.57,-122.36,0.773
2.5663,19.0,3.9004267425320056,1.0753911806543386,1396.0,1.985775248933144,34.1,-118.13,1.975
3.6995,13.0,4.94212962962963,0.9930555555555556,779.0,1.8032407407407407,38.69,-121.3,1.349
2.5643,21.0,4.229224376731302,1.079639889196676,2805.0,1.9425207756232687,34.06,-117.19,1.027
3.6619,31.0,4.63728323699422,1.0447976878612717,1489.0,2.151734104046243,36.96,-121.98,2.451
3.2297,10.0,3.4607961399276235,1.1351025331724969,2162.0,2.6079613992762365,34.2,-118.6,1.5
4.625,20.0,5.546666666666667,1.0266666666666666,722.0,3.2088888888888887,35.26,-120.69,2.218
4.9562,45.0,5.112359550561798,1.0337078651685394,394.0,4.426966292134831,33.82,-118.21,1.657
6.4319,34.0,6.514044943820225,0.9382022471910112,941.0,2.643258426966292,33.95,-118.11,4.523
9.4664,45.0,7.593984962406015,1.0852130325814535,916.0,2.2957393483709274,34.06,-118.47,5.00001
2.1955,46.0,5.695020746887967,1.1265560165975104,1423.0,2.9522821576763487,35.13,-119.46,0.269
4.375,29.0,4.981288981288981,0.9397089397089398,2000.0,4.158004158004158,37.35,-121.81,1.855
6.5764,17.0,6.55511811023622,0.9724409448818898,755.0,2.97244094488189,33.89,-117.95,3.49
2.7536,37.0,5.993548387096774,1.164516129032258,1632.0,5.264516129032258,33.91,-116.87,0.731
4.0972,32.0,4.716981132075472,0.8867924528301887,663.0,3.1273584905660377,38.01,-121.89,0.992
2.136,8.0,4.106035889070147,1.030995106035889,1686.0,2.7504078303425774,32.81,-116.94,1.435
3.6348,17.0,5.666666666666667,1.0582706766917294,5030.0,3.1516290726817044,33.05,-116.86,1.645
2.9312,25.0,4.5,1.1152173913043475,1078.0,2.343478260869565,33.79,-117.83,2.201
4.3125,34.0,4.996710526315789,0.9901315789473684,758.0,2.4934210526315788,33.94,-117.99,2.14
2.8448,43.0,3.8192182410423454,1.01628664495114,1439.0,2.343648208469056,37.76,-122.51,2.689
6.3191,25.0,7.990338164251208,1.0169082125603863,1201.0,2.9009661835748792,32.77,-116.95,3.034
3.0426,9.0,4.548,1.1536,3773.0,3.0184,33.13,-117.09,1.299
5.0012,8.0,5.528095238095238,1.0195238095238095,5696.0,2.7123809523809523,35.32,-119.08,1.063
4.0515,26.0,5.291845493562231,0.9599427753934192,2388.0,3.4163090128755367,38.15,-122.26,1.219
2.0074,27.0,4.4,1.0577777777777777,592.0,2.631111111111111,39.15,-123.2,0.962
4.025,27.0,5.242009132420091,0.9406392694063926,521.0,2.3789954337899544,40.6,-124.14,1.281
4.5972,19.0,9.791139240506327,2.0970464135021096,1334.0,2.814345991561181,34.21,-117.12,1.239
4.025,28.0,5.933884297520661,1.024793388429752,347.0,2.8677685950413223,34.68,-118.13,1.026
6.3955,25.0,7.367595818815331,1.0470383275261324,1634.0,2.846689895470383,32.85,-117.23,3.167
5.3674,26.0,6.875722543352601,0.9710982658959536,988.0,2.8554913294797686,33.65,-117.97,3.393
3.6474,26.0,3.923076923076923,0.998211091234347,1186.0,2.1216457960644006,34.15,-118.11,1.841
4.2281,26.0,5.990062111801242,1.049689440993789,2288.0,2.8422360248447207,37.71,-121.93,2.06
3.875,39.0,4.589242053789731,1.0415647921760391,805.0,1.9682151589242047,32.83,-117.27,4.1
6.2323,17.0,7.097183098591549,1.1732394366197183,1678.0,2.363380281690141,36.59,-121.91,3.391
5.6674,11.0,6.196969696969697,1.02020202020202,645.0,3.257575757575758,33.02,-116.84,2.098
2.585,19.0,3.722556390977444,1.0578947368421052,7307.0,2.746992481203008,34.23,-118.46,1.454
1.9375,23.0,4.389380530973451,1.168141592920354,1043.0,2.307522123893805,39.15,-121.62,0.653
3.6364,27.0,5.497528830313015,1.0098846787479407,1489.0,2.4530477759472817,37.68,-122.14,2.192
11.6677,37.0,7.605633802816901,0.9507042253521126,366.0,2.5774647887323945,33.75,-118.32,5.00001
4.1797,25.0,4.786407766990291,1.0161812297734627,977.0,3.161812297734628,34.44,-119.79,2.718
3.125,6.0,7.8,1.1,27.0,2.7,33.89,-117.03,1.875
3.5696,4.0,6.111965811965812,1.106837606837607,3527.0,3.0145299145299145,34.38,-117.39,1.297
1.9013,35.0,3.342857142857143,1.0043956043956044,987.0,2.169230769230769,38.56,-121.49,0.869
2.4828,25.0,4.085653104925053,1.0985010706638116,956.0,2.04710920770878,32.75,-117.14,1.333
8.163,10.0,6.0,1.0,128.0,2.098360655737705,33.49,-117.67,2.5
3.1618,17.0,5.166979362101313,1.0825515947467168,1349.0,2.530956848030019,34.29,-119.14,1.542
3.8529,43.0,4.21911421911422,0.9953379953379954,742.0,1.7296037296037297,34.12,-118.15,3.5
4.6875,20.0,4.348623853211009,1.0458715596330277,1069.0,2.451834862385321,37.41,-122.08,2.889
1.951,17.0,3.83845126835781,1.081441922563418,1876.0,2.504672897196261,38.67,-121.79,1.525
5.753,5.0,6.386243386243386,1.1146384479717812,1546.0,2.72663139329806,33.52,-117.68,3.228
6.3303,14.0,6.028358208955224,0.9985074626865672,1905.0,2.843283582089552,33.92,-117.87,3.03
5.3908,8.0,5.396103896103896,1.025974025974026,740.0,4.805194805194805,32.69,-117.05,1.655
2.8426,10.0,4.897243107769423,1.1152882205513786,1898.0,2.3784461152882206,38.67,-121.32,1.306
7.0422,52.0,7.045454545454546,1.0909090909090908,967.0,2.585561497326203,37.57,-122.34,5.00001
5.3849,30.0,4.80718085106383,1.0106382978723405,2813.0,3.7406914893617023,33.82,-118.28,2.177
2.7236,19.0,5.77208480565371,1.0848056537102473,1252.0,2.2120141342756185,38.36,-120.69,1.099
5.2671,17.0,5.860215053763441,0.974910394265233,960.0,3.4408602150537635,32.73,-116.95,1.571
1.2548,22.0,4.410041841004184,1.0,428.0,1.790794979079498,34.57,-117.29,0.683
4.7381,43.0,6.446666666666666,1.01,847.0,2.8233333333333333,37.61,-122.41,3.474
1.8103,26.0,4.0602409638554215,1.0705679862306368,2067.0,3.557659208261618,32.74,-117.08,1.247
2.3681,39.0,3.922459893048128,1.018716577540107,1404.0,3.7540106951871657,34.43,-119.67,2.414
2.794,15.0,4.855824682814302,1.0369088811995386,1933.0,2.229527104959631,35.25,-120.69,2.625
3.125,30.0,4.3977272727272725,1.0752840909090908,2048.0,2.909090909090909,33.8,-118.31,2.333
4.9676,22.0,5.598290598290598,1.1076923076923078,1746.0,2.9846153846153847,34.23,-118.57,2.219
5.6396,19.0,5.961136023916293,1.0508221225710015,3437.0,2.5687593423019432,37.56,-122.25,4.303
4.6477,15.0,7.434615384615385,1.0769230769230769,965.0,3.7115384615384617,38.04,-121.33,1.427
5.1582,26.0,6.155688622754491,1.0079840319361275,1557.0,3.1077844311377247,37.94,-121.96,1.947
7.2965,17.0,8.474242424242425,1.1090909090909091,1992.0,3.018181818181818,34.25,-118.85,3.429
2.6406,32.0,3.8786610878661087,0.9853556485355648,1363.0,2.851464435146444,33.87,-118.16,1.567
2.0134,35.0,3.81728045325779,1.0594900849858355,2935.0,4.157223796033994,33.91,-118.19,1.324
5.5777,21.0,7.51831750339213,1.0529172320217095,2214.0,3.004070556309362,37.94,-122.03,2.793
2.4808,27.0,4.017316017316017,1.0432900432900434,2028.0,2.9264069264069263,37.63,-122.07,1.576
2.1863,23.0,3.795238095238095,0.9952380952380953,3883.0,4.622619047619048,34.01,-117.93,1.576
5.3377,40.0,5.768656716417911,1.0242537313432836,1457.0,2.718283582089552,34.14,-118.09,3.738
3.4643,46.0,5.26875,0.946875,870.0,2.71875,33.96,-118.31,1.363
4.8409,29.0,5.105809128630705,1.1099585062240664,1236.0,2.564315352697096,33.91,-118.35,2.44
3.0441,20.0,4.4932502596054,1.0768431983385254,2296.0,2.384215991692628,34.09,-117.91,1.854
3.5,32.0,4.316666666666666,0.9333333333333332,1156.0,3.8533333333333335,37.6,-122.02,1.543
3.628,14.0,4.477894736842106,1.1305263157894736,1338.0,2.816842105263158,33.72,-117.99,1.885
4.375,16.0,4.908564814814815,1.0324074074074074,1771.0,2.0497685185185186,32.82,-117.11,1.665
5.815,34.0,7.670411985018727,1.1835205992509363,780.0,2.9213483146067416,38.33,-122.26,3.392
1.4767,16.0,5.504983388704319,1.2956810631229236,572.0,1.9003322259136213,38.93,-122.6,0.62
1.625,52.0,3.4285714285714284,0.8571428571428571,46.0,6.571428571428571,34.06,-117.75,0.675
3.775,9.0,6.103626943005182,1.2150259067357514,1556.0,4.0310880829015545,34.43,-118.66,1.55
4.9167,23.0,6.609195402298851,1.0,572.0,3.2873563218390807,37.99,-121.83,1.524
2.1212,16.0,5.330532212885154,1.112044817927171,1501.0,2.1022408963585435,37.35,-118.18,1.083
2.8448,43.0,3.8192182410423454,1.01628664495114,1439.0,2.343648208469056,37.76,-122.51,2.689
4.6908,35.0,5.728643216080402,0.9698492462311558,486.0,2.442211055276382,37.44,-122.21,5.00001
7.248,24.0,6.557823129251701,0.9642857142857144,1741.0,2.9608843537414966,33.7,-118.01,3.027
3.6875,42.0,5.707865168539326,0.9737827715355806,651.0,2.438202247191011,37.78,-122.17,1.573
6.0088,36.0,5.3752808988764045,0.997752808988764,1346.0,3.0247191011235954,33.89,-118.34,2.459
1.9707,12.0,5.213774597495528,1.170840787119857,2711.0,2.424865831842576,33.77,-116.98,1.079
3.5208,48.0,6.203557312252965,1.1600790513833992,1319.0,2.6067193675889326,33.97,-118.29,1.342
4.9485,32.0,6.167192429022082,0.9873817034700316,804.0,2.5362776025236595,37.95,-122.03,2.023
2.2269,17.0,5.020435967302452,1.055858310626703,1714.0,2.335149863760218,38.74,-120.83,1.283
6.3364,48.0,6.467576791808874,1.0034129692832765,881.0,3.006825938566553,33.84,-118.13,3.074
5.6163,27.0,6.515669515669516,1.0056980056980056,1140.0,3.247863247863248,33.83,-117.87,2.31
1.3801,25.0,4.7375,1.725,604.0,2.5166666666666666,33.78,-116.46,0.55
9.1834,52.0,7.341825902335456,0.9936305732484076,1449.0,3.0764331210191083,37.96,-122.57,5.00001
3.4583,34.0,5.50187265917603,1.0,1031.0,3.861423220973783,32.69,-117.09,1.127
4.675,35.0,6.235294117647059,1.0252100840336134,664.0,2.7899159663865545,37.24,-121.94,2.453
3.6885,49.0,5.184568835098336,1.0529500756429653,2363.0,3.574886535552193,37.72,-122.43,2.54
5.1775,35.0,5.875881523272215,1.005641748942172,2354.0,3.3201692524682653,33.84,-118.01,2.134
6.6537,32.0,6.330917874396135,0.9951690821256038,1285.0,3.103864734299517,34.24,-118.48,2.676
4.125,52.0,5.371663244353183,0.971252566735113,1085.0,2.2279260780287475,37.89,-122.28,2.709
1.8357,24.0,3.877138413685848,1.077760497667185,1420.0,2.208398133748056,32.8,-116.96,1.042
3.3882,52.0,3.77125,1.06375,1588.0,1.985,37.78,-122.44,4.714
2.1702,27.0,5.008196721311475,1.1098360655737705,1407.0,2.3065573770491805,35.12,-120.59,1.797
2.4659,52.0,5.782857142857143,1.1171428571428572,1030.0,2.942857142857143,37.76,-122.19,0.947
2.6563,29.0,4.243478260869566,0.9391304347826088,308.0,2.678260869565217,37.87,-121.29,1.031
2.5383,11.0,4.471327572663001,1.0573448546739983,5682.0,4.463472113118617,33.69,-116.19,0.74
3.226,52.0,5.372469635627531,0.9473684210526316,1157.0,2.3421052631578947,37.96,-121.31,1.076
2.2,34.0,3.972972972972973,1.0304054054054057,1127.0,1.903716216216216,38.62,-121.38,1.165
4.1615,28.0,4.473087818696884,0.9603399433427762,1252.0,3.546742209631728,37.37,-121.84,2.148
2.8357,17.0,5.308255659121172,1.059254327563249,2899.0,1.930093209054594,38.37,-121.94,1.201
4.3008,33.0,6.314159292035399,1.081858407079646,1109.0,2.4535398230088497,38.02,-121.33,1.364
3.0208,42.0,5.233183856502242,0.9753363228699552,892.0,2.0,38.58,-121.44,1.488
3.9352,44.0,4.603636363636364,1.1290909090909091,961.0,1.7472727272727273,33.76,-118.13,4.069
2.3147,18.0,4.626865671641791,1.0298507462686568,941.0,2.808955223880597,40.94,-124.08,0.701
4.2,38.0,5.316062176165803,0.9844559585492229,789.0,4.0880829015544045,33.97,-118.08,1.632
3.4444,48.0,5.040358744394619,1.0358744394618835,783.0,3.5112107623318387,33.98,-118.29,0.931
2.5,29.0,4.061594202898551,1.0543478260869563,762.0,2.760869565217391,33.87,-117.91,1.438
2.0216,32.0,5.685714285714286,1.126530612244898,999.0,4.077551020408163,36.55,-119.79,0.768
4.5833,39.0,4.911111111111111,1.0733333333333333,1023.0,2.273333333333333,37.39,-122.08,3.424
1.8242,47.0,4.257990867579909,1.0616438356164384,1916.0,4.3744292237442925,33.99,-118.26,0.95
5.1386,42.0,6.01779359430605,1.01779359430605,761.0,2.7081850533807827,32.7,-117.18,4.045
4.635,33.0,6.052380952380952,1.1095238095238096,1099.0,2.6166666666666667,38.46,-122.4,2.485
2.5625,52.0,6.268817204301075,1.2258064516129032,310.0,3.333333333333333,37.96,-121.27,0.542
5.0374,30.0,5.412955465587045,1.0242914979757085,838.0,3.392712550607288,36.74,-121.62,1.654
9.7646,23.0,4.975609756097561,0.975609756097561,117.0,2.8536585365853657,34.08,-118.69,5.00001
2.5893,36.0,5.356807511737089,1.0985915492957747,562.0,2.6384976525821595,38.0,-121.79,1.085
7.3089,48.0,7.283216783216783,1.041958041958042,685.0,2.395104895104895,37.91,-122.28,3.312
3.4861,18.0,5.905994550408719,1.100817438692098,2041.0,2.7806539509536785,37.65,-122.11,3.316
3.6042,28.0,3.723529411764706,0.8058823529411765,525.0,3.088235294117647,32.7,-117.1,0.956
2.7457,37.0,5.632727272727273,1.0945454545454545,863.0,3.138181818181818,38.16,-122.41,2.547
2.5625,35.0,6.966101694915254,1.2542372881355932,193.0,3.2711864406779663,37.96,-121.18,1.469
1.8606,32.0,4.717703349282297,1.0685805422647527,1504.0,2.398724082934609,36.34,-119.64,0.567
4.5553,37.0,5.956521739130435,0.9565217391304348,632.0,2.49802371541502,37.71,-122.16,1.91
3.7895,52.0,5.95,1.0727272727272728,943.0,2.143181818181818,33.82,-118.18,2.54
3.6384,32.0,4.573308270676692,1.0394736842105263,2318.0,4.357142857142857,34.25,-118.43,1.593
3.3398,19.0,5.409944751381215,1.196685082872928,2150.0,2.3756906077348066,38.1,-121.7,0.897
4.2037,5.0,5.433093154915079,1.1286670097786928,9842.0,2.532681420483788,34.43,-118.43,1.946
2.8274,43.0,4.080733944954129,1.0091743119266054,1598.0,2.932110091743119,33.99,-118.33,1.225
1.6875,29.0,3.815040650406504,1.048780487804878,1634.0,3.321138211382114,34.94,-120.44,1.227
4.4643,40.0,5.47872340425532,0.9361702127659576,756.0,2.680851063829788,37.62,-122.42,3.081
3.6087,10.0,6.317073170731708,1.083623693379791,827.0,2.8815331010452963,39.05,-121.07,1.821
2.4234,28.0,3.0234798314268514,1.053582179409994,2558.0,1.5400361228175798,37.83,-122.25,2.185
3.975,40.0,4.645796064400716,1.0411449016100178,1285.0,2.298747763864043,33.85,-118.18,2.138
4.69,36.0,6.405882352941177,1.0705882352941176,535.0,3.147058823529412,37.25,-121.93,2.526
2.9479,32.0,4.306709265175719,1.022364217252396,2330.0,3.7220447284345046,33.82,-117.91,1.846
6.9584,16.0,6.310714285714286,0.9571428571428572,1061.0,3.789285714285714,37.4,-121.87,3.516
1.8833,23.0,7.642857142857143,2.4166666666666665,265.0,3.1547619047619047,39.02,-122.79,0.969
6.1436,18.0,7.323529411764706,1.0508021390374331,1072.0,2.8663101604278074,37.96,-121.95,2.595
3.6859,52.0,5.415011037527594,1.1214128035320088,1056.0,2.331125827814569,37.74,-122.48,3.118
2.7254,41.0,3.834829443447038,0.985637342908438,986.0,1.770197486535009,34.02,-118.47,4.444
1.4625,43.0,5.144,1.16,2400.0,3.84,38.53,-121.47,0.544
12.8763,50.0,7.074183976261128,0.9258160237388724,836.0,2.4807121661721068,34.12,-118.28,5.00001
4.975,10.0,4.70873786407767,1.0800970873786409,763.0,1.851941747572816,34.1,-118.18,1.667
1.4886,50.0,4.0251572327044025,1.1111111111111112,1525.0,3.19706498951782,37.78,-122.22,1.288
2.0388,26.0,5.586466165413534,1.1334586466165413,1972.0,3.706766917293233,34.11,-117.22,0.804
5.1457,35.0,6.958333333333333,1.2175925925925926,576.0,2.6666666666666665,34.14,-118.9,5.00001
2.5938,18.0,4.470588235294118,1.0565167243367934,2386.0,2.7520184544406,38.34,-121.98,1.295
2.7863,19.0,5.668817204301075,1.124731182795699,1184.0,2.546236559139785,39.79,-121.58,1.086
4.0703,10.0,6.343575418994414,1.111731843575419,986.0,2.7541899441340782,36.32,-118.94,1.471
3.4464,36.0,5.015659955257271,1.0022371364653244,2052.0,4.590604026845638,34.04,-117.76,1.13
1.5407,10.0,4.461538461538462,1.0294117647058822,1469.0,3.323529411764706,36.21,-119.11,0.584
6.4559,16.0,7.641160949868074,1.0659630606860158,1165.0,3.073878627968338,34.15,-117.64,3.929
2.4821,30.0,6.477987421383648,1.0125786163522013,448.0,2.8176100628930816,39.52,-121.53,0.738
2.2544,24.0,3.9936974789915967,1.0294117647058822,1334.0,2.802521008403361,32.6,-117.08,1.219
3.8333,36.0,5.644314868804665,1.0058309037900874,861.0,2.510204081632653,32.79,-117.09,1.7
4.5163,34.0,5.319923371647509,1.0344827586206895,1954.0,3.743295019157088,34.0,-117.96,1.838
2.3669,50.0,3.994891443167305,1.053639846743295,2535.0,3.2375478927203063,34.29,-119.3,1.653
1.4668,40.0,5.010752688172043,1.114695340501792,788.0,2.824372759856631,40.79,-124.18,0.646
4.5053,16.0,5.766176470588236,1.0691176470588235,2830.0,4.161764705882353,38.15,-122.26,1.237
1.7546,50.0,1.625514403292181,0.9547325102880658,948.0,3.9012345679012346,34.03,-118.27,1.75
2.7694,17.0,3.862971516551193,1.1077752117013089,3069.0,2.3625866050808315,37.65,-122.08,1.619
5.2589,17.0,4.6182266009852215,1.1625615763546795,900.0,2.2167487684729066,33.72,-118.05,2.261
5.0376,52.0,8.564179104477612,1.773134328358209,500.0,1.492537313432836,37.8,-122.44,5.00001
2.6071,16.0,5.775067750677507,1.1490514905149052,989.0,2.680216802168021,37.38,-119.72,1.037
3.1719,39.0,5.759075907590759,1.0594059405940597,901.0,2.9735973597359737,36.75,-119.73,0.679
3.125,11.0,6.100502512562814,1.1457286432160805,633.0,3.180904522613065,38.01,-120.24,1.486
4.35,35.0,4.714859437751004,1.0662650602409638,1475.0,2.961847389558233,37.4,-122.02,2.61
4.1731,37.0,5.5625,1.0375,485.0,2.020833333333333,34.19,-118.32,3.521
1.7765,40.0,3.9490084985835696,1.1246458923512748,689.0,1.951841359773371,38.58,-121.46,1.098
4.1724,14.0,5.239495798319328,1.080672268907563,3568.0,2.9983193277310924,34.32,-118.44,2.116
4.9769,14.0,5.389048991354467,1.0028818443804035,1214.0,3.4985590778097984,37.3,-121.81,1.865
3.2596,25.0,5.227926078028747,1.002053388090349,1338.0,2.747433264887064,34.54,-117.3,0.854
2.4191,24.0,4.4227642276422765,1.089430894308943,1095.0,4.451219512195122,32.6,-117.06,1.073
6.0487,15.0,7.616883116883117,0.948051948051948,450.0,2.9220779220779223,38.26,-122.07,1.977
4.1883,15.0,5.341908713692946,1.0771784232365145,2805.0,2.327800829875519,33.96,-117.34,1.845
3.2845,45.0,4.551546391752577,1.041237113402062,401.0,2.0670103092783507,38.44,-122.7,1.783
3.1977,31.0,3.6412213740458017,0.9414758269720102,704.0,1.791348600508906,36.58,-121.9,2.893
3.625,29.0,4.213517665130568,1.087557603686636,1059.0,1.6267281105990783,33.72,-118.16,5.0
3.6458,37.0,5.182080924855492,1.0520231213872833,1534.0,4.433526011560693,37.63,-122.08,1.566
3.2788,29.0,5.2620689655172415,1.032183908045977,1215.0,2.793103448275862,38.01,-121.3,1.0
1.9762,52.0,4.242753623188406,1.1521739130434785,1126.0,4.079710144927536,34.06,-117.75,1.058
3.2303,13.0,3.664351851851852,1.0972222222222223,1672.0,3.87037037037037,33.85,-117.89,2.013
5.7934,52.0,4.151565074135091,1.0691927512355848,959.0,1.579901153212521,37.8,-122.43,5.00001
3.5313,38.0,5.511864406779661,1.040677966101695,1280.0,4.338983050847458,33.93,-118.2,1.465
5.8623,24.0,5.972413793103448,1.0183908045977013,1184.0,2.72183908045977,33.71,-118.02,2.878
2.3125,38.0,3.3943661971830985,1.0766823161189358,3036.0,4.751173708920188,33.94,-118.36,1.485
3.1349,29.0,4.321937321937322,1.0427350427350428,1776.0,2.52991452991453,34.27,-118.33,2.302
1.947,24.0,3.88077336197637,1.045112781954887,2002.0,2.1503759398496243,32.64,-117.09,1.475
4.174,26.0,4.465433300876339,1.01460564751704,3680.0,3.583252190847128,33.82,-118.28,2.051
5.2649,26.0,6.88785046728972,1.071651090342679,1024.0,3.190031152647975,37.67,-121.78,1.998
4.119,18.0,5.843575418994414,1.1396648044692737,486.0,2.7150837988826817,39.33,-120.17,1.109
3.0398,36.0,3.597609561752988,1.0597609561752988,1068.0,4.254980079681275,33.98,-118.18,1.654
4.2096,37.0,5.58235294117647,1.0558823529411765,973.0,2.861764705882353,38.54,-122.48,2.566
1.4635,43.0,4.662162162162162,1.1531531531531531,1925.0,4.335585585585585,36.75,-119.78,0.466
4.8173,22.0,5.536231884057971,0.944927536231884,1001.0,2.9014492753623187,38.15,-121.74,1.158
5.6445,8.0,7.7105263157894735,1.5239234449760766,851.0,2.035885167464115,38.33,-123.0,3.648
3.6429,26.0,5.836111111111111,1.0833333333333333,2171.0,6.030555555555556,38.57,-122.44,1.597
4.7105,3.0,3.769314472252448,1.2829162132752991,1441.0,1.5680087051142546,37.78,-122.39,2.75
2.4808,27.0,4.017316017316017,1.0432900432900434,2028.0,2.9264069264069263,37.63,-122.07,1.576
6.2503,2.0,8.408163265306122,1.1884353741496598,4438.0,3.019047619047619,38.66,-121.13,2.225
4.9236,28.0,5.847176079734219,1.1162790697674418,1746.0,2.9003322259136213,37.66,-122.42,2.735
3.4079,18.0,5.523885350318471,1.052547770700637,1452.0,2.3121019108280256,37.69,-121.0,1.475
3.399,48.0,4.976351351351352,0.9932432432432432,807.0,2.726351351351352,34.2,-118.23,3.063
2.6129,52.0,5.777777777777778,1.0857142857142856,601.0,1.907936507936508,34.05,-117.18,1.37
2.9591,2.0,4.482808022922636,1.012893982808023,1606.0,2.3008595988538683,37.99,-121.96,2.101
4.0417,31.0,5.421841541755889,1.025695931477516,1396.0,2.989293361884368,38.67,-121.32,1.145
6.0868,17.0,6.29338327091136,0.9712858926342072,2396.0,2.9912609238451937,33.53,-117.69,2.829
4.7188,36.0,6.008333333333334,1.0194444444444444,915.0,2.5416666666666665,32.8,-117.09,1.741
4.0071,37.0,5.063339731285988,1.0479846449136276,1789.0,3.433781190019194,37.72,-122.42,2.447
2.5301,24.0,3.452970297029703,0.9801980198019802,1478.0,3.658415841584159,33.64,-117.93,1.929
5.0,28.0,5.434316353887399,0.9544235924932976,2164.0,2.900804289544236,34.25,-118.49,2.58
4.125,36.0,5.649681528662421,1.038216560509554,482.0,3.070063694267516,33.85,-118.11,2.195
3.0833,44.0,5.116704805491991,0.9405034324942791,1036.0,2.3707093821510297,35.29,-120.67,2.193
1.825,52.0,4.863636363636363,1.05,925.0,4.204545454545454,34.05,-118.18,1.33
2.1908,46.0,5.523985239852398,1.1402214022140222,787.0,2.904059040590406,34.83,-114.6,0.481
6.0145,14.0,6.156748911465892,1.0827285921625545,1858.0,2.6966618287373003,34.23,-118.87,2.871
6.9737,31.0,7.041436464088398,0.9806629834254144,1044.0,2.883977900552486,33.77,-117.88,2.888
6.7685,21.0,8.452914798206278,1.100896860986547,1410.0,3.161434977578476,32.79,-116.9,2.947
5.1017,13.0,7.082857142857143,1.1257142857142857,1075.0,3.071428571428572,37.91,-121.6,2.414
2.0133,33.0,4.5974576271186445,1.0593220338983051,1425.0,3.0190677966101696,34.11,-117.23,0.783
4.6019,8.0,5.05175983436853,1.0393374741200827,1113.0,2.3043478260869565,33.67,-117.81,2.425
4.2375,7.0,3.8892355694227767,1.0811232449297972,951.0,1.4836193447737909,32.71,-117.17,2.05
2.2448,20.0,5.084033613445378,1.050420168067227,1665.0,4.663865546218488,36.7,-119.54,0.589
2.7841,48.0,5.507537688442211,1.0954773869346734,657.0,3.301507537688442,39.03,-121.91,0.658
5.2227,18.0,5.552147239263804,0.9355828220858896,1189.0,3.647239263803681,33.85,-117.82,2.135
4.9861,26.0,6.623655913978495,1.0172043010752687,1257.0,2.703225806451613,38.04,-121.25,2.018
4.955,4.0,5.390459363957597,1.098939929328622,3775.0,2.2232037691401647,33.0,-117.07,2.415
4.2621,4.0,3.534942820838628,1.0381194409148666,1309.0,1.6632782719186785,32.78,-117.12,1.242
10.3587,33.0,7.793388429752066,0.9917355371900828,1010.0,2.7823691460055096,34.15,-118.49,5.00001
3.3026,9.0,5.370542635658914,1.1612403100775197,1687.0,2.6155038759689924,32.75,-117.07,1.191
1.9441,18.0,4.157051282051282,1.080128205128205,610.0,1.955128205128205,38.51,-122.45,1.844
3.0357,28.0,3.8475836431226766,1.0223048327137547,1545.0,5.743494423791821,33.89,-118.08,1.234
3.2917,28.0,4.512345679012346,0.9567901234567902,285.0,1.7592592592592593,34.29,-119.17,2.25
7.5,21.0,7.816867469879518,1.0265060240963857,1158.0,2.7903614457831325,37.36,-122.07,5.00001
2.3583,26.0,4.881987577639752,1.0434782608695652,494.0,3.0683229813664594,39.23,-123.2,1.054
2.625,41.0,3.115479115479116,0.977886977886978,1887.0,4.636363636363637,34.05,-118.2,1.5
3.1848,27.0,5.579387186629527,1.0612813370473535,1806.0,2.5153203342618387,37.68,-120.98,1.128
7.9125,12.0,6.845238095238095,0.9761904761904762,2042.0,3.4727891156462585,33.7,-117.76,3.449
3.5455,31.0,5.084615384615384,1.0743589743589743,1157.0,2.966666666666667,33.92,-118.09,1.683
4.2137,34.0,4.917710196779964,0.964221824686941,2330.0,4.168157423971378,34.17,-119.17,1.856
2.891,11.0,3.7643229166666665,1.23828125,2166.0,2.8203125,34.19,-118.44,1.781
3.6641,32.0,5.614886731391586,1.0711974110032365,785.0,2.540453074433657,38.53,-122.46,2.758
5.9522,26.0,6.196521739130435,1.0069565217391303,1479.0,2.5721739130434784,34.5,-119.75,4.384
3.6522,8.0,5.217785843920145,0.9945553539019965,1718.0,3.117967332123412,36.79,-119.87,0.802
3.6538,36.0,5.065116279069767,1.088372093023256,632.0,2.9395348837209303,33.99,-118.41,2.761
4.3194,34.0,5.225490196078432,0.9607843137254902,819.0,2.676470588235294,34.22,-118.56,1.97
6.1463,6.0,7.181262729124236,1.1384928716904277,1378.0,2.806517311608961,37.3,-121.76,3.355
2.5139,52.0,3.6038781163434894,1.077562326869806,1189.0,3.293628808864266,34.12,-118.21,1.9
3.2344,36.0,4.321492007104796,1.0390763765541742,1565.0,2.7797513321492007,34.08,-118.12,2.349
5.1641,33.0,6.191869918699187,1.0130081300813008,1784.0,2.9008130081300814,34.18,-118.64,2.634
2.2716,26.0,2.89,0.9825,1880.0,4.7,33.84,-117.91,3.5
2.1528,31.0,4.457286432160804,1.0904522613065326,614.0,3.085427135678392,37.66,-121.03,0.755
2.9982,25.0,4.331050228310502,1.1289954337899544,2454.0,2.8013698630136985,34.19,-118.39,2.042
1.7938,41.0,3.996219281663516,1.1568998109640831,2357.0,4.455576559546314,33.79,-118.19,1.426
3.2284,18.0,4.219094247246022,1.0489596083231334,3663.0,4.483476132190942,34.25,-118.41,1.571
4.3,20.0,6.270676691729324,1.137844611528822,981.0,2.4586466165413534,36.98,-122.0,2.75
5.6846,27.0,6.016096579476861,1.0362173038229376,1849.0,3.720321931589537,33.81,-118.04,2.161
6.7919,19.0,7.377981651376147,1.0220183486238532,1872.0,3.434862385321101,33.73,-117.93,2.956
2.1719,17.0,5.808743169398907,1.0327868852459017,363.0,1.9836065573770487,33.73,-117.81,2.613
3.319,32.0,5.265033407572383,0.977728285077951,1331.0,2.964365256124722,38.5,-121.49,0.845
3.8304,34.0,5.040302267002519,0.9773299748110832,1461.0,3.6801007556675054,34.09,-118.04,1.83
2.7875,30.0,4.707423580786026,1.0633187772925763,1023.0,2.2336244541484715,36.99,-122.02,2.45
1.2083,22.0,4.00709219858156,1.148936170212766,692.0,4.907801418439717,32.79,-115.55,0.536
3.0733,15.0,4.936117936117936,1.0442260442260445,2070.0,2.542997542997543,38.67,-121.3,1.198
5.6454,52.0,5.086142322097379,1.0187265917602997,574.0,2.149812734082397,34.04,-118.42,5.00001
6.0298,23.0,6.874251497005988,1.065868263473054,902.0,2.7005988023952097,38.48,-122.72,2.891
3.7727,24.0,10.953586497890296,1.8481012658227849,473.0,1.9957805907173,33.75,-116.43,5.00001
3.8719,29.0,5.484674329501916,1.0229885057471264,1392.0,2.6666666666666665,32.8,-117.12,1.742
5.8898,22.0,6.445012787723785,0.989769820971867,1338.0,3.421994884910486,33.62,-117.71,2.428
4.375,35.0,4.888412017167382,0.8454935622317596,772.0,3.313304721030043,33.89,-118.11,2.047
5.3264,46.0,4.941176470588236,1.0955882352941178,351.0,2.5808823529411766,37.51,-122.26,2.581
4.7543,27.0,5.3568,1.112,1545.0,2.472,33.87,-118.31,2.963
2.925,49.0,3.795620437956204,1.0608272506082723,1041.0,2.532846715328468,34.42,-119.71,2.469
5.1121,19.0,5.618852459016393,1.0478142076502732,2006.0,2.740437158469945,37.06,-122.01,3.081
4.6591,27.0,6.4964200477326965,1.116945107398568,1164.0,2.778042959427208,34.26,-118.49,2.399
6.1288,18.0,8.154545454545454,1.290909090909091,263.0,2.390909090909091,34.23,-118.66,3.5
4.0798,25.0,5.245136186770428,0.9649805447470816,1296.0,2.5214007782101167,38.45,-122.74,1.792
4.5913,16.0,6.338593974175036,1.0100430416068866,1908.0,2.7374461979913915,38.62,-122.85,2.446
7.0913,23.0,5.95,0.9088235294117648,678.0,1.994117647058824,33.03,-117.06,2.654
2.773,20.0,3.8841405508072175,1.2070275403608737,2824.0,2.6818613485280154,34.2,-118.43,1.405
3.5402,24.0,4.747311827956989,0.913978494623656,1028.0,2.763440860215054,38.48,-121.45,0.987
8.2266,28.0,9.163865546218489,1.1932773109243695,728.0,3.0588235294117645,37.36,-122.08,5.00001
2.6964,33.0,6.16060606060606,1.1363636363636365,914.0,2.769696969696969,39.16,-121.57,0.685
3.4472,45.0,4.468629961587708,0.911651728553137,2337.0,2.9923175416133163,37.73,-122.4,2.254
1.4792,22.0,4.153116531165312,0.983739837398374,2165.0,2.933604336043361,36.21,-119.34,0.544
3.6036,14.0,4.577677224736048,1.0256410256410255,1597.0,2.4087481146304675,38.34,-121.96,1.435
4.475,33.0,5.170731707317073,1.016260162601626,1035.0,2.1036585365853657,34.16,-118.45,3.148
4.9932,18.0,6.211812627291242,1.0366598778004072,3112.0,3.169042769857434,33.99,-117.94,2.84
2.8625,21.0,4.958695652173913,1.2108695652173913,1510.0,3.282608695652174,33.82,-117.99,1.896
1.9535,11.0,4.613941018766756,1.021447721179625,1708.0,4.579088471849866,37.28,-120.49,0.571
2.5234,37.0,4.101167315175097,0.9299610894941636,879.0,3.42023346303502,36.58,-119.44,0.635
3.6953,13.0,4.388402625820569,1.0240700218818382,2064.0,2.2582056892778994,38.33,-122.71,1.576
3.2875,26.0,3.3381742738589213,1.0591286307053942,2087.0,2.1649377593360994,37.4,-122.09,1.827
2.7118,25.0,3.8410041841004174,1.2359832635983263,2723.0,2.2786610878661087,34.2,-118.47,2.817
5.9771,37.0,6.088495575221239,1.0486725663716814,618.0,2.734513274336283,34.22,-118.23,4.318
1.4375,48.0,5.017191977077364,1.1174785100286533,935.0,2.679083094555874,37.75,-122.17,0.9
4.7708,19.0,4.9798850574712645,1.0172413793103448,959.0,2.755747126436781,37.7,-122.43,2.817
3.1349,29.0,4.321937321937322,1.0427350427350428,1776.0,2.52991452991453,34.27,-118.33,2.302
2.3654,14.0,4.931623931623932,1.150997150997151,1269.0,3.615384615384616,33.89,-117.58,1.079
5.5875,11.0,5.853300733496333,0.9853300733496332,1393.0,3.4058679706601467,37.26,-121.83,2.593
6.1504,16.0,6.935229067930489,1.042654028436019,2146.0,3.390205371248025,33.86,-117.78,2.66
3.9323,5.0,6.017738359201774,1.1019955654101996,2725.0,3.0210643015521064,38.15,-121.32,1.301
2.7125,40.0,4.7478991596638656,1.0476190476190477,1138.0,3.1876750700280114,34.03,-118.3,1.5
3.5507,24.0,5.121052631578947,1.0526315789473684,718.0,1.8894736842105264,38.3,-122.45,2.579
2.3929,11.0,4.912408759124087,1.0583941605839415,318.0,2.321167883211679,38.09,-122.11,1.225
4.2031,13.0,6.811111111111111,1.0185185185185186,752.0,2.785185185185185,39.02,-121.08,2.096
2.3482,22.0,4.001342281879195,1.1718120805369128,1751.0,2.350335570469799,32.8,-117.23,1.906
3.3661,31.0,5.58648111332008,1.0298210735586482,1640.0,3.2604373757455267,38.05,-121.98,0.985
1.5,5.0,3.620578778135048,1.0160771704180065,819.0,2.633440514469453,34.13,-117.9,1.398
5.282,24.0,5.918495297805642,1.0,950.0,2.9780564263322886,32.85,-117.0,1.408
2.5559,29.0,4.440476190476191,1.0376984126984128,2061.0,4.089285714285714,32.71,-117.09,0.968
2.3711,20.0,5.397014925373134,0.9970149253731344,763.0,2.277611940298508,39.74,-121.64,1.218
2.809,34.0,4.846153846153846,0.9842209072978304,1538.0,3.0335305719921104,34.12,-117.22,0.825
1.4923,31.0,4.592841163310962,1.0402684563758389,1193.0,2.668903803131991,40.07,-122.14,0.444
1.625,33.0,4.491071428571429,1.0476190476190477,1734.0,5.160714285714286,36.53,-119.29,0.503
3.6811,34.0,4.916158536585366,1.1067073170731707,1958.0,2.984756097560976,37.6,-122.31,2.73
7.8287,8.0,7.290032154340836,1.0655948553054662,4089.0,2.629581993569132,37.8,-121.94,3.692
3.2188,34.0,4.623145400593472,1.1127596439169138,1179.0,3.4985163204747773,33.93,-118.08,1.651
2.7399,18.0,3.480611045828437,1.1104582843713278,1639.0,1.9259694477085785,37.52,-122.21,0.875
3.4042,33.0,4.769363166953529,1.1342512908777969,1496.0,2.5748709122203097,37.38,-122.08,3.536
3.6384,32.0,4.573308270676692,1.0394736842105263,2318.0,4.357142857142857,34.25,-118.43,1.593
5.979,19.0,6.860557768924303,1.0225763612217795,2374.0,3.152722443559097,33.91,-118.0,2.852
1.3977,26.0,4.715384615384616,1.146153846153846,431.0,3.315384615384616,34.05,-117.33,0.731
4.7426,19.0,5.871428571428571,1.022857142857143,1064.0,3.04,37.93,-121.66,2.631
6.0901,8.0,7.5360623781676415,1.050682261208577,1555.0,3.0311890838206628,37.95,-122.01,2.982
4.3812,32.0,5.176360225140713,0.9362101313320824,1661.0,3.1163227016885555,34.11,-118.21,2.282
0.9142,52.0,2.0153452685421995,1.184143222506394,805.0,2.0588235294117645,32.72,-117.16,1.625
2.1658,29.0,5.777448071216617,1.1364985163204748,925.0,2.744807121661721,39.5,-121.58,0.576
2.425,28.0,4.174025974025974,1.0935064935064935,926.0,2.4051948051948053,36.96,-122.03,2.161
5.1408,36.0,4.12303664921466,0.9921465968586388,1036.0,2.712041884816754,37.4,-122.09,2.647
1.3594,36.0,5.026315789473684,1.1414473684210529,1334.0,4.3881578947368425,36.95,-120.04,0.483
1.5217,34.0,4.374509803921568,1.068627450980392,1568.0,3.074509803921569,32.97,-115.53,0.603
3.9792,34.0,5.976645435244161,1.0169851380042465,1075.0,2.282377919320594,38.54,-121.51,1.648
4.2159,18.0,5.705555555555556,1.1444444444444444,436.0,2.422222222222222,33.65,-117.98,2.113
4.763,11.0,5.184824902723736,1.027237354085603,2801.0,2.7247081712062258,34.28,-119.16,2.327
3.67,14.0,5.93950177935943,1.0818505338078293,1373.0,2.4430604982206408,39.27,-120.83,1.601
12.7296,27.0,7.992603550295858,1.0650887573964498,3511.0,2.5968934911242605,34.11,-118.43,5.00001
3.5404,38.0,5.64349376114082,1.0249554367201426,1351.0,2.408199643493761,37.97,-121.33,0.916
4.0804,33.0,5.666666666666667,0.950877192982456,710.0,2.491228070175439,37.92,-122.3,2.39
0.7445,19.0,3.5675675675675675,1.045045045045045,641.0,2.8873873873873874,36.33,-119.29,1.125
3.3047,52.0,7.936363636363636,1.431818181818182,941.0,4.277272727272727,37.18,-122.38,2.861
5.2853,31.0,5.169444444444444,1.1944444444444444,736.0,2.0444444444444443,34.15,-118.42,3.559
1.6078,28.0,4.2514792899408285,1.183431952662722,806.0,2.3846153846153846,37.66,-121.02,1.25
4.5833,27.0,5.817258883248731,0.9593908629441624,595.0,3.020304568527919,34.27,-118.79,1.985
6.7974,33.0,5.992481203007519,0.9398496240601504,385.0,2.894736842105264,36.98,-122.04,3.676
5.4896,5.0,7.061051004636785,1.0571870170015456,3667.0,2.833848531684698,38.75,-121.24,2.296
3.4265,52.0,4.703448275862069,1.0367816091954023,944.0,2.170114942528736,34.07,-118.36,4.569
5.9094,5.0,6.5742154368108565,1.1081424936386768,7417.0,3.145462256149279,33.0,-117.1,2.611
8.0069,52.0,7.224032586558045,1.030549898167006,1276.0,2.59877800407332,37.73,-122.46,4.268
4.0417,43.0,5.2,1.0169491525423728,826.0,2.8,37.74,-122.16,1.094
7.1381,7.0,7.424698795180723,1.0120481927710845,978.0,2.9457831325301207,34.61,-118.17,2.922
1.5057,52.0,4.77992277992278,1.111969111969112,622.0,2.4015444015444016,37.82,-122.28,0.875
1.7829,47.0,5.128878281622912,1.0883054892601431,965.0,2.303102625298329,39.8,-120.45,0.559
2.6667,42.0,4.162241887905605,0.8849557522123894,1295.0,3.8200589970501473,34.17,-119.17,1.649
4.2036,34.0,4.990675990675991,0.9906759906759908,1559.0,3.634032634032634,33.65,-117.93,2.201
5.9158,27.0,5.700996677740863,0.9634551495016612,817.0,2.7142857142857144,37.34,-122.0,3.431
8.6001,15.0,7.138702460850112,1.0782997762863535,930.0,2.0805369127516777,33.61,-117.86,5.00001
5.5,46.0,5.443956043956044,1.0065934065934066,1034.0,2.2725274725274724,34.1,-117.72,2.897
2.1383,30.0,4.997549019607843,1.0866013071895424,2768.0,2.261437908496732,36.78,-119.76,0.788
4.419,7.0,5.496458087367178,1.0053128689492326,7302.0,4.310507674144038,32.7,-117.04,1.569
0.8984,32.0,4.201581027667984,1.1146245059288538,992.0,3.920948616600792,33.93,-118.24,0.887
3.25,35.0,5.90258449304175,1.0357852882703775,1555.0,3.091451292246521,34.11,-117.36,1.071
2.5673,48.0,5.266187050359712,1.0719424460431657,486.0,3.4964028776978417,34.06,-117.33,0.682
4.131,52.0,5.854054054054054,1.1432432432432431,1072.0,2.897297297297297,37.74,-122.48,3.143
1.0,33.0,4.140939597315437,1.251677852348993,777.0,2.6073825503355703,33.19,-115.46,0.4
4.3419,22.0,5.688679245283019,1.0962264150943395,2491.0,4.7,37.32,-121.84,1.763
1.7052,48.0,4.238095238095238,1.0453514739229024,1834.0,4.158730158730159,34.0,-118.27,1.074
1.7372,20.0,4.950680272108843,1.0153061224489797,1746.0,2.9693877551020407,35.99,-119.28,0.51
5.4286,24.0,6.602649006622516,1.1037527593818983,1437.0,3.172185430463576,33.72,-117.97,2.734
4.81,15.0,6.54059405940594,1.013861386138614,1687.0,3.3405940594059405,36.82,-119.69,0.936
3.1543,29.0,4.933949801849406,1.0673712021136064,1873.0,2.474240422721268,36.61,-121.92,2.538
3.425,36.0,3.674965421853389,1.020746887966805,2274.0,3.145228215767635,34.07,-118.3,2.817
4.125,37.0,5.525,0.975,612.0,2.55,32.63,-117.06,1.602
1.6307,35.0,2.962686567164179,1.0011481056257177,3276.0,1.8805970149253728,37.86,-122.26,2.536
3.0192,19.0,4.917888563049853,1.0249266862170088,1948.0,2.8563049853372435,32.79,-116.93,1.423
2.4623,17.0,5.680701754385965,1.024561403508772,705.0,2.473684210526316,39.74,-121.57,1.261
3.0938,32.0,4.7176470588235295,1.1254901960784314,571.0,2.23921568627451,38.25,-122.04,1.104
2.4167,45.0,4.462025316455696,1.1244725738396624,1530.0,3.2278481012658227,37.79,-122.21,1.394
2.9334,22.0,4.334478021978022,1.0796703296703296,6666.0,4.578296703296704,34.07,-118.01,1.826
2.1414,46.0,2.8577319587628867,0.9422680412371134,1845.0,3.804123711340206,34.05,-118.3,1.577
4.8958,33.0,4.75,0.9788135593220338,1038.0,4.398305084745763,34.25,-118.44,1.737
3.4792,33.0,6.744394618834081,1.4573991031390134,584.0,2.618834080717489,35.65,-118.87,0.946
3.9485,23.0,5.2182410423452765,1.0488599348534202,2295.0,3.737785016286645,34.15,-119.16,1.966
4.3523,5.0,6.425531914893617,1.0212765957446808,376.0,2.6666666666666665,39.25,-121.2,1.882
3.625,37.0,5.865671641791045,1.0865671641791044,796.0,2.3761194029850747,36.78,-119.81,0.834
6.6661,32.0,6.85996705107084,1.1548599670510709,1277.0,2.103789126853377,32.71,-117.24,5.00001
2.2974,32.0,4.898366606170599,1.0018148820326678,2086.0,3.785843920145191,34.15,-117.35,0.845
1.7857,19.0,7.806451612903226,1.6,329.0,2.1225806451612903,33.34,-115.9,0.628
3.7054,28.0,4.120092378752887,1.0161662817551964,1255.0,2.8983833718244805,33.87,-117.97,1.692
3.3472,42.0,3.452513966480447,0.9106145251396648,680.0,3.798882681564246,33.94,-118.2,1.542
2.0643,37.0,3.751121076233184,0.9955156950672646,1477.0,3.311659192825112,34.42,-119.67,2.467
5.4609,23.0,6.165837479270315,1.102819237147595,4076.0,2.2531785516860143,34.16,-118.51,5.00001
4.9955,33.0,6.061784897025172,1.0274599542334095,1303.0,2.9816933638443937,34.27,-118.48,2.168
1.6112,25.0,2.435483870967742,1.063895781637717,4865.0,3.017990074441687,34.1,-118.3,2.625
12.1579,14.0,8.40251572327044,1.0534591194968554,1113.0,3.5,34.18,-118.21,5.00001
4.625,47.0,5.068965517241379,1.0632183908045978,536.0,3.0804597701149423,33.88,-118.18,1.63
2.5473,16.0,4.2255054432348365,0.9657853810264384,3343.0,5.199066874027994,38.02,-121.3,1.063
6.6143,16.0,7.386138613861386,1.0132013201320131,1002.0,3.3069306930693068,32.67,-117.0,2.641
3.1779,41.0,4.394736842105263,1.0548245614035088,1658.0,3.6359649122807016,33.8,-118.26,1.711
3.2636,22.0,4.625,1.0554347826086956,2901.0,3.1532608695652176,33.78,-117.98,1.802
2.6375,19.0,3.4441717791411044,1.083435582822086,1546.0,1.8969325153374232,33.92,-118.36,2.338
3.1534,19.0,5.35251798561151,1.0743405275779376,1149.0,2.7553956834532376,33.86,-117.87,3.244
2.3712,14.0,5.304651162790698,0.9906976744186048,894.0,2.0790697674418603,33.74,-116.9,1.279
4.2429,3.0,7.316657191586128,1.3160886867538375,5820.0,3.3086981239340534,34.04,-117.46,1.473
3.0179,15.0,5.5727969348659006,1.0517241379310345,1537.0,2.9444444444444446,40.88,-121.65,0.613
3.2375,17.0,8.006269592476489,1.6927899686520376,723.0,2.266457680250784,38.97,-122.7,1.142
2.9861,33.0,4.198858230256898,1.0532825880114176,2239.0,2.1303520456707896,37.7,-122.09,2.082
2.5685,26.0,4.517777777777778,1.028888888888889,618.0,1.3733333333333333,33.61,-117.72,0.804
3.267,23.0,3.860557768924303,1.1474103585657371,670.0,2.6693227091633465,33.92,-118.33,1.854
3.455,34.0,4.415233415233415,0.9705159705159704,1162.0,2.8550368550368552,38.31,-122.3,1.375
1.4432,27.0,4.902912621359223,1.1585760517799353,1178.0,3.812297734627832,36.34,-119.3,0.481
4.9777,34.0,6.407894736842105,1.006578947368421,957.0,3.148026315789474,33.85,-117.99,2.126
4.2566,16.0,4.924731182795699,1.0595533498759304,3107.0,2.5698924731182795,33.87,-117.8,2.061
1.6343,38.0,3.670157068062827,0.9685863874345548,970.0,2.5392670157068062,38.63,-121.44,0.71
3.5161,45.0,4.662269129287599,1.100263852242744,1052.0,2.7757255936675462,34.04,-118.36,1.57
5.8505,22.0,8.056689342403628,1.2018140589569162,1108.0,2.512471655328798,36.59,-121.95,4.171
3.75,26.0,4.5,1.0,8.0,2.0,37.39,-122.06,3.75
6.2734,14.0,6.549701046337818,1.0280269058295963,8380.0,3.131539611360239,33.99,-117.83,2.67
0.9951,42.0,3.963210702341137,1.1973244147157192,1038.0,3.471571906354515,35.38,-118.97,0.48
4.0357,17.0,6.472843450479234,1.0798722044728437,873.0,2.789137380191693,40.74,-124.17,1.289
2.3169,13.0,5.568286445012788,1.0879795396419438,4266.0,2.1820971867007675,33.75,-116.91,1.234
5.3698,20.0,5.34020618556701,1.041237113402062,589.0,3.036082474226804,38.6,-122.47,3.033
5.3226,18.0,5.567741935483871,0.8903225806451613,1186.0,3.825806451612903,37.6,-122.06,2.317
1.7188,45.0,5.008064516129032,1.0403225806451613,257.0,2.0725806451612905,37.77,-120.86,1.094
2.1766,24.0,3.690883190883191,1.052706552706553,3243.0,4.619658119658119,36.68,-121.63,1.085
6.5928,28.0,5.05730659025788,1.1174785100286533,832.0,2.383954154727794,33.62,-117.94,4.391
3.6161,9.0,5.490079365079365,1.1964285714285714,2283.0,2.264880952380953,33.8,-116.45,0.991
6.0296,7.0,7.003424657534247,1.1712328767123288,878.0,3.006849315068493,34.5,-117.27,1.941
4.5743,28.0,4.881230116648992,1.0530222693531284,2191.0,2.323435843054083,33.93,-118.42,3.822
2.1776,42.0,4.233160621761658,1.005181347150259,391.0,2.0259067357512954,36.63,-121.91,2.792
3.6477,15.0,8.33495145631068,1.6310679611650485,501.0,2.4320388349514563,40.3,-121.09,1.134
3.2946,52.0,3.714592274678112,1.0772532188841202,849.0,1.821888412017168,34.09,-118.34,3.216
2.6429,24.0,3.981958762886598,1.0077319587628866,1807.0,4.657216494845361,33.91,-118.21,1.053
5.3525,15.0,6.684989429175476,1.0465116279069768,1145.0,2.4207188160676534,34.12,-117.67,1.917
5.9199,25.0,5.786666666666667,0.9866666666666668,199.0,2.6533333333333333,34.16,-118.21,4.205
2.875,37.0,4.976119402985074,1.0805970149253732,971.0,2.8985074626865672,35.37,-118.94,0.574
3.1538,19.0,4.328260869565217,1.1478260869565218,1202.0,2.6130434782608694,33.82,-117.99,2.521
3.0147,15.0,15.51127819548872,3.394736842105264,723.0,2.718045112781955,39.27,-120.58,1.188
5.308,15.0,6.147668393782383,0.9430051813471504,1280.0,3.316062176165803,36.89,-119.67,1.675
3.9464,7.0,6.167582417582418,1.1181318681318682,1016.0,2.791208791208791,34.87,-117.03,1.015
3.6946,17.0,3.905339805825242,1.1201456310679612,1701.0,2.0643203883495147,33.89,-117.88,2.655
3.5915,21.0,4.580912863070539,1.107883817427386,1423.0,2.9522821576763487,33.47,-117.7,3.056
4.8787,33.0,6.104602510460251,1.0334728033472804,1365.0,2.8556485355648538,34.7,-118.16,1.277
1.55,36.0,3.1495016611295683,1.0066445182724253,1042.0,3.461794019933554,33.79,-118.17,1.0
1.1944,44.0,5.046511627906977,1.2790697674418603,274.0,3.186046511627907,35.38,-119.01,0.575
3.337,35.0,5.320537428023033,1.0307101727447217,1392.0,2.671785028790787,32.82,-117.2,1.723
2.0577,12.0,6.372727272727273,1.181818181818182,434.0,3.945454545454545,33.79,-116.89,0.567
1.5122,19.0,3.948186528497409,1.160621761658031,960.0,2.4870466321243523,36.79,-119.79,0.475
2.1444,27.0,3.1112299465240643,1.0919786096256685,2614.0,2.79572192513369,34.14,-118.24,2.29
4.3375,31.0,6.240121580547113,1.0212765957446808,867.0,2.635258358662614,37.7,-122.09,2.418
4.9375,35.0,5.342857142857143,0.9904761904761904,261.0,2.4857142857142858,33.91,-118.13,1.838
2.7428,33.0,4.049242424242424,1.0738636363636365,1072.0,2.0303030303030303,33.89,-118.29,2.089
4.9318,6.0,5.7944078947368425,1.0921052631578947,1705.0,2.804276315789474,37.7,-122.44,2.581
4.4038,41.0,5.079365079365079,0.9523809523809524,608.0,2.412698412698413,34.28,-119.24,2.291
1.8906,32.0,3.460348162475822,1.0212765957446808,1429.0,2.7640232108317213,34.02,-118.12,2.245
5.3096,47.0,5.588095238095238,1.0404761904761906,1219.0,2.9023809523809523,33.81,-118.2,2.099
1.1903,13.0,4.406914893617022,0.9627659574468084,1186.0,3.154255319148936,35.58,-119.35,0.632
5.4413,8.0,6.795297372060857,1.0290456431535269,2005.0,2.773167358229599,38.67,-120.99,1.879
2.483,44.0,3.7142857142857135,1.0408163265306123,339.0,3.459183673469388,37.71,-122.46,2.143
3.375,4.0,2.0,1.0,79.0,2.7241379310344827,37.78,-121.2,1.063
3.235,12.0,6.094650205761317,1.0905349794238683,757.0,3.11522633744856,33.64,-117.19,2.107
7.4001,25.0,5.900166389351082,0.9717138103161398,1530.0,2.545757071547421,34.06,-118.62,5.00001
1.7308,52.0,4.231173380035027,1.0823117338003505,1150.0,2.0140105078809105,40.8,-124.16,0.805
5.0399,36.0,5.948019801980198,1.00990099009901,917.0,2.26980198019802,37.93,-122.31,2.534
5.2557,25.0,5.343373493975903,0.9623493975903614,2653.0,3.995481927710844,34.02,-118.06,1.888
5.4482,20.0,4.577235772357724,0.8699186991869918,246.0,2.0,37.95,-122.05,1.908
3.2344,14.0,5.248730964467005,1.1243654822335023,2026.0,2.571065989847716,34.08,-117.69,1.282
15.0001,43.0,5.6875,0.75,58.0,3.625,37.46,-121.87,5.00001
5.8096,52.0,4.953405017921147,0.8243727598566308,708.0,2.5376344086021505,37.76,-122.49,3.398
6.348,34.0,4.989881956155143,1.0775716694772344,1143.0,1.9274873524451936,33.89,-118.41,5.00001
5.6652,17.0,6.07514450867052,0.9942196531791908,446.0,2.578034682080925,37.26,-121.87,2.345
2.2788,52.0,4.222602739726027,1.0273972602739727,571.0,1.9554794520547945,37.87,-122.28,1.823
1.4632,38.0,4.047619047619048,1.0980392156862746,1286.0,3.6022408963585435,32.7,-117.13,0.802
6.7527,23.0,7.064024390243903,1.024390243902439,955.0,2.9115853658536586,37.8,-122.18,2.858
1.9238,39.0,3.996941896024465,0.9694189602446484,1862.0,2.8470948012232418,38.13,-121.27,0.707
2.6221,18.0,4.679197994987469,1.0676691729323309,871.0,2.182957393483709,33.64,-117.94,2.72
3.3472,31.0,5.607142857142857,1.0892857142857142,152.0,2.7142857142857144,33.04,-115.6,0.917
6.4797,25.0,7.529644268774703,0.9881422924901184,865.0,3.41897233201581,32.8,-117.05,2.49
2.1681,30.0,5.244318181818182,1.1107954545454546,1255.0,3.565340909090909,36.3,-119.78,0.666
3.6343,28.0,6.861003861003861,1.1853281853281854,721.0,2.783783783783784,34.96,-117.08,0.798
3.5156,44.0,5.466911764705882,1.1544117647058822,961.0,3.5330882352941178,37.79,-122.22,1.095
8.1397,17.0,7.480769230769231,1.0064102564102564,1917.0,3.0721153846153846,34.17,-118.83,3.539
3.3066,36.0,5.443636363636363,0.96,894.0,3.250909090909091,34.11,-117.38,0.963
3.5426,26.0,5.301321585903084,1.096035242290749,2673.0,2.3550660792951543,33.66,-117.88,2.954
5.1377,34.0,6.113924050632911,0.9968354430379748,1053.0,3.3322784810126582,33.89,-118.0,2.133
4.9219,35.0,6.930232558139535,1.1686046511627908,535.0,3.11046511627907,37.98,-122.0,1.82
3.6042,28.0,3.723529411764706,0.8058823529411765,525.0,3.088235294117647,32.7,-117.1,0.956
4.7283,11.0,5.421348314606742,0.9812734082397004,1633.0,3.0580524344569286,38.44,-122.76,1.702
1.8086,38.0,3.5,1.111940298507463,1783.0,4.435323383084577,33.99,-118.27,0.971
2.6563,29.0,3.651162790697674,1.1209302325581396,1849.0,4.3,33.84,-117.91,1.625
4.125,36.0,5.748971193415638,1.1893004115226338,661.0,2.720164609053498,37.09,-122.12,2.396
6.2712,47.0,6.949090909090909,1.029090909090909,697.0,2.5345454545454547,37.94,-122.32,2.677
3.1062,29.0,4.618320610687023,1.0725190839694656,863.0,3.2938931297709924,36.92,-121.74,1.56
2.1094,27.0,6.958860759493671,1.6677215189873418,744.0,2.354430379746836,39.02,-122.69,0.724
8.0074,18.0,7.993911719939117,1.0441400304414004,1870.0,2.846270928462709,37.85,-122.12,4.541
5.3409,15.0,6.081081081081081,1.0115830115830116,716.0,2.7644787644787643,38.48,-122.68,2.446
3.0357,38.0,4.072164948453608,1.4175257731958764,664.0,3.422680412371134,34.09,-118.28,1.75
2.9737,37.0,4.58008658008658,0.9696969696969696,588.0,2.5454545454545454,38.53,-121.41,0.721
4.0556,37.0,8.833333333333334,1.5,27.0,2.25,34.01,-117.09,1.313
0.8639,28.0,4.289377289377289,1.0952380952380951,1193.0,4.3699633699633695,35.38,-118.98,0.494
1.0633,18.0,3.0725552050473186,1.0,521.0,1.6435331230283912,38.54,-121.73,1.375
3.6875,37.0,4.158249158249158,1.057239057239057,481.0,1.6195286195286196,37.78,-122.44,4.923
2.9143,27.0,5.334500875656743,1.0595446584938704,1407.0,2.4640980735551663,40.77,-124.14,0.996
6.075,19.0,7.848722986247544,1.088408644400786,1523.0,2.9921414538310414,34.13,-117.66,2.541
4.425,35.0,4.723958333333333,0.9505208333333334,1025.0,2.669270833333333,37.67,-122.44,2.684
8.0137,9.0,7.734673111167642,1.0412108878148054,12873.0,3.274739252098702,34.16,-118.78,3.992
2.1625,18.0,5.488135593220339,1.172881355932203,904.0,3.064406779661017,39.42,-123.35,0.772
2.9911,52.0,3.92283950617284,1.089506172839506,1076.0,3.320987654320988,37.74,-122.42,2.639
0.9506,40.0,3.9,1.21875,423.0,2.64375,37.82,-122.26,1.875
2.811,15.0,6.485013623978202,1.1866485013623975,2459.0,3.3501362397820165,35.56,-120.29,1.421
3.6429,28.0,4.116710875331565,1.0755968169761274,1488.0,1.973474801061008,37.31,-121.91,3.326
5.084,44.0,5.678445229681979,0.9575971731448764,799.0,2.823321554770318,33.87,-118.14,2.141
3.9219,38.0,4.77020202020202,1.0277777777777777,1330.0,3.3585858585858586,34.08,-118.08,2.052
1.7866,25.0,1.6785714285714286,1.066326530612245,2796.0,3.566326530612245,34.05,-118.27,3.25
3.1287,29.0,5.383399209486166,0.9920948616600792,776.0,3.067193675889328,34.1,-117.41,1.02
1.7292,47.0,3.628032345013477,1.0323450134770888,1452.0,3.913746630727762,34.07,-118.21,1.917
1.7083,29.0,2.898637137989778,1.1643952299829643,3432.0,2.923339011925042,34.1,-118.3,1.667
3.0383,20.0,3.568093385214008,1.0778210116731517,971.0,1.8891050583657587,36.63,-121.89,2.173
2.8106,26.0,4.1106719367588935,1.1067193675889329,2096.0,4.142292490118577,33.82,-118.3,1.844
6.1273,26.0,7.0049504950495045,0.9876237623762376,1204.0,2.98019801980198,33.92,-118.0,2.896
1.7917,34.0,4.398496240601504,1.0902255639097744,602.0,2.263157894736842,35.13,-118.44,0.8
5.5942,5.0,6.715203426124197,1.0728051391862956,1327.0,2.841541755888651,38.13,-121.32,1.869
3.2434,42.0,5.401503759398496,1.0571428571428572,1625.0,2.443609022556391,37.67,-122.13,1.799
4.877,6.0,4.782552083333333,1.1471354166666667,1846.0,2.403645833333333,33.57,-117.71,1.443
1.767,15.0,4.436893203883495,0.9902912621359224,1266.0,4.097087378640777,36.59,-119.43,0.633
4.8508,28.0,5.332576617480136,1.0238365493757091,3287.0,3.7309875141884223,33.8,-118.27,2.159
3.2806,45.0,4.30544747081712,1.0972762645914398,1920.0,3.735408560311284,37.32,-121.88,1.642
1.9485,48.0,4.705639614855571,1.009628610729023,1441.0,1.9821182943603848,38.54,-121.45,0.866
4.9732,35.0,4.975,1.046875,1238.0,3.86875,33.91,-118.1,1.65
4.7431,35.0,4.621730382293762,1.0,1428.0,2.8732394366197185,37.39,-122.02,2.397
4.359,15.0,4.135021097046414,1.279887482419128,943.0,1.3263009845288327,37.4,-122.07,1.922
1.4028,37.0,4.596153846153846,0.9423076923076924,308.0,5.923076923076923,33.93,-118.23,1.054
4.0114,30.0,4.878464818763327,0.9552238805970148,1240.0,2.6439232409381663,32.83,-117.19,1.698
4.95,43.0,5.695652173913044,1.0850661625708884,1525.0,2.8827977315689983,33.81,-118.2,1.94
2.9559,15.0,5.272151898734177,1.110759493670886,816.0,2.5822784810126582,39.96,-120.93,1.188
2.5389,47.0,5.346072186836518,1.0636942675159236,1308.0,2.777070063694268,38.54,-121.44,0.757
4.3542,34.0,5.578313253012048,0.9698795180722892,978.0,2.9457831325301207,33.2,-117.27,1.569
4.5714,26.0,5.044444444444444,0.8222222222222222,735.0,2.333333333333333,33.81,-117.94,2.432
2.7083,52.0,4.9523809523809526,0.9746031746031746,757.0,2.403174603174603,32.72,-117.13,1.991
2.1766,24.0,3.690883190883191,1.052706552706553,3243.0,4.619658119658119,36.68,-121.63,1.085
4.3661,35.0,5.797665369649805,0.9766536964980544,629.0,2.4474708171206228,33.8,-117.84,2.221
3.8056,21.0,5.881516587677726,1.1753554502369667,746.0,3.5355450236966823,34.47,-120.05,4.25
4.375,51.0,6.502164502164503,1.051948051948052,586.0,2.536796536796537,34.19,-118.3,3.324
2.4398,22.0,5.503105590062112,1.0745341614906831,595.0,3.695652173913044,37.09,-120.65,1.5
3.1599,9.0,5.212361331220285,0.9841521394611727,1866.0,2.9572107765451663,36.33,-119.24,0.95
2.3,30.0,5.015444015444015,1.106177606177606,2170.0,4.1891891891891895,34.01,-117.69,0.956
1.6112,25.0,2.435483870967742,1.063895781637717,4865.0,3.017990074441687,34.1,-118.3,2.625
3.5885,18.0,5.236538461538461,1.0173076923076922,1150.0,2.2115384615384617,38.43,-122.68,1.919
4.8623,18.0,11.22844827586207,1.9655172413793105,1301.0,2.8038793103448274,34.34,-117.61,1.769
3.6023,37.0,4.2629969418960245,0.9571865443425076,1111.0,3.397553516819572,34.3,-118.43,1.618
5.1695,2.0,7.299228583028826,1.3061307348761673,7305.0,2.9658952496954933,33.89,-117.52,2.208
6.4419,19.0,5.945098039215687,1.035294117647059,6810.0,3.338235294117647,37.42,-121.87,2.645
1.7844,11.0,10.19237012987013,2.514610389610389,2453.0,1.9910714285714288,33.88,-116.36,0.785
3.4871,30.0,5.682060390763765,1.0497335701598578,2192.0,3.8934280639431615,34.09,-117.74,1.364
1.8333,33.0,4.943444730077121,1.0359897172236503,1205.0,3.0976863753213366,36.57,-119.6,0.683
7.4382,11.0,10.822651448639157,1.7559262510974538,2450.0,2.151009657594381,33.72,-116.33,3.531
1.8819,16.0,6.686493184634449,1.4646840148698883,1802.0,2.2329615861214376,35.58,-118.45,0.697
1.5195,42.0,2.3997539975399755,1.040590405904059,2500.0,3.075030750307503,34.09,-118.31,2.182
5.3307,16.0,6.005353319057816,1.019271948608137,2624.0,2.809421841541756,33.87,-117.78,1.696
3.0217,9.0,5.006324110671937,1.0711462450592886,3265.0,2.58102766798419,37.69,-121.04,1.609
2.7216,32.0,5.366594360086768,1.0824295010845988,1224.0,2.655097613882864,33.12,-117.07,1.463
6.632,27.0,5.879218472468916,1.0621669626998225,1402.0,2.4902309058614565,33.65,-117.9,4.411
2.8611,31.0,4.385767790262173,1.202247191011236,603.0,2.258426966292135,33.03,-117.33,3.143
4.7375,32.0,5.553030303030303,1.1085858585858586,1799.0,2.271464646464646,37.43,-122.13,4.319
2.9471,33.0,6.68,1.024,528.0,2.112,36.8,-119.82,0.995
3.8505,10.0,5.412126068376068,1.0456730769230769,9716.0,2.59508547008547,34.13,-117.59,1.696
3.6336,27.0,5.319630872483222,1.0813758389261745,2899.0,2.432046979865772,34.14,-117.98,2.352
2.3981,33.0,2.737209302325581,1.088372093023256,1533.0,3.5651162790697675,34.07,-118.27,1.833
2.2847,41.0,3.528138528138528,1.0909090909090908,775.0,3.354978354978355,34.01,-118.11,1.9
1.75,43.0,4.053571428571429,1.0357142857142858,1005.0,4.486607142857143,34.04,-118.17,1.34
1.9808,14.0,3.2865384615384614,1.073076923076923,1939.0,3.728846153846154,33.78,-118.16,1.391
6.3231,45.0,4.434322033898305,1.0529661016949152,842.0,1.7838983050847457,33.87,-118.4,5.00001
4.3942,44.0,5.206896551724138,0.987460815047022,985.0,3.0877742946708464,33.87,-118.14,2.195
3.8088,34.0,5.630573248407643,0.964968152866242,888.0,2.828025477707006,36.8,-119.7,0.877
4.15,11.0,5.500932835820896,1.0615671641791045,2728.0,2.544776119402985,35.62,-117.66,0.857
4.5417,25.0,5.065868263473054,0.9860279441117764,1185.0,2.3652694610778444,37.65,-122.1,1.944
2.9384,38.0,4.30186170212766,1.0226063829787233,1284.0,1.7074468085106382,33.77,-118.16,3.041
6.2895,45.0,6.5,1.1016949152542372,254.0,2.152542372881356,34.04,-118.38,3.404
3.8456,33.0,5.057755775577558,1.0082508250825082,2204.0,3.636963696369637,33.83,-117.9,2.118
4.3952,12.0,5.860688550840672,1.0240192153722978,4048.0,3.2409927942353884,32.88,-116.98,1.517
3.4519,36.0,4.463302752293578,1.0137614678899085,1086.0,4.981651376146789,34.26,-118.42,1.433
6.4171,29.0,6.882352941176471,1.0374331550802138,525.0,2.807486631016043,34.29,-118.51,3.193
2.5938,39.0,5.788079470198675,1.0894039735099337,831.0,2.751655629139073,37.66,-120.99,1.356
3.5066,52.0,5.013921113689095,1.2621809744779582,904.0,2.097447795823666,37.79,-122.41,3.5
5.0958,16.0,5.4281984334203655,1.0287206266318538,746.0,1.947780678851175,32.79,-117.2,3.0
3.5455,31.0,5.084615384615384,1.0743589743589743,1157.0,2.966666666666667,33.92,-118.09,1.683
2.6319,15.0,4.877729257641922,1.056768558951965,551.0,2.406113537117904,39.02,-120.83,0.977
5.0866,32.0,6.195426195426196,1.027027027027027,1370.0,2.8482328482328483,33.76,-118.03,2.235
2.2788,46.0,4.490054249547921,1.061482820976492,2121.0,3.835443037974684,34.1,-118.23,1.529
4.3851,16.0,5.531365313653136,0.922509225092251,1292.0,4.767527675276753,37.67,-120.97,1.173
10.3682,37.0,8.077922077922079,1.1233766233766234,394.0,2.5584415584415585,33.61,-117.92,5.00001
5.3119,6.0,6.971671388101983,1.0339943342776203,3415.0,3.2247403210576016,35.37,-119.2,1.573
7.7572,52.0,7.070247933884297,1.012396694214876,671.0,2.772727272727273,34.03,-118.5,5.00001
3.5711,32.0,4.707964601769912,1.13653603034134,1912.0,2.417193426042984,34.18,-118.4,3.127
5.9333,17.0,6.917748917748917,0.961038961038961,1581.0,3.4220779220779223,33.95,-117.55,2.294
5.0415,29.0,6.555555555555555,1.0408163265306123,1012.0,2.2947845804988662,38.46,-122.7,2.402
3.5096,33.0,4.921259842519685,0.952755905511811,970.0,2.545931758530184,37.74,-121.44,1.417
2.5476,25.0,4.770833333333333,1.03125,657.0,2.28125,38.45,-120.88,0.979
5.1312,39.0,4.985074626865671,0.9194029850746268,957.0,2.856716417910448,37.69,-122.15,1.836
2.5,23.0,4.902127659574468,1.1617021276595745,1077.0,4.582978723404255,33.63,-116.2,0.963
6.8927,31.0,6.634551495016611,0.9933554817275748,826.0,2.744186046511628,34.4,-119.75,5.00001
4.875,33.0,5.630597014925373,1.1305970149253732,748.0,2.791044776119403,37.44,-122.12,3.734
2.0536,44.0,2.76605504587156,0.9495412844036696,588.0,2.697247706422018,34.03,-118.15,1.864
5.0686,19.0,5.973737373737373,0.993939393939394,1639.0,3.311111111111111,33.62,-117.7,2.256
2.7917,41.0,4.732258064516129,1.0580645161290323,673.0,2.170967741935484,37.64,-120.96,0.907
5.0527,15.0,6.09556313993174,1.0204778156996588,727.0,2.48122866894198,33.48,-117.68,2.314
1.7212,43.0,3.8680555555555554,1.1458333333333333,573.0,3.9791666666666665,37.95,-121.27,0.59
3.5179,16.0,3.64765784114053,1.054989816700611,1006.0,2.0488798370672097,32.79,-117.11,1.293
7.3521,32.0,6.775757575757575,1.0545454545454545,818.0,2.478787878787879,37.99,-122.54,4.44
2.1422,19.0,3.79951690821256,1.1376811594202898,844.0,2.0386473429951693,32.81,-116.97,1.25
2.8326,11.0,4.560148056755089,1.107958050586058,3841.0,2.3695249845774216,34.1,-117.68,1.63
4.0721,52.0,6.298076923076923,1.2644230769230769,689.0,3.3125,34.1,-118.26,3.5
2.6048,17.0,6.130620985010706,1.423982869379015,715.0,1.531049250535332,33.02,-117.07,1.482
2.8306,29.0,4.713798977853492,1.0425894378194207,1437.0,2.4480408858603067,32.75,-117.05,1.429
1.7377,33.0,3.97594501718213,1.0721649484536082,1714.0,2.9450171821305844,34.03,-118.33,1.839
2.0436,46.0,3.8620689655172415,1.0413793103448277,1570.0,3.6091954022988495,33.98,-117.36,0.823
3.0917,38.0,4.620535714285714,1.1026785714285714,599.0,2.674107142857143,37.67,-122.11,1.672
2.375,33.0,4.378612716763006,1.199421965317919,1345.0,3.88728323699422,34.09,-118.16,1.75
1.9236,52.0,4.5064935064935066,1.0909090909090908,558.0,2.415584415584416,34.07,-117.65,1.172
5.8642,36.0,7.388349514563107,1.116504854368932,677.0,3.286407766990292,37.04,-121.93,3.635
12.5,7.0,4.444444444444445,0.7777777777777778,50.0,1.851851851851852,37.64,-122.48,2.81
2.0136,13.0,5.309523809523809,1.1011904761904765,2225.0,2.648809523809524,34.49,-117.17,0.941
2.5179,18.0,5.536231884057971,1.855072463768116,194.0,2.8115942028985508,32.84,-116.28,0.588
9.1232,20.0,7.621866666666667,1.0314666666666668,5452.0,2.9077333333333333,34.13,-118.6,4.72
4.5321,14.0,5.643300798580301,1.0967169476486247,2876.0,2.551907719609583,38.07,-122.16,1.903
3.0298,52.0,5.183673469387755,1.0521541950113378,1073.0,2.433106575963719,37.8,-122.22,1.996
10.6186,17.0,7.92147806004619,0.9815242494226328,1468.0,3.3903002309468824,33.01,-117.05,4.293
4.2589,20.0,5.06140350877193,1.0109649122807018,2223.0,4.875,37.29,-121.83,1.91
4.1449,37.0,5.769230769230769,1.0532544378698223,1183.0,3.5,33.93,-118.09,1.753
2.9,12.0,3.662847790507365,1.11620294599018,1882.0,3.0801963993453354,34.17,-118.29,2.083
0.7526,5.0,2.5796610169491525,1.0372881355932204,2031.0,6.884745762711864,38.58,-121.5,1.625
8.3996,15.0,7.946778711484594,1.0476190476190477,2412.0,3.3781512605042017,37.56,-121.94,4.429
1.9946,16.0,4.853131749460043,1.0842332613390928,1206.0,2.6047516198704104,40.51,-122.34,1.192
8.1325,24.0,7.292020373514431,1.0449915110356536,3401.0,2.8870967741935485,34.17,-118.21,4.727
9.2873,26.0,7.772805507745267,1.0516351118760758,1714.0,2.9500860585197937,34.29,-118.49,4.318
3.4107,26.0,5.815384615384615,1.1538461538461535,164.0,2.523076923076923,38.05,-121.27,0.828
4.4286,35.0,5.830708661417323,1.0905511811023625,747.0,2.940944881889764,37.62,-122.54,2.621
1.0486,31.0,5.974522292993631,1.515923566878981,425.0,2.707006369426752,41.32,-123.85,0.367
1.4625,47.0,4.201117318435754,1.0446927374301676,1168.0,3.2625698324022347,33.97,-118.26,0.942
3.3469,30.0,3.280598958333333,1.0182291666666667,2129.0,1.3860677083333333,37.58,-122.35,3.45
0.6831,37.0,3.904831625183016,0.9824304538799414,2865.0,4.194729136163982,33.95,-118.23,0.875
4.3814,16.0,6.286415711947627,1.0147299509001635,1799.0,2.944353518821604,36.79,-121.74,2.453
3.3906,36.0,5.0785340314136125,1.044502617801047,1076.0,2.816753926701571,32.58,-117.16,1.478
7.6016,9.0,7.389408099688474,0.97196261682243,1039.0,3.236760124610592,34.17,-118.95,3.449
1.9038,34.0,2.341232227488152,1.1345971563981043,2326.0,2.204739336492891,34.06,-118.31,3.25
2.8942,27.0,5.229166666666667,1.0,470.0,2.4479166666666665,38.13,-121.3,1.167
2.6567,20.0,5.295867768595041,1.033057851239669,2016.0,3.332231404958678,37.68,-121.03,1.104
1.4338,26.0,7.177215189873418,1.7721518987341771,329.0,2.0822784810126582,32.74,-116.0,0.439
2.0643,14.0,4.2817567567567565,1.0763513513513514,3909.0,2.641216216216216,37.51,-120.84,1.065
4.4375,49.0,5.439506172839506,1.0049382716049382,1052.0,2.5975308641975308,37.75,-122.48,3.292
12.4429,30.0,8.267326732673267,1.0841584158415842,606.0,3.0,32.86,-117.25,5.00001
2.8681,12.0,4.27751756440281,1.1627634660421546,3215.0,3.76463700234192,33.9,-118.17,1.142
2.1845,39.0,7.876404494382022,1.4606741573033708,271.0,3.044943820224719,39.3,-121.96,1.125
3.3669,29.0,4.589877835951135,1.0767888307155322,1071.0,1.869109947643979,34.15,-118.37,3.761
3.55,17.0,4.794007490636704,0.951310861423221,707.0,2.647940074906367,37.09,-119.65,1.063
3.4482,35.0,4.420743639921722,0.980430528375734,1340.0,2.6223091976516635,32.83,-117.21,1.625
5.1664,32.0,5.825454545454545,1.1527272727272728,752.0,2.7345454545454544,37.16,-122.12,1.851
2.4875,27.0,3.4573002754820936,1.078512396694215,3481.0,4.794765840220386,34.06,-118.03,1.578
2.9441,39.0,4.805008944543828,1.0178890876565294,1159.0,2.073345259391771,37.91,-122.3,2.004
2.7391,44.0,4.406896551724138,1.0206896551724138,936.0,2.1517241379310343,37.94,-122.34,1.403
3.5573,21.0,4.104494382022472,1.0741573033707863,1510.0,1.696629213483146,34.07,-118.38,5.00001
4.2614,16.0,5.529262086513995,1.015267175572519,1460.0,3.715012722646311,32.92,-117.13,1.696
3.6953,14.0,4.877419354838709,0.9096774193548388,424.0,2.735483870967742,38.66,-121.36,1.161
1.8299,9.0,3.7304747320061256,1.10260336906585,1780.0,2.7258805513016844,32.72,-117.13,1.375
3.3081,14.0,5.365195027861123,1.0741534504929275,6389.0,2.738534076296614,32.83,-116.95,1.687
3.3966,20.0,5.375,1.0416666666666667,1785.0,3.914473684210526,33.98,-117.48,1.15
3.5795,35.0,5.50763358778626,1.015267175572519,861.0,3.286259541984733,34.08,-117.91,1.869
4.1316,52.0,5.174647887323943,0.9661971830985916,711.0,2.0028169014084507,34.44,-119.71,4.43
3.1848,27.0,5.579387186629527,1.0612813370473535,1806.0,2.5153203342618387,37.68,-120.98,1.128
2.0511,21.0,3.258928571428572,1.1741071428571428,965.0,4.308035714285714,34.07,-118.44,3.5
3.0404,25.0,4.2631578947368425,1.0701754385964912,1021.0,2.558897243107769,38.29,-122.3,1.421
6.5772,20.0,8.26923076923077,1.010989010989011,635.0,3.489010989010989,32.67,-117.02,2.452
7.0712,24.0,7.589506172839506,0.9783950617283952,916.0,2.8271604938271606,37.77,-122.13,2.93
1.6887,44.0,4.465587044534413,1.0728744939271255,760.0,3.076923076923077,33.94,-118.26,0.996
4.3083,33.0,5.643652561247216,1.1024498886414251,996.0,2.2182628062360803,37.96,-122.54,5.00001
4.7788,31.0,6.422932330827067,1.0018796992481205,1245.0,2.3402255639097747,32.79,-117.2,2.76
4.5129,16.0,6.174757281553398,1.046116504854369,1199.0,2.9101941747572817,38.95,-121.19,1.963
4.7159,36.0,6.561576354679803,1.0689655172413792,648.0,3.1921182266009853,34.13,-118.01,3.659
2.5392,17.0,3.793948126801153,1.0259365994236311,1487.0,2.142651296829971,32.65,-117.08,1.47
2.5656,21.0,4.375757575757576,1.0787878787878789,770.0,4.666666666666667,33.88,-117.52,1.025
5.3506,33.0,5.32295719844358,0.974059662775616,1837.0,2.3826199740596627,37.52,-122.29,3.881
4.6957,13.0,6.189751801441153,1.088871096877502,2543.0,2.0360288230584467,38.42,-122.61,2.598
4.6375,28.0,6.281779661016949,1.1292372881355932,1591.0,3.3707627118644066,38.0,-122.02,1.782
4.4,44.0,4.6440677966101696,1.0169491525423728,480.0,2.711864406779661,33.88,-118.35,2.258
5.5427,4.0,6.570291777188329,0.9522546419098143,1234.0,3.273209549071618,38.04,-121.36,1.621
3.9375,10.0,5.629107981220657,1.034428794992175,1132.0,1.7715179968701096,38.43,-122.58,2.692
4.9444,16.0,5.533980582524272,0.8786407766990292,627.0,3.0436893203883497,34.11,-117.39,1.327
4.1523,34.0,4.6415094339622645,1.0943396226415094,926.0,2.495956873315364,34.22,-118.24,2.52
2.3974,48.0,3.201145311381532,1.1302791696492485,2796.0,2.0014316392269147,34.11,-118.32,4.107
6.4232,7.0,6.707512764405544,1.0145878920495988,8276.0,3.0182348650619986,38.08,-122.17,2.292
3.6534,46.0,5.297709923664122,1.1145038167938932,1047.0,2.66412213740458,34.18,-118.52,2.16
4.2305,32.0,5.891774891774892,1.235930735930736,2541.0,5.5,33.91,-118.01,2.214
4.9196,37.0,4.866666666666666,0.8862745098039215,621.0,2.4352941176470586,33.84,-118.3,2.324
3.0156,27.0,4.882352941176471,0.9592760180995475,1220.0,2.760180995475113,37.93,-122.33,1.115
2.8365,34.0,4.5813953488372094,1.0794573643410852,1517.0,2.939922480620155,37.79,-122.21,1.392
3.65,45.0,4.624678663239075,1.012853470437018,1436.0,3.691516709511568,37.71,-122.46,2.399
3.125,12.0,5.786377708978328,1.1021671826625388,1007.0,3.117647058823529,33.66,-117.22,1.172
5.6779,16.0,6.443708609271523,1.0198675496688745,1456.0,3.2141280353200883,37.99,-121.83,1.647
2.0077,20.0,4.305194805194805,1.0995670995670996,1452.0,3.142857142857143,32.75,-117.08,1.183
7.5847,5.0,6.7725752508361206,0.9765886287625418,1986.0,3.321070234113712,33.71,-117.77,3.757
2.65,38.0,4.6887966804979255,0.946058091286307,699.0,2.900414937759336,32.77,-117.07,1.676
2.8646,20.0,4.126719768283852,1.154236060825489,3809.0,2.758146270818248,34.19,-118.48,2.211
3.375,13.0,7.25,1.1176470588235294,196.0,2.8823529411764706,37.93,-120.25,1.341
4.0333,10.0,4.857142857142857,1.0214285714285714,354.0,2.5285714285714285,39.15,-121.1,1.615
2.49,26.0,4.542808219178082,1.0633561643835616,774.0,1.3253424657534247,33.61,-117.72,0.811
4.8889,18.0,5.860894941634241,1.0330739299610896,3360.0,3.268482490272373,34.11,-117.6,1.557
5.1915,42.0,5.902912621359223,0.8964401294498382,720.0,2.3300970873786406,37.97,-121.31,1.837
3.5481,34.0,3.7553956834532376,0.9928057553956836,373.0,2.683453237410072,33.94,-118.13,2.65
12.2547,38.0,7.0588235294117645,0.8529411764705882,63.0,1.8529411764705883,37.85,-122.49,5.00001
2.575,20.0,4.788018433179723,1.0952380952380951,4584.0,2.3471582181259603,35.35,-119.06,0.699
5.75,52.0,6.739130434782608,0.9723320158102768,658.0,2.600790513833992,37.76,-122.23,3.063
2.2917,30.0,3.606761565836299,1.083629893238434,1425.0,2.5355871886121,34.02,-118.48,3.308
3.6087,10.0,6.317073170731708,1.083623693379791,827.0,2.8815331010452963,39.05,-121.07,1.821
7.0691,13.0,6.6896969696969695,1.0096969696969698,2444.0,2.9624242424242424,37.57,-121.87,3.932
5.3272,46.0,5.748995983935743,1.0301204819277108,1412.0,2.835341365461848,34.16,-118.1,3.302
2.625,11.0,3.6,0.8,150.0,7.5,34.02,-118.48,2.5
5.2722,17.0,5.532423208191126,1.0204778156996588,1028.0,3.508532423208191,37.44,-121.88,1.869
2.4054,38.0,6.100719424460432,1.0827338129496402,985.0,3.5431654676258995,37.11,-120.31,1.125
2.375,42.0,4.927884615384615,1.0432692307692308,1073.0,2.579326923076923,38.42,-122.74,1.41
3.2241,28.0,4.188376753507014,1.139612558450234,2549.0,1.702738810955244,34.15,-118.43,2.958
8.8467,17.0,7.608040201005025,1.0402010050251256,2144.0,3.591289782244556,34.3,-118.52,4.507
4.8,36.0,6.39622641509434,1.0377358490566038,407.0,2.559748427672956,37.62,-122.42,3.068
3.9659,40.0,5.324427480916031,1.0877862595419847,610.0,2.3282442748091605,34.04,-118.48,5.00001
3.1771,5.0,7.625531914893617,1.6170212765957446,1097.0,2.334042553191489,33.72,-116.29,1.674
3.4375,45.0,4.205333333333333,1.1226666666666667,1042.0,2.7786666666666666,34.02,-118.39,3.145
1.869,43.0,5.966911764705882,1.0808823529411764,781.0,2.8713235294117645,36.76,-119.77,0.56
1.675,34.0,3.28099173553719,1.0909090909090908,250.0,2.066115702479338,33.99,-118.34,1.667
3.7988,14.0,4.180473372781065,1.1005917159763314,744.0,2.201183431952663,33.69,-117.77,1.841
2.6071,26.0,5.606694560669456,1.0669456066945606,662.0,2.7698744769874475,39.44,-121.53,0.571
2.8333,37.0,5.561320754716981,0.9740566037735848,1060.0,2.5,39.51,-122.2,0.697
2.2969,20.0,4.873913043478261,1.0608695652173914,766.0,3.3304347826086955,33.04,-115.62,0.62
4.1062,52.0,4.611111111111111,1.0588235294117647,1091.0,3.565359477124183,34.42,-119.71,2.529
1.7377,33.0,3.97594501718213,1.0721649484536082,1714.0,2.9450171821305844,34.03,-118.33,1.839
2.4844,35.0,5.649819494584838,1.0469314079422385,861.0,3.108303249097473,38.68,-121.38,0.77
3.625,16.0,4.404833836858006,0.8912386706948641,912.0,2.7552870090634443,34.06,-117.71,1.604
10.3591,33.0,7.6369426751592355,1.0095541401273886,832.0,2.64968152866242,37.35,-122.08,5.00001
4.7344,36.0,5.635627530364372,1.0526315789473684,679.0,2.748987854251012,34.0,-118.46,3.469
3.0465,17.0,5.932843651626443,1.1385099685204616,2237.0,2.347324239244492,38.42,-120.72,1.441
2.6932,31.0,4.85,0.8916666666666667,1186.0,3.2944444444444443,36.8,-119.7,0.664
2.87,33.0,4.938095238095238,1.1333333333333333,911.0,2.169047619047619,33.94,-117.41,1.176
3.65,22.0,5.531481481481482,1.0425925925925923,1420.0,2.6296296296296298,37.96,-121.98,2.041
3.108,27.0,4.365487674169346,1.0857449088960345,2411.0,2.584137191854233,34.1,-118.14,2.31
6.3735,8.0,5.339130434782609,1.0260869565217392,278.0,2.417391304347826,38.09,-122.19,1.663
3.901,37.0,5.154213036565978,1.109697933227345,1080.0,1.7170111287758347,33.76,-118.14,4.325
4.3047,27.0,4.295345104333868,1.0465489566613162,2661.0,4.271268057784912,34.3,-118.45,1.521
4.1711,38.0,5.362459546925567,1.0841423948220066,1195.0,3.867313915857605,33.96,-118.1,1.601
3.1838,27.0,5.061959654178675,1.1397694524495676,1875.0,2.701729106628242,37.95,-122.05,1.82
2.0764,40.0,3.886262924667651,1.0310192023633675,2920.0,4.31314623338257,34.03,-118.18,1.456
3.0833,29.0,5.434108527131783,0.9819121447028424,1124.0,2.904392764857881,38.69,-121.37,0.87
2.29,50.0,3.654545454545455,1.0415584415584416,1526.0,3.963636363636364,34.05,-118.2,1.218
3.9856,52.0,3.4547413793103448,1.049568965517241,727.0,1.5668103448275863,37.8,-122.44,5.00001
1.4366,18.0,4.5588793922127255,1.1400759734093069,4002.0,1.9002849002849005,33.75,-116.99,0.77
2.3935,14.0,4.762195121951219,1.1371951219512195,609.0,1.8567073170731707,33.92,-117.89,1.25
10.2264,45.0,3.1666666666666665,0.8333333333333334,7460.0,1243.3333333333333,38.32,-121.98,1.375
4.66,36.0,6.0,1.0392857142857144,744.0,2.657142857142857,33.8,-118.11,2.448
8.0287,11.0,8.007211538461538,0.9855769230769232,1460.0,3.5096153846153846,33.92,-117.85,3.718
2.0154,23.0,5.606185567010309,1.109278350515464,930.0,1.9175257731958764,33.75,-116.89,0.817
4.4375,26.0,6.442724458204334,1.0495356037151702,906.0,2.804953560371517,38.45,-122.66,2.935
4.0417,34.0,7.040816326530612,1.2142857142857142,784.0,2.6666666666666665,37.96,-122.32,1.828
0.716,39.0,4.730769230769231,1.0961538461538465,316.0,6.076923076923077,37.96,-122.36,1.042
10.0914,52.0,7.546391752577319,0.9621993127147768,668.0,2.29553264604811,37.79,-122.45,5.00001
1.9231,44.0,3.959550561797753,1.0404494382022471,786.0,1.7662921348314606,34.01,-118.33,1.885
3.7459,33.0,5.198821796759941,1.0309278350515465,2959.0,4.357879234167894,34.01,-117.97,1.529
3.0068,23.0,5.230635335073977,0.9712793733681462,2710.0,2.358572671888598,39.76,-121.82,1.073
4.8456,35.0,5.968036529680365,1.1232876712328768,672.0,3.068493150684932,33.92,-118.31,1.464
2.4028,41.0,3.896135265700483,1.0748792270531402,1481.0,3.577294685990338,37.74,-122.17,0.977
2.0329,30.0,3.9058380414312617,1.0037664783427496,1311.0,2.468926553672316,33.74,-118.29,2.258
4.5694,28.0,6.219512195121951,1.0304878048780488,504.0,3.073170731707317,38.38,-122.33,2.875
11.7794,39.0,14.666666666666666,1.809523809523809,59.0,2.8095238095238093,34.35,-119.5,5.00001
1.8652,35.0,3.498533724340176,1.0410557184750733,1784.0,5.231671554252199,34.01,-118.27,1.161
3.0395,35.0,3.797909407665505,1.043554006968641,1483.0,2.583623693379791,34.19,-118.4,1.913
2.5372,21.0,3.6130500758725344,1.0637329286798178,1264.0,1.9180576631259485,36.6,-121.85,2.18
2.5385,33.0,3.0518672199170123,0.9356846473029046,2272.0,4.713692946058091,33.96,-118.15,1.609
5.228,16.0,6.569451309935739,1.0192782995551162,6931.0,3.426099851705388,33.97,-117.72,1.878
5.3988,8.0,7.043478260869565,1.0253623188405796,814.0,2.949275362318841,37.05,-120.84,1.655
2.6178,52.0,3.304289544235925,1.0361930294906163,2328.0,3.1206434316353886,34.08,-118.28,2.031
2.9063,52.0,6.590443686006826,1.1228668941979525,1025.0,3.4982935153583616,37.73,-122.39,1.92
3.194,24.0,4.911764705882353,1.1561085972850678,870.0,1.9683257918552035,33.06,-117.3,2.763
2.8015,40.0,3.659259259259259,0.8444444444444444,547.0,4.051851851851852,37.77,-122.22,1.148
6.0961,16.0,6.967213114754099,1.026639344262295,1575.0,3.2274590163934427,33.69,-117.78,2.955
4.475,33.0,5.170731707317073,1.016260162601626,1035.0,2.1036585365853657,34.16,-118.45,3.148
4.6371,9.0,4.306590257879656,1.0916905444126077,715.0,2.048710601719198,37.29,-121.95,2.343
3.8967,12.0,5.967171717171717,1.0303030303030305,1211.0,3.058080808080808,33.14,-117.12,1.726
10.0765,3.0,7.674358974358975,1.1,991.0,2.541025641025641,33.61,-117.59,3.782
3.52,32.0,5.897297297297297,1.0972972972972972,1122.0,3.0324324324324325,36.96,-122.03,2.842
3.1667,52.0,4.136986301369863,1.0365296803652968,1662.0,7.589041095890411,37.35,-121.94,2.316
3.2415,32.0,5.230235783633842,1.027739251040222,1786.0,2.4771151178918167,38.44,-122.67,1.722
3.2132,19.0,6.7218045112781954,1.2982456140350878,1134.0,2.8421052631578947,37.39,-118.6,1.66
1.3882,15.0,3.9295302013422817,1.1006711409395973,1024.0,3.436241610738255,32.8,-115.56,0.694
3.6823,18.0,4.003267973856209,1.0359477124183007,694.0,2.2679738562091503,34.41,-119.71,2.55
4.85,34.0,5.35693215339233,0.9882005899705014,872.0,2.5722713864306783,34.0,-118.4,3.294
6.0666,30.0,6.446064139941691,1.0087463556851313,844.0,2.4606413994169096,37.84,-122.2,3.115
3.2188,38.0,5.571942446043166,1.0359712230215827,636.0,2.287769784172662,32.76,-117.06,1.505
2.8828,36.0,5.7,1.0666666666666669,861.0,2.87,37.94,-121.7,1.311
4.5052,32.0,4.636363636363637,0.922077922077922,654.0,4.246753246753247,33.77,-117.94,1.708
4.2051,37.0,4.829090909090909,0.9927272727272728,1115.0,4.054545454545455,33.94,-118.04,1.644
8.163,10.0,6.0,1.0,128.0,2.098360655737705,33.49,-117.67,2.5
4.625,36.0,5.479591836734694,0.9591836734693876,496.0,2.53061224489796,33.84,-118.11,2.174
2.9167,39.0,4.544776119402985,1.082089552238806,690.0,5.149253731343284,34.03,-118.18,1.458
4.2986,36.0,6.036734693877551,1.0244897959183674,741.0,3.024489795918367,34.08,-117.92,1.896
2.6016,17.0,3.6177260519247993,1.0465532676812892,3309.0,2.962399283795882,34.17,-118.3,2.224
4.6611,16.0,5.840449438202247,0.9662921348314608,1417.0,3.1842696629213485,36.95,-121.82,3.493
3.7143,34.0,4.694214876033058,1.1528925619834711,2164.0,4.471074380165289,34.21,-118.37,1.757
3.0859,16.0,8.181533646322379,1.5524256651017214,1177.0,1.841940532081377,33.78,-116.45,1.346
3.4679,18.0,3.8483935742971886,1.0602409638554218,2192.0,2.200803212851405,33.73,-117.98,2.197
2.2917,44.0,3.514018691588785,0.8130841121495327,273.0,2.5514018691588785,34.09,-117.28,0.908
2.964,14.0,5.817567567567568,1.108108108108108,3136.0,3.027027027027027,33.75,-116.93,1.215
2.5898,52.0,3.4942528735632186,1.0272988505747127,1377.0,1.978448275862069,37.83,-122.26,1.76
3.2891,42.0,4.377551020408164,1.04421768707483,2377.0,4.042517006802721,37.57,-122.32,2.379
5.7457,24.0,6.732793522267206,1.0182186234817814,1616.0,3.2712550607287447,33.89,-117.85,2.406
2.6364,39.0,5.3486529318542,1.0443740095087164,1388.0,2.199683042789224,37.98,-121.3,0.938
3.0173,19.0,3.639344262295082,1.1038251366120218,1837.0,2.007650273224044,34.04,-118.45,3.938
4.0813,24.0,6.0553097345132745,1.0564159292035398,3020.0,3.34070796460177,32.72,-117.04,1.37
2.1542,17.0,7.045045045045045,1.554054054054054,517.0,2.328828828828829,41.01,-123.52,0.838
5.8891,37.0,6.522641509433963,1.0264150943396226,1344.0,2.535849056603773,34.1,-117.73,2.26
3.25,29.0,4.505665722379604,1.0113314447592068,1603.0,2.270538243626062,33.94,-117.41,1.125
6.2007,4.0,5.769570011025358,1.2227122381477398,1690.0,1.863285556780596,37.53,-122.26,3.118
3.0938,34.0,5.424568965517241,1.040948275862069,1324.0,2.853448275862069,38.58,-122.45,1.894
5.0371,25.0,6.385656292286874,1.0081190798376185,1857.0,2.512855209742896,38.5,-121.51,1.802
2.1776,38.0,3.868243243243243,1.0033783783783785,1107.0,3.739864864864865,34.96,-120.57,0.891
2.9208,28.0,5.415094339622642,1.099056603773585,521.0,2.457547169811321,36.04,-118.92,0.985
5.152,26.0,6.209302325581396,1.041860465116279,742.0,3.4511627906976745,32.6,-117.03,1.434
6.065,5.0,5.626865671641791,1.0621890547263682,1016.0,2.527363184079602,33.55,-117.68,3.155
6.8469,36.0,8.734265734265735,1.111888111888112,362.0,2.531468531468532,38.6,-121.38,4.464
3.7321,33.0,5.568281938325991,0.986784140969163,527.0,2.3215859030837005,33.91,-117.89,2.165
0.75,52.0,2.823529411764706,0.9117647058823528,191.0,5.617647058823529,37.8,-122.28,1.625
2.2215,15.0,5.352472089314195,1.1068580542264752,1232.0,1.9649122807017545,36.83,-119.79,0.722
6.8132,4.0,6.359838274932614,0.9986522911051212,1895.0,2.5539083557951483,37.68,-121.85,2.825
1.7708,24.0,4.897897897897898,1.021021021021021,1042.0,3.129129129129129,40.11,-122.17,0.59
3.7279,36.0,5.447236180904523,1.015075376884422,920.0,4.623115577889447,34.05,-118.05,1.622
3.7958,17.0,5.777158774373259,1.064066852367688,1035.0,2.883008356545961,34.75,-120.18,4.0
3.3266,28.0,3.5210199862164027,1.0213645761543764,2313.0,1.5940730530668503,34.02,-118.5,4.833
4.2296,35.0,4.598790322580645,1.0201612903225807,1005.0,2.026209677419355,32.8,-117.25,2.75
2.712,21.0,16.688741721854306,3.8543046357615895,416.0,2.7549668874172184,34.17,-117.06,0.89
2.4122,12.0,4.637051039697543,1.1323251417769375,1251.0,2.3648393194707,33.12,-117.07,1.27
3.05,17.0,8.32008830022075,2.004415011037528,1160.0,2.5607064017660046,37.64,-118.98,1.889
3.8668,45.0,5.460949464012251,1.0735068912710566,1601.0,2.451761102603369,34.18,-118.34,2.32
4.4882,15.0,6.573264781491003,1.070694087403599,2418.0,3.107969151670951,38.28,-122.03,1.44
5.7858,9.0,5.498316498316498,0.9932659932659932,928.0,3.124579124579125,33.68,-117.79,2.659
3.0938,34.0,5.719557195571956,1.1383763837638377,1155.0,2.1309963099631,35.14,-120.68,2.459
7.2478,25.0,7.855392156862745,1.0024509803921569,1291.0,3.1642156862745097,33.9,-117.86,2.992
4.8214,35.0,5.523668639053255,1.014792899408284,1213.0,3.588757396449704,37.54,-122.03,1.86
1.89,49.0,5.221476510067114,1.185682326621924,1334.0,2.984340044742729,34.03,-118.35,1.24
1.7656,26.0,4.149367088607595,0.8911392405063291,1222.0,3.093670886075949,35.23,-118.85,0.68
5.6511,15.0,5.226069246435845,1.0784114052953158,2156.0,2.195519348268839,37.32,-122.03,4.048
4.5662,8.0,6.307692307692308,1.017948717948718,1784.0,4.574358974358974,32.69,-117.03,1.755
2.2566,52.0,4.995348837209303,0.9790697674418604,975.0,2.2674418604651163,40.79,-124.16,0.927
1.9659,50.0,4.333333333333333,0.9727891156462584,590.0,4.01360544217687,34.06,-117.64,0.857
4.6898,45.0,5.03921568627451,1.0137254901960784,1256.0,2.462745098039216,34.18,-118.33,2.26
3.7202,30.0,4.802536231884058,1.036231884057971,3249.0,5.885869565217392,33.73,-117.86,1.821
4.9464,12.0,6.135593220338983,0.9943502824858758,1013.0,2.861581920903955,36.3,-119.33,1.156
4.4464,34.0,5.081585081585081,0.9883449883449884,906.0,2.111888111888112,34.17,-118.43,3.531
2.9511,42.0,5.404907975460123,1.0429447852760736,464.0,2.8466257668711656,34.19,-118.52,2.039
3.15,14.0,6.364341085271318,1.317829457364341,477.0,3.697674418604651,40.69,-121.83,0.875
4.0,24.0,5.053846153846154,1.0134615384615384,1389.0,2.671153846153846,33.08,-117.3,3.432
4.6611,16.0,5.840449438202247,0.9662921348314608,1417.0,3.1842696629213485,36.95,-121.82,3.493
6.1624,26.0,6.507380073800738,1.0092250922509225,1615.0,2.97970479704797,33.66,-117.98,2.794
2.5517,52.0,5.845117845117845,1.2053872053872057,638.0,2.1481481481481484,38.05,-122.23,1.471
1.8444,20.0,5.059850374064838,1.0648379052369077,983.0,2.451371571072319,36.97,-120.05,0.471
3.0577,41.0,4.854838709677419,1.0161290322580645,1002.0,4.040322580645161,33.99,-118.07,1.633
3.668,19.0,4.544658493870402,1.0875656742556918,1728.0,3.026269702276708,33.47,-117.69,2.438
4.0417,34.0,5.25748502994012,0.9580838323353292,372.0,2.2275449101796405,38.22,-122.63,2.321
3.625,36.0,4.285714285714286,0.8571428571428571,51.0,3.642857142857143,37.64,-120.96,0.675
3.7449,6.0,5.237011592958352,1.123658222413053,5634.0,2.419063975955346,38.63,-121.49,1.293
1.9167,42.0,3.193916349809886,1.05893536121673,2099.0,3.990494296577946,34.03,-118.29,1.364
4.8403,28.0,5.328918322295806,0.9161147902869756,1106.0,2.4415011037527594,37.55,-121.99,2.686
4.0878,22.0,5.046747967479675,1.0731707317073171,1478.0,3.0040650406504064,38.32,-122.32,1.644
6.0531,25.0,5.833333333333333,1.0021097046413503,1666.0,3.5147679324894514,33.8,-117.81,2.307
1.6607,16.0,6.7105263157894735,1.921052631578948,85.0,2.236842105263158,39.71,-122.74,0.14999
3.6202,34.0,4.382035928143712,1.102994011976048,1338.0,1.6023952095808385,34.15,-118.36,3.661
3.9643,52.0,4.797979797979798,1.02020202020202,467.0,2.3585858585858586,37.84,-122.26,1.888
2.212,10.0,5.207762557077626,1.0136986301369864,1274.0,2.9086757990867578,40.67,-122.38,0.656
1.2404,52.0,4.757575757575758,0.8636363636363636,178.0,2.696969696969697,36.7,-119.81,0.525
5.8899,16.0,6.787586206896552,1.016551724137931,2312.0,3.188965517241379,37.99,-122.27,2.432
11.8442,31.0,8.385678391959798,1.0577889447236182,2092.0,2.628140703517588,34.1,-118.45,5.00001
1.5833,42.0,4.641821946169772,1.0786749482401656,1359.0,2.813664596273292,36.57,-119.61,0.651
3.5045,30.0,3.791946308724832,1.0738255033557047,932.0,2.0850111856823266,37.39,-122.07,3.525
5.4886,6.0,6.739217652958876,1.0190571715145436,2699.0,2.7071213640922767,38.54,-122.75,2.542
5.417,11.0,4.925867507886435,1.167192429022082,1223.0,1.929022082018928,32.87,-117.23,1.968
3.95,22.0,6.894736842105263,1.0175438596491229,134.0,2.3508771929824563,38.12,-121.23,1.781
4.75,35.0,5.513317191283293,1.0169491525423728,1353.0,3.276029055690073,37.53,-121.97,1.97
2.65,10.0,6.805343511450381,1.286259541984733,638.0,2.435114503816794,38.5,-120.65,1.167
2.3167,31.0,5.980645161290322,1.1774193548387095,883.0,2.8483870967741933,40.57,-123.96,0.926
3.5039,29.0,5.921501706484642,1.1023890784982937,805.0,2.7474402730375425,36.22,-119.33,0.899
4.4964,27.0,6.096551724137931,1.1137931034482758,1837.0,3.1672413793103447,34.28,-118.7,2.383
3.0759,52.0,4.898907103825136,0.9562841530054644,1303.0,3.560109289617486,34.01,-118.31,1.237
8.4888,30.0,5.954113924050633,1.134493670886076,1292.0,2.0443037974683542,37.9,-122.45,5.00001
3.15,16.0,29.852941176470587,5.323529411764706,202.0,1.9803921568627447,38.52,-120.0,1.406
4.0726,38.0,4.666666666666667,0.9760191846522782,975.0,2.338129496402878,37.54,-122.31,3.854
15.0001,14.0,8.35423197492163,1.037617554858934,964.0,3.0219435736677114,33.72,-118.06,5.00001
3.525,39.0,4.61875,1.0125,1127.0,3.521875,33.93,-118.08,1.58
2.4167,28.0,6.493506493506493,1.3376623376623376,545.0,3.538961038961039,34.42,-118.75,1.917
2.6023,26.0,13.985507246376812,2.833333333333333,307.0,2.2246376811594204,39.26,-120.01,1.393
3.244,36.0,5.227848101265823,1.0042194092827004,717.0,3.0253164556962027,34.09,-118.06,2.581
3.2216,20.0,5.371428571428571,1.0904761904761904,621.0,2.9571428571428573,39.05,-122.91,0.935
4.5189,45.0,5.637010676156583,1.0640569395017794,1341.0,2.386120996441281,32.69,-117.17,4.222
6.7571,42.0,6.665178571428571,1.0580357142857142,665.0,2.96875,34.21,-118.2,4.439
6.8758,26.0,6.991228070175438,1.0263157894736843,383.0,3.3596491228070176,34.0,-117.84,2.538
2.56,16.0,4.395061728395062,0.9074074074074074,355.0,2.191358024691358,34.91,-120.45,1.5
2.1293,9.0,4.735238095238096,1.1923809523809523,1938.0,3.6914285714285713,33.21,-117.24,1.514
2.5562,43.0,6.072463768115942,1.1594202898550725,1056.0,3.8260869565217392,36.65,-119.53,0.932
2.096,34.0,2.466893039049236,0.99830220713073,1987.0,3.3735144312393888,34.05,-118.3,1.875
1.7273,29.0,6.492647058823529,1.375,326.0,2.397058823529412,38.96,-122.64,0.582
1.8681,42.0,4.377049180327869,0.9617486338797814,711.0,3.885245901639344,34.1,-117.32,0.597
4.1094,14.0,5.9937888198757765,1.1273291925465838,990.0,3.074534161490684,38.0,-121.9,1.622
2.8039,21.0,3.984918307498953,1.0724759111855886,7282.0,3.0506912442396312,34.21,-118.6,2.275
3.0,25.0,5.271084337349397,0.9397590361445785,646.0,3.891566265060241,36.8,-119.71,0.728
2.8235,34.0,4.065759637188209,1.08843537414966,1722.0,3.9047619047619047,33.8,-117.86,1.531
2.6852,33.0,5.312849162011173,1.0335195530726258,1168.0,3.2625698324022347,36.7,-120.0,0.708
3.9118,46.0,4.868525896414343,0.9402390438247012,819.0,3.262948207171315,37.96,-122.33,1.294
6.8482,34.0,6.296724470134874,1.0366088631984585,1463.0,2.8188824662813103,34.17,-118.62,3.083
1.8564,37.0,3.814814814814815,1.0507544581618655,2586.0,3.5473251028806585,34.03,-118.3,1.875
3.3878,31.0,5.573281452658884,1.0220492866407265,2083.0,2.701686121919585,38.49,-121.44,1.093
3.102,11.0,6.468421052631579,1.2421052631578948,581.0,3.057894736842105,33.69,-117.35,1.113
1.625,1.0,3.0,1.0,8.0,4.0,33.86,-116.95,0.55
5.4011,15.0,5.385744234800838,1.70230607966457,785.0,1.6457023060796645,33.75,-118.11,3.464
3.1467,41.0,4.882352941176471,1.0448179271708684,780.0,2.184873949579832,38.45,-122.72,1.755
4.8316,33.0,5.617063492063492,1.011904761904762,1340.0,2.6587301587301586,34.26,-118.5,2.373
10.5536,28.0,7.838874680306906,1.0383631713554988,1101.0,2.815856777493606,33.77,-118.46,5.00001
3.5255,21.0,5.694581280788177,1.0492610837438423,2174.0,2.6773399014778323,34.0,-117.04,1.321
1.5195,42.0,2.3997539975399755,1.040590405904059,2500.0,3.075030750307503,34.09,-118.31,2.182
2.8705,5.0,5.13103448275862,1.1218390804597702,1857.0,4.268965517241379,37.94,-121.24,1.136
10.6796,28.0,8.406175771971496,1.0475059382422802,1190.0,2.826603325415677,34.14,-118.49,5.00001
2.455,8.0,3.543923381770145,1.1013870541611626,7211.0,2.381439894319683,33.91,-118.33,1.927
4.0642,41.0,5.794520547945205,1.0356164383561643,1168.0,3.2,37.73,-122.41,2.725
3.5625,52.0,5.348082595870206,1.0412979351032448,828.0,2.4424778761061945,37.87,-122.28,1.917
8.3924,37.0,7.2155172413793105,1.0172413793103448,945.0,2.7155172413793105,37.37,-122.1,5.00001
11.3421,4.0,8.115079365079366,0.9404761904761904,830.0,3.293650793650793,37.82,-122.08,5.00001
2.186,10.0,4.353515625,1.048828125,982.0,1.91796875,39.23,-121.06,1.327
3.8319,28.0,5.4032697547683926,1.021798365122616,1407.0,3.833787465940055,34.0,-117.97,1.79
2.0682,40.0,4.635658914728682,1.1395348837209305,1052.0,4.077519379844961,33.88,-117.56,1.13
3.2545,9.0,3.5186206896551724,1.168965517241379,2609.0,1.7993103448275862,34.06,-118.44,5.00001
4.3849,36.0,5.567741935483871,1.070967741935484,1293.0,4.170967741935484,33.93,-118.04,1.441
3.5737,30.0,5.685185185185185,1.0488215488215489,1289.0,2.17003367003367,38.53,-121.52,1.712
3.8158,24.0,5.006476683937824,1.038860103626943,2670.0,3.458549222797928,33.75,-117.98,1.8
7.5418,52.0,5.675,1.095,441.0,2.205,37.45,-122.16,4.92
4.4934,15.0,5.772455089820359,0.9900199600798404,1634.0,3.261477045908184,36.81,-119.69,0.88
2.8203,24.0,4.997840172786177,1.0107991360691144,1549.0,3.345572354211663,35.05,-120.48,1.526
3.7419,52.0,5.121890547263682,1.034825870646766,999.0,2.485074626865672,37.79,-122.46,5.00001
3.6181,38.0,4.0518653321201095,1.0518653321201092,1830.0,1.665150136487716,34.11,-118.28,4.956
7.598,21.0,6.562162162162162,1.037837837837838,500.0,2.702702702702702,37.27,-121.99,3.478
4.7344,36.0,5.635627530364372,1.0526315789473684,679.0,2.748987854251012,34.0,-118.46,3.469
5.4197,24.0,5.923497267759563,1.0191256830601092,934.0,2.551912568306011,34.45,-119.83,2.809
3.0132,44.0,4.90566037735849,1.0943396226415094,392.0,3.69811320754717,33.93,-118.36,2.025
1.625,19.0,6.854545454545455,1.2545454545454546,198.0,3.6,32.75,-115.64,1.125
5.0863,37.0,5.7680921052631575,0.9358552631578948,1663.0,2.7351973684210527,37.48,-122.25,4.403
4.2875,16.0,5.900462962962963,0.9907407407407408,1486.0,3.439814814814815,34.65,-120.47,1.507
5.0875,26.0,6.07168458781362,0.931899641577061,885.0,3.172043010752688,33.73,-117.97,2.242
5.0838,20.0,6.116037735849057,1.0075471698113208,3526.0,3.3264150943396227,37.54,-122.06,2.482
3.0603,46.0,5.353944562899787,1.044776119402985,1583.0,3.375266524520256,32.78,-115.56,0.708
3.9712,16.0,4.624539877300614,1.0294478527607362,1986.0,2.4368098159509204,37.95,-122.47,1.875
2.2402,34.0,3.162618796198521,0.9947201689545936,2626.0,2.7729672650475186,34.02,-118.42,4.5
8.3014,21.0,6.238137082601054,0.9718804920913884,2401.0,2.109841827768014,37.86,-122.22,3.585
3.0804,14.0,6.162280701754386,1.1798245614035088,660.0,2.894736842105264,39.11,-121.22,1.568
1.9236,52.0,4.5064935064935066,1.0909090909090908,558.0,2.415584415584416,34.07,-117.65,1.172
1.7896,23.0,2.2468694096601074,1.0760286225402504,3720.0,3.32737030411449,34.06,-118.3,3.222
6.075,26.0,6.541984732824427,1.0305343511450382,778.0,2.969465648854962,37.3,-122.04,4.17
2.3304,32.0,3.310606060606061,1.0353535353535352,1792.0,4.525252525252525,34.02,-118.25,1.199
6.2918,22.0,7.746938775510204,0.9755102040816328,734.0,2.9959183673469387,37.68,-121.89,3.341
2.2245,29.0,4.965882352941176,1.06,2294.0,2.6988235294117646,38.51,-121.45,0.759
3.6875,17.0,10.03370786516854,1.9303370786516847,853.0,1.9168539325842693,33.84,-116.52,1.304
4.9042,52.0,6.356223175965665,1.0042918454935623,1364.0,2.927038626609442,34.19,-118.3,3.435
4.6394,22.0,6.806691449814126,1.0185873605947957,813.0,3.0223048327137545,38.66,-121.07,1.734
3.9063,41.0,4.633540372670807,0.9006211180124224,387.0,2.4037267080745344,37.69,-122.1,1.784
3.9375,21.0,36.715384615384615,8.053846153846154,337.0,2.5923076923076924,34.24,-117.07,1.15
2.3304,24.0,4.524390243902439,1.0146341463414634,1520.0,3.707317073170732,36.35,-119.3,0.649
3.1667,23.0,3.773960216998192,1.0325497287522605,1809.0,3.27124773960217,34.19,-118.49,2.02
3.0817,20.0,5.437037037037037,1.048148148148148,721.0,2.6703703703703705,37.25,-118.45,1.188
6.8654,17.0,8.433823529411764,1.0294117647058822,327.0,2.4044117647058822,37.66,-120.94,2.905
3.7578,33.0,4.554858934169279,1.0219435736677116,1609.0,5.043887147335423,34.03,-117.95,1.558
2.1731,45.0,3.807692307692308,1.0038461538461538,901.0,3.4653846153846155,37.75,-122.18,0.82
5.5875,11.0,5.853300733496333,0.9853300733496332,1393.0,3.4058679706601467,37.26,-121.83,2.593
3.402,23.0,5.179948586118252,1.044987146529563,1852.0,2.380462724935733,38.25,-122.65,1.933
1.4766,23.0,4.143947655398037,1.0937840785169028,3786.0,4.128680479825518,36.76,-119.76,0.506
4.4583,22.0,6.246875,1.296875,967.0,3.021875,37.85,-121.64,2.539
5.0672,14.0,7.075664621676892,1.01840490797546,3196.0,3.2678936605316973,38.27,-122.06,1.713
6.0516,30.0,6.780612244897959,0.9744897959183674,1135.0,2.895408163265306,33.94,-117.93,2.45
1.8856,17.0,4.62156862745098,1.174509803921569,1423.0,2.7901960784313724,32.74,-117.0,1.188
3.7366,20.0,5.321944809461235,0.9789750328515112,2870.0,3.771353482260184,32.71,-117.02,1.218
1.8355,26.0,4.424050632911392,0.995253164556962,2017.0,3.191455696202532,39.12,-121.58,0.612
3.2369,17.0,4.465677179962894,1.0120593692022264,3013.0,2.7949907235621523,32.95,-117.05,1.678
2.3277,52.0,3.587557603686636,0.976958525345622,1580.0,3.640552995391705,37.35,-121.87,1.837
3.7454,35.0,5.6298076923076925,1.0240384615384617,2176.0,5.230769230769231,34.05,-117.98,1.569
6.0062,17.0,6.262536873156342,1.0058997050147491,1067.0,3.147492625368732,37.24,-121.78,2.627
3.1635,30.0,3.5050675675675675,1.160472972972973,1026.0,1.733108108108108,34.02,-118.49,3.667
6.3822,18.0,7.36013986013986,1.055944055944056,830.0,2.902097902097902,33.65,-117.82,3.625
2.2297,35.0,2.5810055865921786,0.9748603351955308,1376.0,3.843575418994413,33.95,-118.37,2.625
3.1838,27.0,5.061959654178675,1.1397694524495676,1875.0,2.701729106628242,37.95,-122.05,1.82
3.5189,17.0,5.498201438848921,1.037769784172662,1497.0,2.6924460431654675,40.55,-122.06,1.01
5.7657,26.0,5.431192660550459,1.0321100917431192,815.0,3.738532110091743,37.41,-122.07,3.223
3.2112,38.0,4.290676416819013,1.2157221206581352,1317.0,2.407678244972577,34.16,-118.31,3.493
4.0077,17.0,4.465478841870824,1.086859688195991,3056.0,2.268745360059391,34.22,-118.59,2.29
5.9357,19.0,5.8584070796460175,1.0575221238938053,1160.0,2.566371681415929,33.78,-118.01,2.074
7.8061,2.0,11.110599078341014,1.631336405529954,703.0,3.23963133640553,33.58,-117.65,3.314
3.5323,34.0,5.762903225806451,1.0677419354838709,1540.0,2.4838709677419355,38.49,-121.45,1.098
4.3359,47.0,5.070281124497992,1.0502008032128514,1514.0,3.040160642570281,34.14,-118.19,2.092
4.9107,34.0,5.585365853658536,0.9878048780487804,552.0,3.365853658536585,33.91,-118.13,2.22
3.3466,52.0,5.733542319749216,0.9435736677115988,694.0,2.175548589341693,37.96,-121.31,0.926
8.3841,35.0,6.71689497716895,0.958904109589041,735.0,3.356164383561644,34.23,-118.52,4.722
5.0594,41.0,5.851985559566787,1.0072202166064983,756.0,2.729241877256318,33.92,-118.42,3.46
3.2708,43.0,4.188571428571429,0.9257142857142856,497.0,2.84,37.47,-122.21,2.553
6.2673,38.0,5.516666666666667,0.9722222222222222,374.0,2.077777777777778,33.97,-118.39,3.572
3.4103,26.0,6.252669039145908,1.0818505338078293,905.0,3.2206405693950177,34.11,-117.21,0.909
4.0313,13.0,5.079119086460032,1.0742251223491028,3739.0,3.0497553017944536,34.21,-118.58,2.993
3.892,33.0,4.601423487544484,1.1186239620403322,2113.0,2.506524317912218,34.19,-118.47,2.929
3.9531,17.0,5.505434782608695,1.0054347826086956,1297.0,2.3496376811594204,32.95,-117.05,1.786
2.1553,37.0,4.255287009063444,1.081570996978852,1341.0,2.025679758308157,36.98,-122.03,2.554
7.8864,52.0,6.690972222222222,0.96875,705.0,2.4479166666666665,37.9,-122.26,3.573
2.8036,30.0,5.234413965087282,1.0124688279301746,1156.0,2.882793017456359,38.42,-122.72,1.523
2.625,30.0,3.923841059602649,1.0496688741721854,1466.0,4.854304635761589,34.05,-117.74,0.943
2.5469,35.0,4.637271214642263,0.9767054908485856,1431.0,2.3810316139767056,39.12,-121.62,0.659
2.5625,30.0,6.504424778761062,1.2123893805309736,421.0,3.725663716814159,35.76,-119.14,1.563
2.619,20.0,4.326347305389222,0.9670658682634732,573.0,1.715568862275449,32.65,-117.09,1.458
3.5109,21.0,3.715639810426541,1.0710900473933649,801.0,1.8981042654028435,33.72,-118.29,2.25
5.7321,18.0,6.814953271028037,0.9981308411214952,1651.0,3.085981308411215,37.99,-121.79,1.647
2.9531,28.0,4.341753343239227,1.098068350668648,3013.0,4.476968796433878,33.91,-118.16,1.271
4.0987,37.0,4.804913294797688,1.060693641618497,1468.0,2.121387283236994,37.58,-122.36,4.34
4.1181,36.0,4.905027932960894,0.9329608938547486,499.0,2.787709497206704,34.21,-118.57,1.904
8.1064,16.0,7.3375,0.9696428571428573,1409.0,2.5160714285714287,34.14,-118.85,4.234
3.5938,40.0,4.201438848920863,0.9064748201438848,316.0,2.273381294964029,36.96,-122.03,2.435
3.4773,47.0,4.922580645161291,1.0344086021505376,1697.0,3.649462365591398,37.71,-122.41,2.263
3.4426,7.0,5.416393442622951,1.028415300546448,3006.0,3.2852459016393443,37.73,-121.16,1.39
5.2551,13.0,6.071428571428571,0.9894179894179894,1284.0,3.3968253968253967,34.04,-117.67,1.943
2.4375,37.0,3.549504950495049,0.9752475247524752,1667.0,4.126237623762377,34.19,-118.38,1.763
5.1433,16.0,6.306264501160093,1.0162412993039442,1515.0,3.51508120649652,32.93,-117.15,1.853
5.8336,36.0,7.46,0.96,414.0,2.76,38.6,-121.37,2.833
4.1678,11.0,5.117122851686824,1.0929344366645448,3445.0,2.192870782940802,33.59,-117.7,1.909
0.9204,43.0,4.1645569620253164,1.0126582278481011,1253.0,5.286919831223629,38.59,-121.48,0.821
3.7813,35.0,5.002331002331002,1.0023310023310024,1230.0,2.867132867132867,33.86,-117.96,1.849
6.4415,15.0,7.077981651376147,1.048165137614679,1262.0,2.8944954128440368,33.83,-117.76,3.007
2.1908,46.0,5.523985239852398,1.1402214022140222,787.0,2.904059040590406,34.83,-114.6,0.481
2.825,38.0,5.768656716417911,1.0970149253731345,320.0,2.388059701492537,37.74,-121.42,1.525
4.5033,7.0,5.2917888563049855,1.1011730205278591,1739.0,2.5498533724340176,37.26,-121.83,2.131
3.5333,15.0,3.559498956158664,0.9979123173277662,759.0,1.5845511482254695,33.9,-117.88,1.144
3.3409,34.0,5.0633333333333335,1.0133333333333334,1262.0,4.206666666666667,34.05,-117.94,1.612
1.6929,40.0,4.521994134897361,1.0,1283.0,3.7624633431085046,37.29,-120.31,0.559
1.808,18.0,4.190305206463195,1.028725314183124,962.0,1.727109515260323,33.22,-117.23,0.97
3.65,45.0,4.624678663239075,1.012853470437018,1436.0,3.691516709511568,37.71,-122.46,2.399
2.7432,35.0,4.695652173913044,1.1123188405797102,1423.0,5.155797101449275,34.05,-118.19,1.352
6.7181,15.0,7.199438202247191,0.9410112359550562,1080.0,3.033707865168539,36.83,-119.85,1.603
2.6842,44.0,5.169642857142857,1.0089285714285714,1094.0,4.883928571428571,37.88,-121.38,1.563
3.8882,37.0,6.052486187845304,1.0883977900552486,951.0,2.62707182320442,38.61,-121.36,1.595
3.8776,11.0,6.131555555555556,1.0542222222222222,6000.0,2.6666666666666665,38.69,-121.32,1.245
6.983,21.0,7.477064220183486,0.9984709480122324,2295.0,3.5091743119266057,33.84,-118.05,3.297
1.56,26.0,5.087859424920127,1.0511182108626198,2444.0,3.904153354632588,38.63,-121.46,0.676
3.6719,48.0,5.485106382978723,1.1914893617021276,782.0,3.327659574468085,37.72,-122.43,2.598
2.4943,29.0,5.050898203592815,0.9790419161676648,864.0,2.586826347305389,39.4,-121.75,0.819
6.7061,23.0,7.496993987975951,1.004008016032064,1339.0,2.6833667334669338,37.94,-122.01,3.223
5.4193,17.0,5.789340101522843,0.9111675126903552,1226.0,3.1116751269035534,37.23,-121.79,2.595
4.5469,21.0,4.624576271186441,1.056779661016949,2304.0,1.952542372881356,37.75,-122.44,4.097
2.8261,19.0,4.34156976744186,0.9825581395348836,1782.0,2.5901162790697674,38.34,-122.7,1.545
3.6771,31.0,4.705263157894737,1.068421052631579,883.0,4.647368421052631,33.93,-118.05,1.415
3.0192,19.0,4.917888563049853,1.0249266862170088,1948.0,2.8563049853372435,32.79,-116.93,1.423
4.2222,28.0,6.304477611940299,1.0835820895522388,1011.0,3.017910447761194,36.54,-119.48,1.089
1.725,33.0,5.068027210884353,1.1473922902494331,1165.0,2.6417233560090705,40.88,-124.15,0.575
3.0,13.0,6.177285318559557,1.2271468144044322,920.0,2.548476454293629,37.49,-119.9,1.12
3.7143,52.0,4.859154929577465,0.9577464788732394,847.0,2.982394366197183,37.72,-122.44,2.6
3.1187,25.0,5.905292479108635,1.0612813370473535,588.0,1.637883008356546,33.01,-117.07,1.694
1.5714,31.0,4.639908256880734,1.0756880733944951,1073.0,2.4610091743119265,39.5,-121.57,0.561
2.7284,24.0,4.897400820793433,1.00547195622435,1959.0,2.679890560875513,38.27,-122.03,1.185
3.385,44.0,3.1832358674463936,1.044834307992203,741.0,1.4444444444444444,33.76,-118.14,4.083
3.7804,27.0,5.772466539196941,0.9579349904397706,1580.0,3.0210325047801145,34.69,-118.12,1.135
3.25,38.0,5.978021978021978,0.978021978021978,240.0,2.6373626373626373,40.55,-124.13,0.948
3.587,20.0,6.027397260273973,1.0767123287671232,996.0,2.728767123287671,35.33,-120.8,3.3
2.875,43.0,4.779467680608365,1.182509505703422,671.0,2.5513307984790874,34.43,-119.69,2.806
3.9914,3.0,6.205776173285199,1.0884476534296028,1602.0,2.891696750902527,38.66,-121.46,1.205
4.2206,40.0,5.164835164835165,0.934065934065934,932.0,3.413919413919414,33.98,-118.06,1.78
5.8722,34.0,5.734939759036145,0.9116465863453816,890.0,3.57429718875502,34.05,-117.95,2.048
2.9125,32.0,8.057416267942584,1.7177033492822966,454.0,2.172248803827751,39.17,-120.15,1.458
5.8305,24.0,6.181146025878004,0.9815157116451017,1768.0,3.268022181146026,37.25,-121.82,2.456
5.0016,19.0,5.531431897555297,1.029685681024447,6370.0,3.70779976717113,34.19,-119.2,2.185
3.3015,33.0,4.334728033472803,1.122733612273361,1895.0,2.6429567642956764,37.48,-122.23,2.677
4.2411,27.0,6.436708860759493,1.0791139240506329,768.0,2.430379746835443,35.27,-120.65,2.589
3.3156,42.0,4.202830188679245,0.9575471698113208,525.0,2.4764150943396226,36.59,-121.85,1.863
10.8289,9.0,6.825027685492802,1.1118493909191585,1912.0,2.1173864894795127,33.63,-117.87,5.00001
4.0132,5.0,26.51141552511416,4.703196347031963,569.0,2.598173515981735,34.25,-116.85,1.631
2.6875,22.0,5.889688249400479,1.1894484412470023,1720.0,4.124700239808154,36.77,-119.69,0.606
2.3947,40.0,4.442190669371197,1.0060851926977687,1214.0,2.462474645030426,34.14,-117.28,0.819
2.6369,5.0,5.381526104417671,1.0080321285140563,1885.0,3.785140562248996,38.65,-121.45,1.1
5.7789,13.0,6.324242424242424,0.9484848484848484,1165.0,3.5303030303030303,32.63,-117.03,2.277
2.2452,35.0,6.136842105263158,1.0157894736842106,574.0,3.0210526315789474,38.6,-121.42,1.028
2.7072,37.0,9.21220930232558,2.0901162790697674,777.0,2.258720930232558,38.49,-122.94,1.171
4.4964,27.0,6.096551724137931,1.1137931034482758,1837.0,3.1672413793103447,34.28,-118.7,2.383
2.825,41.0,4.185185185185185,1.0555555555555556,1159.0,3.066137566137566,34.22,-118.44,1.686
1.0467,33.0,3.80622009569378,1.1148325358851674,1000.0,2.392344497607656,38.61,-121.44,0.701
3.8438,37.0,5.035046728971962,1.0420560747663552,1255.0,2.932242990654206,37.66,-122.41,2.507
3.75,18.0,5.7538644470868014,1.0915576694411415,2755.0,3.2758620689655173,38.5,-122.79,2.483
2.45,21.0,3.8515625,1.2604166666666667,658.0,1.7135416666666667,32.78,-117.25,3.5
7.2379,15.0,6.472222222222222,0.9409722222222222,1006.0,3.493055555555556,33.91,-117.6,2.51
2.6184,25.0,3.622950819672131,1.1454918032786885,983.0,2.014344262295082,33.88,-118.12,2.438
4.125,5.0,5.734177215189874,1.1835443037974684,1453.0,9.19620253164557,33.93,-118.07,1.719
3.3409,32.0,3.2549019607843137,1.0098039215686274,177.0,1.7352941176470589,33.9,-118.37,2.563
3.6398,27.0,5.952702702702703,1.0518018018018018,1455.0,3.277027027027027,38.21,-121.32,1.467
3.1389,14.0,4.578082191780822,1.0493150684931507,1079.0,2.956164383561644,34.4,-119.53,2.487
2.9511,17.0,3.5869336143308748,1.065331928345627,1694.0,1.7850368809272918,34.14,-118.14,2.823
4.1635,42.0,3.7222222222222223,0.9869281045751634,1283.0,4.19281045751634,33.95,-118.36,1.639
2.625,30.0,3.923841059602649,1.0496688741721854,1466.0,4.854304635761589,34.05,-117.74,0.943
10.2317,52.0,7.656593406593407,0.9697802197802198,1057.0,2.9038461538461537,34.11,-118.12,5.00001
6.6888,36.0,6.482213438735178,0.9446640316205532,693.0,2.739130434782609,34.16,-118.03,5.00001
2.9324,29.0,6.085106382978723,1.1453900709219855,850.0,3.0141843971631204,38.79,-121.51,1.375
6.1395,3.0,5.72522159548751,1.1756647864625305,3068.0,2.4721998388396456,33.68,-117.82,3.58
1.2292,36.0,4.833333333333333,1.0555555555555556,285.0,3.1666666666666665,38.59,-121.55,0.696
3.5114,52.0,6.372759856630824,1.146953405017921,795.0,2.849462365591398,33.97,-118.32,1.388
5.0,24.0,4.492753623188406,0.9528985507246376,690.0,2.5,37.29,-121.96,2.83
2.3295,42.0,5.46749226006192,1.065015479876161,1084.0,3.3560371517027865,36.97,-120.55,0.744
2.59,45.0,5.471111111111111,1.1311111111111112,1587.0,3.526666666666667,37.74,-122.4,2.118
4.445,52.0,5.534591194968553,1.150943396226415,742.0,2.333333333333333,37.77,-122.43,4.0
3.8333,48.0,5.729468599033816,1.0289855072463767,487.0,2.3526570048309177,37.74,-122.49,3.408
2.8727,25.0,4.365346534653465,1.007920792079208,4579.0,4.533663366336634,34.23,-118.55,2.451
3.5903,35.0,3.676767676767677,1.0168350168350169,962.0,3.239057239057239,33.91,-118.33,1.833
4.475,47.0,5.628571428571429,1.0952380952380951,1083.0,3.4380952380952383,37.72,-122.45,2.212
5.9214,20.0,6.91684434968017,1.1087420042643923,1769.0,3.771855010660981,37.27,-121.81,2.24
8.0409,8.0,7.483050847457627,0.96045197740113,1238.0,3.4971751412429377,33.59,-117.65,3.379
3.6811,34.0,4.916158536585366,1.1067073170731707,1958.0,2.984756097560976,37.6,-122.31,2.73
2.995,18.0,4.75098814229249,0.984189723320158,1531.0,3.025691699604743,37.81,-121.21,1.243
3.8819,44.0,4.395348837209302,1.0813953488372092,1378.0,3.204651162790697,33.85,-118.18,1.432
3.567,52.0,4.550632911392405,1.0253164556962024,1340.0,2.1202531645569622,37.76,-122.25,2.529
2.8698,23.0,5.475471698113208,1.1018867924528302,1052.0,3.969811320754717,37.38,-120.73,0.729
1.6632,27.0,4.864457831325301,1.069277108433735,1380.0,4.156626506024097,35.35,-118.99,0.498
5.1512,2.0,8.834824501032347,1.2677219545767378,4636.0,3.1906400550585,33.9,-117.33,1.878
1.9597,52.0,2.839160839160839,1.097902097902098,821.0,1.9137529137529137,32.73,-117.16,2.0
4.375,25.0,6.566666666666666,1.0507936507936508,1905.0,3.023809523809524,32.75,-116.98,2.14
3.7454,33.0,5.139689578713969,1.0288248337028825,1904.0,4.221729490022173,34.02,-117.74,1.164
2.4688,40.0,3.647230320699709,0.979591836734694,729.0,2.1253644314868803,33.79,-117.85,2.364
2.9571,18.0,4.968790637191157,1.033810143042913,2831.0,3.681404421326398,33.77,-118.3,3.462
6.1946,27.0,5.861486486486487,0.9673423423423424,2363.0,2.661036036036036,34.27,-118.27,2.761
3.3977,34.0,5.1611721611721615,1.1172161172161172,819.0,3.0,34.07,-117.93,1.888
3.125,42.0,4.012820512820513,0.9166666666666666,625.0,4.006410256410256,33.98,-118.22,1.663
3.6875,23.0,5.077010192525481,1.0124575311438275,2136.0,2.419026047565119,35.4,-118.95,1.017
4.6957,13.0,6.189751801441153,1.088871096877502,2543.0,2.0360288230584467,38.42,-122.61,2.598
3.6354,7.0,6.307152875175316,1.1654978962131837,2248.0,3.152875175315568,33.66,-116.31,0.98
1.8396,44.0,4.775628626692456,1.0986460348162477,1363.0,2.636363636363636,34.13,-117.28,0.771
6.3568,18.0,6.582018927444795,0.9858044164037856,1649.0,2.6009463722397475,33.49,-117.68,2.943
3.9866,36.0,6.360128617363344,1.0836012861736335,834.0,2.6816720257234725,34.2,-118.32,2.944
4.0333,16.0,14.671328671328672,3.13986013986014,342.0,2.391608391608392,34.13,-116.98,1.339
1.2863,52.0,2.7590361445783134,0.891566265060241,1283.0,7.728915662650603,32.7,-117.15,0.863
2.8071,14.0,6.011834319526627,1.2958579881656804,443.0,2.621301775147929,33.48,-116.89,1.375
4.1667,35.0,5.276951672862453,1.100371747211896,1413.0,2.62639405204461,34.23,-118.25,2.712
1.5223,33.0,4.722222222222222,1.0268199233716475,2030.0,3.888888888888889,36.54,-119.38,0.518
1.8315,28.0,4.510204081632653,1.0790816326530612,1066.0,2.7193877551020407,37.67,-120.99,0.905
5.0929,41.0,5.63265306122449,1.0,495.0,2.5255102040816326,34.19,-118.47,2.25
2.9926,25.0,4.634490238611714,1.0466377440347072,2946.0,3.195227765726681,33.74,-117.91,1.832
3.9054,7.0,5.655263157894737,1.050657894736842,4893.0,3.219078947368421,35.3,-119.01,0.809
3.125,30.0,3.791970802919708,1.1058394160583942,606.0,2.2116788321167884,34.03,-118.44,3.438
1.7969,19.0,4.655367231638418,1.03954802259887,557.0,1.573446327683616,36.81,-119.71,0.728
2.2328,34.0,3.226973684210526,1.0296052631578947,508.0,1.6710526315789471,32.75,-117.28,2.667
12.3411,4.0,7.472103004291846,0.965665236051502,811.0,3.48068669527897,33.64,-117.81,5.00001
2.444,17.0,3.921158487530169,1.0852775543041029,5032.0,4.04827031375704,33.71,-116.23,0.9
5.1221,4.0,6.176178660049628,1.0252274607113316,6945.0,2.872208436724566,32.75,-116.94,2.297
3.7396,30.0,4.628301886792453,1.0811320754716982,1845.0,3.481132075471698,37.36,-121.88,2.107
5.3988,8.0,7.043478260869565,1.0253623188405796,814.0,2.949275362318841,37.05,-120.84,1.655
1.5132,28.0,2.567219152854512,1.0718232044198894,716.0,1.3186003683241252,34.02,-118.49,4.5
3.73,11.0,3.151012891344383,0.9079189686924494,1094.0,2.014732965009208,37.32,-121.96,2.277
3.2946,52.0,3.714592274678112,1.0772532188841202,849.0,1.821888412017168,34.09,-118.34,3.216
3.3906,35.0,4.88,1.0552380952380953,1398.0,2.662857142857143,37.7,-122.18,1.789
4.3702,7.0,7.409893992932862,1.1890459363957595,1355.0,2.393992932862191,39.24,-121.21,2.261
5.2949,33.0,5.641952983725136,1.0886075949367089,1155.0,2.088607594936709,33.6,-117.87,5.00001
1.0962,11.0,4.092651757188499,0.9297124600638976,861.0,2.7507987220447285,36.19,-119.32,0.723
2.1974,22.0,3.141025641025641,1.1117216117216118,3618.0,3.3131868131868134,34.22,-118.48,0.938
4.125,37.0,5.525,0.975,612.0,2.55,32.63,-117.06,1.602
2.978,41.0,4.01747572815534,1.0970873786407769,1859.0,1.8048543689320389,34.11,-118.27,3.068
3.8954,27.0,5.5548523206751055,1.0242616033755274,2432.0,2.5654008438818567,38.67,-121.23,1.33
5.3847,32.0,6.149681528662421,0.9490445859872612,948.0,3.0191082802547773,34.27,-118.53,3.292
5.8518,23.0,5.751807228915663,1.0072289156626506,1008.0,2.4289156626506023,33.87,-118.38,3.379
2.8977,35.0,4.622377622377623,0.993006993006993,720.0,5.034965034965035,34.02,-118.18,1.425
3.625,28.0,3.9756888168557536,1.0502431118314424,1082.0,1.753646677471637,32.79,-117.23,2.667
1.4366,18.0,4.5588793922127255,1.1400759734093069,4002.0,1.9002849002849005,33.75,-116.99,0.77
6.1008,37.0,7.157439446366782,1.1003460207612457,1569.0,2.7145328719723185,37.39,-121.82,2.862
3.5556,35.0,4.8475,1.03,1036.0,2.59,33.88,-118.31,2.38
6.3794,35.0,6.827715355805244,1.0337078651685394,1409.0,2.6385767790262173,34.2,-118.21,5.00001
3.4827,11.0,5.072098053352559,1.0490266762797404,3525.0,2.541456380677721,35.32,-119.05,0.936
7.9283,13.0,7.703016241299304,0.988399071925754,1432.0,3.3225058004640373,33.59,-117.69,3.481
2.9559,22.0,5.909937888198757,1.0869565217391304,760.0,2.360248447204969,37.02,-121.83,2.884
5.4605,31.0,5.436813186813187,0.9986263736263736,1924.0,2.642857142857143,32.83,-117.22,1.902
3.2279,28.0,5.731578947368421,0.9421052631578948,544.0,2.863157894736842,35.51,-119.27,0.958
1.6023,32.0,3.878787878787879,1.0696969696969696,1335.0,4.045454545454546,32.7,-117.14,0.773
9.0704,36.0,7.252272727272727,0.9772727272727272,1234.0,2.8045454545454547,37.23,-122.0,5.00001
2.5673,48.0,3.683962264150944,1.035377358490566,1469.0,3.464622641509434,37.35,-121.89,1.775
3.814,6.0,4.169836956521739,1.0190217391304348,1541.0,2.09375,32.92,-117.14,1.325
6.9391,52.0,8.244725738396625,1.0337552742616034,645.0,2.721518987341772,34.11,-118.3,5.00001
3.4231,42.0,5.136094674556213,1.1301775147928994,1703.0,3.358974358974359,37.73,-122.41,2.302
1.75,45.0,4.205607476635514,1.0093457943925233,1798.0,2.4005340453938584,37.93,-122.37,0.379
5.6876,17.0,6.348265895953757,1.0245664739884393,2292.0,3.3121387283237,37.27,-121.86,2.465
1.9286,33.0,3.912772585669782,1.031152647975078,1315.0,4.0965732087227416,32.71,-117.12,0.785
2.2788,28.0,4.792626728110599,0.9838709677419356,1266.0,2.91705069124424,32.63,-117.08,1.463
2.6014,15.0,4.099201824401368,1.0992018244013684,1839.0,2.096921322690992,34.14,-117.97,1.503
5.0391,28.0,5.867796610169491,1.0,810.0,2.7457627118644066,37.91,-122.07,2.598
6.4678,21.0,7.325490196078431,1.0509803921568628,522.0,2.047058823529412,34.71,-120.45,2.493
5.0393,45.0,6.229461756373937,1.0141643059490084,942.0,2.668555240793201,34.16,-118.09,3.211
2.2417,30.0,3.420135527589545,1.027105517909003,2678.0,2.5924491771539206,33.85,-118.19,1.519
2.8859,44.0,5.610062893081761,0.8742138364779874,440.0,2.767295597484277,33.91,-118.26,1.208
3.125,44.0,4.11328125,0.98046875,941.0,3.67578125,34.08,-118.15,2.056
1.5292,36.0,4.667519181585678,1.051150895140665,1226.0,3.135549872122762,38.54,-121.46,0.557
5.1068,35.0,5.534124629080119,0.9940652818991098,1074.0,3.1869436201780417,34.25,-118.48,2.233
4.9292,17.0,6.802884615384615,1.0336538461538465,1035.0,2.487980769230769,34.71,-120.46,2.072
4.8702,33.0,7.047297297297297,1.0608108108108107,425.0,2.871621621621621,37.95,-122.08,2.356
2.1864,29.0,4.031626506024097,1.0406626506024097,1880.0,2.8313253012048194,38.43,-122.73,1.432
3.4911,26.0,5.915119363395226,1.0875331564986737,1155.0,3.0636604774535807,38.7,-121.37,0.882
2.9881,28.0,4.346055979643766,1.0,816.0,2.076335877862596,32.78,-117.09,1.653
1.7451,23.0,3.6473477406679766,1.0589390962671903,2194.0,2.155206286836936,38.6,-121.42,0.896
2.2578,43.0,4.059625212947189,1.0340715502555369,962.0,1.6388415672913117,32.74,-117.15,2.636
1.0472,15.0,5.088,1.112,1383.0,3.688,36.72,-119.8,0.578
3.0341,11.0,4.854469854469855,1.0467775467775469,2430.0,2.525987525987526,38.43,-122.74,1.423
4.6923,37.0,5.271493212669683,0.9502262443438914,627.0,2.83710407239819,33.95,-118.01,1.81
1.4524,42.0,3.5231316725978647,1.0284697508896796,1167.0,4.153024911032029,34.01,-118.27,1.268
7.5,14.0,7.402810304449648,1.0624512099921937,4108.0,3.2068696330991413,37.13,-121.6,3.445
4.233,34.0,4.99436090225564,0.9680451127819548,1948.0,3.661654135338346,34.32,-118.43,1.574
2.0391,28.0,4.716216216216216,1.0243243243243243,1011.0,2.7324324324324323,40.68,-122.36,0.598
2.1792,18.0,4.559766763848397,0.9912536443148688,1161.0,3.3848396501457727,32.79,-115.69,0.552
3.7014,24.0,5.493408662900189,1.0225988700564972,1878.0,3.536723163841808,38.15,-122.25,1.236
2.3125,38.0,4.45,0.95,196.0,3.2666666666666666,39.12,-123.19,0.7
4.5096,21.0,5.956958393113343,1.0086083213773314,2255.0,3.235294117647059,32.85,-116.91,1.595
3.287,31.0,3.894502228826152,1.050520059435364,1632.0,2.424962852897474,34.04,-118.46,3.481
10.3682,37.0,8.077922077922079,1.1233766233766234,394.0,2.5584415584415585,33.61,-117.92,5.00001
2.4727,19.0,3.772296015180266,1.127134724857685,1399.0,2.6546489563567364,34.25,-118.29,1.75
1.2276,21.0,3.780185758513932,1.1130030959752322,1916.0,2.9659442724458205,33.75,-118.28,2.083
1.6111,26.0,3.6561338289962815,1.072490706319703,692.0,1.2862453531598512,33.76,-118.08,0.543
5.5362,30.0,5.498666666666667,1.056,1089.0,2.904,34.22,-118.25,3.012
1.8,5.0,3.6666666666666665,0.9607843137254902,207.0,4.0588235294117645,33.75,-117.86,1.542
2.5038,39.0,4.970822281167108,1.090185676392573,822.0,2.180371352785146,39.14,-121.63,0.683
10.3893,18.0,6.75,0.9722222222222222,316.0,2.925925925925926,33.62,-117.85,5.00001
1.675,34.0,3.28099173553719,1.0909090909090908,250.0,2.066115702479338,33.99,-118.34,1.667
3.1801,29.0,5.757183908045977,1.0057471264367817,1576.0,2.264367816091954,34.05,-117.17,1.493
2.3083,20.0,5.485776805251641,1.262582056892779,1072.0,2.3457330415754925,38.96,-122.63,0.602
4.6758,21.0,5.451063829787234,1.0156028368794323,1850.0,2.624113475177305,37.26,-121.94,2.642
3.6572,26.0,4.160797342192691,1.0930232558139534,3001.0,1.9940199335548168,34.14,-118.1,2.132
3.6563,18.0,10.447852760736197,2.208588957055215,354.0,2.1717791411042944,39.17,-120.18,1.469
2.375,48.0,3.6,0.9,485.0,4.409090909090909,34.01,-118.24,1.075
3.1053,12.0,3.942446043165468,0.8633093525179856,1175.0,4.226618705035971,37.92,-121.29,0.731
1.9943,27.0,5.177290836653387,1.0,1241.0,2.4721115537848606,39.37,-121.67,0.863
5.2815,30.0,6.392434988179669,1.0070921985815602,1289.0,3.0472813238770686,33.69,-117.91,2.295
4.8283,4.0,6.795894428152493,1.0533724340175954,5804.0,3.4041055718475075,34.13,-117.42,1.419
2.4667,21.0,5.118421052631579,1.0328947368421053,1140.0,3.75,37.93,-121.31,0.814
3.371,17.0,4.04969696969697,0.9733333333333334,3381.0,4.098181818181819,33.76,-117.93,1.618
2.9877,5.0,4.46780303030303,1.0795454545454546,2564.0,2.428030303030303,34.17,-117.33,1.199
6.3443,39.0,5.508130081300813,0.8699186991869918,682.0,2.772357723577236,37.62,-122.42,3.247
5.6047,34.0,5.369565217391305,0.9402173913043478,759.0,4.125,33.81,-117.92,2.051
2.5208,52.0,3.9081632653061225,1.0357142857142858,448.0,2.2857142857142856,37.4,-122.08,3.167
3.7036,52.0,5.11353711790393,1.0,1170.0,2.554585152838428,37.77,-122.49,3.692
4.5461,42.0,5.629032258064516,1.0725806451612905,1713.0,2.7629032258064514,34.16,-118.08,2.424
4.0118,8.0,4.4335812964930925,1.0860786397449522,2585.0,2.747077577045696,33.06,-117.28,2.458
8.7591,4.0,7.422045680238332,1.0297914597815292,2969.0,2.948361469712016,33.5,-117.7,4.347
3.1667,36.0,4.6318407960199,0.7960199004975125,746.0,3.711442786069652,34.05,-117.97,1.58
2.6713,28.0,3.879432624113475,1.0656028368794326,1847.0,1.6374113475177303,34.08,-118.37,3.125
3.6458,33.0,5.143176733780761,0.96420581655481,1049.0,2.3467561521252795,33.93,-117.99,2.081
4.8125,31.0,4.684331797235023,1.095622119815668,1532.0,1.7649769585253456,34.04,-118.49,5.00001
2.5455,47.0,3.194690265486725,1.0398230088495577,930.0,4.115044247787611,34.05,-118.21,1.143
3.875,19.0,4.951754385964913,1.131578947368421,900.0,3.947368421052632,34.02,-117.95,1.356
1.3929,29.0,3.1927554980595083,1.1177231565329884,1335.0,1.7270375161707632,37.8,-122.25,1.938
3.1389,31.0,5.374631268436578,1.1002949852507375,2229.0,3.2876106194690267,38.02,-121.87,1.178
4.2204,29.0,5.8457223001402525,1.040673211781206,2096.0,2.9396914446002804,32.63,-117.06,1.698
3.6719,43.0,4.482084690553746,1.0504885993485342,1674.0,2.726384364820847,33.86,-118.18,1.613
2.9375,44.0,4.532846715328467,0.9854014598540146,811.0,2.95985401459854,33.98,-118.3,0.952
3.864,24.0,5.444714459295262,1.094775212636695,2398.0,2.913730255164034,33.96,-117.41,1.234
2.5,23.0,4.902127659574468,1.1617021276595745,1077.0,4.582978723404255,33.63,-116.2,0.963
3.287,19.0,3.668181818181818,1.043939393939394,1726.0,2.6151515151515152,33.9,-118.3,1.814
4.1947,26.0,4.974960876369327,1.1001564945226916,2142.0,3.352112676056338,37.53,-121.98,2.227
3.6354,17.0,5.457380457380458,1.0644490644490645,1487.0,3.091476091476092,36.84,-121.38,2.212
1.4619,32.0,4.004444444444444,1.0118518518518518,2682.0,3.973333333333333,35.6,-119.33,0.605
4.5278,16.0,5.934065934065934,0.912087912087912,507.0,2.7857142857142856,38.01,-121.36,1.669
6.8869,6.0,7.382384532760472,1.0300751879699248,2354.0,2.5284640171858217,38.51,-121.06,2.631
3.0083,25.0,3.3438661710037176,1.0353159851301117,3416.0,6.349442379182156,33.74,-117.88,1.635
4.8816,38.0,5.782352941176471,1.088235294117647,513.0,3.0176470588235293,34.25,-118.38,2.315
2.875,29.0,4.182065217391305,1.0679347826086956,1460.0,1.983695652173913,33.77,-118.16,2.325
3.8235,10.0,5.34593837535014,1.0070028011204482,1686.0,2.361344537815126,36.32,-119.35,0.946
1.8432,28.0,4.302788844621514,1.1872509960159363,524.0,2.087649402390438,34.44,-119.75,3.273
4.375,16.0,4.908564814814815,1.0324074074074074,1771.0,2.0497685185185186,32.82,-117.11,1.665
5.806,16.0,6.872516556291391,1.054635761589404,1558.0,2.5794701986754967,33.85,-117.8,3.049
4.5,14.0,5.227043390514631,1.060544904137235,1639.0,1.6538849646821392,33.03,-117.05,2.222
3.8056,21.0,5.881516587677726,1.1753554502369667,746.0,3.5355450236966823,34.47,-120.05,4.25
2.875,34.0,5.218354430379747,1.0221518987341771,919.0,2.9082278481012658,36.76,-119.87,0.745
2.652,17.0,5.248543689320388,1.0679611650485437,1241.0,2.4097087378640776,38.3,-122.48,1.713
4.4561,28.0,5.464367816091954,1.07816091954023,1068.0,2.4551724137931035,37.92,-122.08,2.5
3.3594,22.0,5.623115577889447,1.105527638190955,565.0,2.8391959798994977,37.92,-122.32,1.869
1.7344,47.0,4.384615384615385,0.9938461538461538,949.0,2.92,36.76,-119.78,0.513
3.6645,16.0,6.014018691588785,1.030373831775701,1041.0,2.432242990654206,38.47,-121.13,2.034
4.75,46.0,6.079601990049751,0.9875621890547264,952.0,2.3681592039800994,37.54,-122.31,3.882
4.0801,27.0,5.126516464471404,1.1351819757365684,1285.0,2.2270363951473136,37.52,-122.28,3.978
3.108,44.0,4.202,0.992,1038.0,2.076,33.78,-118.14,2.179
4.0938,5.0,6.28125,1.0658482142857142,9509.0,3.5375744047619047,33.92,-117.22,1.309
2.0313,41.0,4.141592920353983,1.1371681415929205,913.0,4.039823008849558,33.93,-118.28,1.226
4.2411,41.0,4.637450199203188,1.0557768924302788,561.0,2.235059760956175,34.03,-118.44,3.509
3.9,14.0,6.353932584269663,1.0842696629213484,520.0,2.9213483146067416,39.05,-121.19,1.804
1.6728,37.0,5.0,1.1084745762711865,946.0,3.206779661016949,35.37,-118.95,0.554
2.694,28.0,4.35251798561151,1.087769784172662,1328.0,1.9107913669064749,32.76,-117.14,1.641
5.8752,20.0,6.157667386609071,1.0583153347732182,1192.0,2.57451403887689,33.66,-117.81,2.742
2.5719,32.0,4.370253164556962,1.0316455696202531,2677.0,4.235759493670886,33.9,-118.19,1.056
4.2472,36.0,5.632768361581921,1.0338983050847457,1793.0,2.5324858757062145,37.7,-122.54,2.925
2.9083,32.0,5.586056644880174,1.1176470588235294,1198.0,2.610021786492375,37.8,-120.99,1.134
4.8194,37.0,4.98989898989899,0.8686868686868687,253.0,2.555555555555556,38.63,-121.37,1.411
1.9779,15.0,5.79149377593361,1.191908713692946,2709.0,2.8101659751037342,34.15,-116.39,0.733
2.7802,22.0,4.292537313432836,1.0865671641791044,1325.0,3.955223880597015,34.07,-117.97,1.625
3.3882,44.0,7.325301204819277,1.3012048192771084,287.0,3.4578313253012047,38.02,-121.2,1.25
3.7454,35.0,5.6298076923076925,1.0240384615384617,2176.0,5.230769230769231,34.05,-117.98,1.569
2.6328,11.0,4.129438717067584,1.0080183276059564,3637.0,4.166093928980527,33.89,-118.17,1.607
4.5812,18.0,6.066666666666666,1.0256410256410255,2975.0,3.051282051282051,36.8,-121.64,2.552
5.2668,32.0,6.31024531024531,0.9855699855699857,2040.0,2.9437229437229435,34.23,-118.49,2.423
3.875,49.0,4.933701657458563,0.9779005524861878,468.0,2.585635359116022,37.78,-122.17,1.406
1.5827,35.0,5.273838630806846,1.078239608801956,1009.0,2.466992665036675,39.16,-121.56,0.63
2.3393,19.0,3.6070359281437128,1.1167664670658684,2572.0,1.9251497005988023,32.77,-117.03,1.182
1.3329,40.0,4.28021978021978,1.0208791208791208,1782.0,1.9582417582417584,40.58,-122.4,0.782
2.5192,47.0,5.721393034825871,1.2139303482587065,552.0,2.746268656716418,39.46,-123.84,1.104
1.275,19.0,4.226973684210527,1.3486842105263157,1431.0,2.3536184210526314,32.8,-114.55,0.561
8.2653,4.0,7.231265108783239,1.0217566478646254,3754.0,3.024979854955681,33.79,-117.76,3.74
4.2719,20.0,3.5479338842975205,1.0512396694214876,2389.0,1.9743801652892563,37.38,-122.06,2.708
1.4668,40.0,5.010752688172043,1.114695340501792,788.0,2.824372759856631,40.79,-124.18,0.646
2.5125,52.0,3.7231503579952254,1.0763723150357996,700.0,1.6706443914081146,37.97,-122.53,2.708
1.4224,33.0,1.819277108433735,1.0,380.0,4.578313253012048,33.98,-118.19,1.896
1.9356,41.0,4.490140845070423,1.0338028169014084,1074.0,3.0253521126760563,37.76,-122.17,0.906
3.3562,40.0,4.6567567567567565,1.0,1221.0,3.3,33.98,-118.06,1.692
6.2558,16.0,6.140540540540541,1.0594594594594595,481.0,2.6,32.76,-115.39,1.463
2.8024,16.0,3.5517241379310347,1.0392390011890609,4241.0,5.042806183115339,37.33,-121.85,1.279
0.9946,30.0,3.3317073170731706,1.1219512195121952,920.0,2.2439024390243905,33.91,-118.08,1.599
2.345,38.0,2.3833333333333333,0.94,1174.0,3.9133333333333336,34.06,-118.26,2.25
4.7986,18.0,6.130890052356021,1.0523560209424083,1264.0,3.3089005235602094,34.03,-117.33,1.237
4.625,16.0,3.75,0.375,49.0,6.125,34.17,-117.27,2.5
2.5417,22.0,3.103448275862069,1.0251989389920424,2226.0,2.952254641909814,34.13,-118.25,2.175
4.1378,24.0,4.582306830907055,1.0,2819.0,3.156774916013438,33.83,-118.29,2.165
2.5,28.0,6.263513513513513,1.114864864864865,542.0,3.6621621621621614,38.69,-121.43,0.962
4.625,42.0,5.304878048780488,1.0365853658536586,546.0,3.3292682926829267,34.12,-118.0,1.738
5.7657,26.0,5.431192660550459,1.0321100917431192,815.0,3.738532110091743,37.41,-122.07,3.223
2.2552,14.0,2.429292929292929,1.1691919191919191,2226.0,2.810606060606061,34.07,-118.28,2.659
3.1801,29.0,4.814814814814815,1.0916179337231968,1589.0,3.097465886939572,33.79,-117.99,1.905
5.1769,18.0,6.107806691449814,1.0520446096654277,1134.0,4.215613382899628,32.7,-117.02,1.33
1.9797,19.0,5.589958158995816,1.1548117154811717,1298.0,2.715481171548117,41.8,-124.3,0.858
2.3382,19.0,4.05989110707804,1.0526315789473684,1438.0,2.6098003629764066,37.97,-122.34,1.207
2.3105,26.0,2.778265642151482,1.12788144895719,4533.0,2.487925356750824,34.07,-118.31,1.667
3.2216,20.0,5.371428571428571,1.0904761904761904,621.0,2.9571428571428573,39.05,-122.91,0.935
3.2857,37.0,5.12,1.1511111111111112,981.0,4.36,33.89,-118.08,1.536
4.9312,46.0,6.052380952380952,1.1238095238095238,573.0,2.7285714285714286,34.2,-118.13,2.402
3.3214,43.0,4.264770240700219,1.0153172866520788,1216.0,2.660831509846827,34.04,-118.14,2.093
10.7372,18.0,9.016112789526687,1.081570996978852,3011.0,3.0322255790533736,37.86,-122.0,5.00001
3.556,52.0,4.342105263157895,1.0394736842105263,841.0,2.213157894736842,37.88,-122.29,1.793
4.3125,46.0,6.135135135135135,0.963963963963964,531.0,2.391891891891892,33.83,-118.17,2.905
2.0441,15.0,4.064638783269962,1.1254752851711027,569.0,2.1634980988593155,35.06,-118.15,0.733
3.0,35.0,3.6141479099678455,0.9887459807073956,1762.0,2.832797427652733,34.08,-118.12,2.539
7.866,36.0,6.656957928802589,1.064724919093851,658.0,2.129449838187702,33.56,-117.79,5.00001
7.2118,13.0,6.524752475247524,1.0297029702970295,1137.0,2.8143564356435644,33.68,-117.79,3.115
2.1382,21.0,5.668498168498169,1.2472527472527473,1341.0,2.456043956043956,38.28,-120.65,1.04
1.3929,52.0,5.0,0.9534883720930232,126.0,2.9302325581395348,37.92,-122.36,1.042
4.6821,8.0,5.393305439330544,0.9832635983263598,867.0,3.627615062761506,37.82,-121.23,1.385
3.4836,27.0,3.5549412577747064,1.0234968901174843,2518.0,1.7401520387007603,37.58,-122.33,2.879
3.075,25.0,4.3259668508287294,0.9723756906077348,784.0,2.165745856353591,38.35,-122.5,1.651
15.0001,14.0,8.35423197492163,1.037617554858934,964.0,3.0219435736677114,33.72,-118.06,5.00001
3.0533,19.0,4.937190082644628,1.034710743801653,1610.0,2.6611570247933884,38.67,-121.21,1.121
3.9054,14.0,4.088397790055248,1.0441988950276244,1681.0,1.8574585635359115,34.16,-118.25,2.0
5.359,16.0,8.116279069767442,1.7209302325581397,120.0,2.7906976744186047,32.97,-116.67,1.938
3.2917,27.0,4.435114503816794,1.0305343511450382,647.0,4.938931297709924,33.93,-118.25,0.831
3.7143,9.0,5.450847457627119,1.006779661016949,1057.0,3.583050847457628,37.02,-120.09,0.816
3.2642,31.0,4.397260273972603,1.1213307240704502,1711.0,3.348336594911937,37.46,-122.13,1.856
2.9107,27.0,5.807339449541284,1.135321100917431,1305.0,2.993119266055046,34.06,-117.42,1.431
3.975,18.0,3.9081632653061225,0.9591836734693876,487.0,4.969387755102041,33.8,-117.99,1.625
1.4423,32.0,4.090753424657534,1.1164383561643836,1672.0,2.863013698630137,37.93,-122.34,0.883
1.6009,39.0,5.12183908045977,1.2459770114942528,1516.0,3.485057471264368,35.39,-118.99,0.488
3.045,36.0,5.140298507462687,1.0537313432835822,1174.0,3.5044776119402985,34.0,-118.09,1.606
2.4398,22.0,5.503105590062112,1.0745341614906831,595.0,3.695652173913044,37.09,-120.65,1.5
1.5479,31.0,4.14785373608903,1.0254372019077902,1796.0,2.855325914149444,37.06,-120.85,0.82
1.8667,50.0,4.715302491103203,0.99644128113879,811.0,2.886120996441281,36.74,-119.77,0.628
7.5196,31.0,7.358600583090379,1.0174927113702623,1003.0,2.924198250728863,34.08,-117.86,3.809
3.8421,37.0,4.379446640316205,0.982213438735178,2445.0,4.83201581027668,33.72,-117.87,1.74
3.2813,17.0,4.98014888337469,0.9925558312655088,895.0,2.220843672456576,38.43,-122.67,2.027
4.375,35.0,5.961672473867596,1.0470383275261324,1690.0,2.9442508710801394,34.23,-118.54,2.329
4.3636,33.0,5.510204081632653,1.0148423005565863,1869.0,3.467532467532468,33.81,-118.0,2.018
1.2034,52.0,5.582582582582583,1.1861861861861862,968.0,2.906906906906907,34.13,-117.3,0.795
3.4375,17.0,4.155555555555556,1.022222222222222,412.0,2.2888888888888888,37.4,-122.09,2.906
3.3438,29.0,5.803347280334728,0.98744769874477,671.0,2.807531380753138,33.63,-114.58,0.74
2.825,16.0,4.648464163822526,1.0119453924914676,1124.0,1.918088737201365,38.48,-122.66,1.862
5.7393,52.0,4.818627450980392,1.2058823529411764,578.0,2.833333333333333,34.06,-118.32,5.00001
3.3398,19.0,5.409944751381215,1.196685082872928,2150.0,2.3756906077348066,38.1,-121.7,0.897
2.5459,22.0,3.512236286919831,1.0075949367088608,1804.0,1.5223628691983122,37.94,-122.05,1.793
7.7852,12.0,4.038922155688622,1.0449101796407183,536.0,1.6047904191616766,37.81,-122.4,2.5
4.7344,18.0,3.554655870445344,1.0323886639676114,384.0,1.554655870445344,37.94,-122.53,2.0
3.9741,15.0,6.645652173913043,1.108695652173913,1154.0,2.508695652173913,34.06,-117.14,1.411
5.9224,24.0,6.349397590361446,1.0068846815834769,1898.0,3.2667814113597244,34.18,-118.94,2.394
2.4063,31.0,5.6,1.0266666666666666,429.0,2.86,37.73,-120.91,1.702
2.8919,52.0,5.140506329113924,1.089873417721519,2290.0,2.8987341772151898,34.1,-118.14,2.584
7.9029,37.0,6.247572815533981,0.9563106796116504,510.0,2.4757281553398056,37.45,-122.13,5.00001
2.1542,31.0,2.348993288590604,1.0033557046979866,1272.0,4.268456375838926,34.04,-118.29,1.281
2.3886,16.0,5.254716981132075,1.1622641509433962,1387.0,2.616981132075472,39.37,-121.24,0.894
1.9925,18.0,4.277207392197125,1.0390143737166324,926.0,1.9014373716632444,38.58,-122.57,2.25
2.2333,23.0,6.054313099041534,1.0862619808306708,749.0,2.3929712460063897,36.28,-119.29,1.201
4.95,45.0,5.507598784194529,1.0212765957446808,752.0,2.2857142857142856,37.5,-122.25,3.45
3.4031,15.0,5.286796536796537,1.0692640692640694,2175.0,2.353896103896104,38.3,-122.47,2.095
3.9531,17.0,5.505434782608695,1.0054347826086956,1297.0,2.3496376811594204,32.95,-117.05,1.786
3.6458,33.0,5.143176733780761,0.96420581655481,1049.0,2.3467561521252795,33.93,-117.99,2.081
1.9906,29.0,8.970967741935484,1.9903225806451608,890.0,2.870967741935484,38.88,-122.72,0.966
3.5104,29.0,26.46596858638744,5.424083769633508,410.0,2.1465968586387434,34.3,-116.99,1.571
5.1345,27.0,5.5,0.9741784037558684,1537.0,3.607981220657277,33.75,-117.98,2.106
3.5938,35.0,5.951742627345845,1.0402144772117965,906.0,2.428954423592493,35.38,-118.95,0.952
5.1993,36.0,5.219512195121951,0.8902439024390244,451.0,2.75,33.81,-118.1,2.46
5.7201,8.0,7.867768595041323,1.0537190082644627,895.0,3.698347107438016,38.03,-121.35,1.557
5.4288,6.0,6.50625,1.03125,1513.0,3.152083333333333,32.83,-116.83,1.678
3.1415,19.0,3.318077803203661,1.1647597254004576,746.0,1.7070938215102975,34.03,-118.39,0.55
2.325,32.0,6.344827586206897,1.088669950738916,562.0,2.768472906403941,39.78,-122.16,0.696
4.4306,14.0,5.355191256830601,0.9344262295081968,659.0,3.601092896174863,38.28,-121.33,1.701
3.625,36.0,5.108527131782946,1.0930232558139534,812.0,2.098191214470284,33.17,-117.35,1.98
1.808,26.0,3.92512077294686,1.0628019323671498,533.0,1.28743961352657,33.76,-118.09,0.585
1.8047,29.0,4.693679092382496,0.965964343598055,1809.0,2.9319286871961103,39.48,-121.54,0.538
2.625,33.0,3.9642857142857135,0.9972527472527472,2650.0,3.64010989010989,34.0,-118.11,1.787
5.6864,21.0,7.677777777777778,1.0083333333333333,902.0,2.5055555555555555,38.64,-121.25,2.587
1.1696,52.0,2.436,0.944,1349.0,5.396,37.87,-122.25,5.00001
3.6161,9.0,5.490079365079365,1.1964285714285714,2283.0,2.264880952380953,33.8,-116.45,0.991
4.3542,36.0,6.3112033195020745,1.049792531120332,736.0,3.0539419087136928,37.59,-122.5,2.375
2.9891,26.0,4.651394422310757,1.00398406374502,1121.0,2.233067729083665,33.82,-117.97,2.052
1.7614,25.0,5.19434628975265,1.204946996466431,706.0,2.494699646643109,37.53,-120.19,0.713
3.2788,26.0,5.604838709677419,1.0161290322580645,319.0,2.5725806451612905,40.48,-122.33,1.016
5.4155,5.0,7.117942283563362,1.0727728983688831,2592.0,3.2521957340025094,33.01,-116.84,1.992
6.011,9.0,7.831223628691983,1.0717299578059072,1632.0,3.4430379746835444,36.8,-119.67,1.631
5.0603,26.0,6.304,1.016,346.0,2.768,32.81,-117.17,1.857
2.1838,27.0,9.05511811023622,2.0,526.0,2.070866141732284,38.98,-122.68,1.097
6.0824,3.0,5.0904467853251,1.0392299309843809,7205.0,2.6171449328005814,37.52,-122.07,2.735
2.6042,46.0,4.489563567362429,1.0910815939278935,1647.0,3.1252371916508537,37.79,-122.22,1.247
1.9224,36.0,3.902542372881356,0.847457627118644,585.0,2.4788135593220337,37.92,-122.35,0.94
2.2045,41.0,5.122222222222222,1.1888888888888889,284.0,3.1555555555555554,39.48,-121.55,0.418
2.2422,33.0,4.064080944350759,1.0809443507588532,2106.0,3.551433389544688,33.97,-118.17,1.682
1.4146,22.0,4.314285714285714,1.088095238095238,1592.0,3.7904761904761903,35.39,-118.98,0.491
2.0074,20.0,5.284327323162275,1.0915395284327325,1993.0,2.764216366158114,41.75,-124.21,0.669
4.7703,52.0,5.070904645476773,0.980440097799511,1136.0,2.7775061124694376,37.75,-122.48,3.31
5.2039,24.0,5.693843594009984,0.9916805324459236,1763.0,2.933444259567388,34.4,-119.51,3.013
3.8185,27.0,5.326359832635983,0.9400278940027894,2447.0,3.4128312412831243,33.14,-117.06,1.372
2.8929,36.0,4.184549356223176,1.0429184549356223,809.0,3.4721030042918457,34.05,-117.73,1.181
2.0062,19.0,5.65,1.171875,758.0,2.36875,38.51,-121.39,0.92
4.1354,52.0,5.202868852459017,1.0184426229508197,1152.0,2.360655737704918,33.82,-118.17,2.682
1.1728,27.0,3.913924050632912,1.0506329113924051,1704.0,4.313924050632911,36.48,-119.44,0.417
3.6897,25.0,4.1437125748503,0.874251497005988,504.0,3.0179640718562872,38.57,-121.32,1.011
5.1507,34.0,6.257396449704142,1.0414201183431953,1253.0,3.707100591715976,33.77,-118.02,2.075
3.0208,38.0,5.605664488017429,1.0544662309368191,1568.0,3.416122004357298,34.0,-118.11,1.937
4.3816,28.0,4.87146529562982,1.0796915167095116,1422.0,3.6555269922879177,33.79,-118.28,1.913
3.395,17.0,3.701399688958009,1.1959564541213064,1216.0,1.8911353032659408,37.69,-122.13,2.713
6.6361,17.0,7.557562076749436,1.0857787810383748,1222.0,2.758465011286681,32.82,-116.75,3.086
3.8003,23.0,4.190885640584694,1.0756663800515909,2699.0,2.3207222699914016,37.42,-122.09,2.298
1.8413,28.0,5.041958041958042,1.1643356643356644,832.0,2.909090909090909,39.1,-121.57,0.623
1.9286,38.0,2.7142857142857144,0.9285714285714286,445.0,3.1785714285714284,34.08,-118.29,1.375
9.2327,19.0,8.118279569892474,1.014336917562724,904.0,3.240143369175627,33.88,-117.81,4.613
3.2566,36.0,4.926421404682274,1.096989966555184,785.0,2.6254180602006687,34.09,-117.72,1.518
8.9728,39.0,7.013201320132013,0.9735973597359736,862.0,2.844884488448845,34.14,-118.05,5.00001
4.4904,18.0,6.003120124804992,1.029121164846594,6296.0,3.2740509620384817,32.87,-117.0,1.504
5.0714,33.0,5.799319727891157,0.9914965986394558,1739.0,2.957482993197279,37.27,-121.9,2.556
1.9271,28.0,2.753623188405797,1.0347826086956522,1485.0,4.304347826086956,34.05,-118.21,1.364
0.8738,52.0,3.376470588235294,1.4,154.0,1.811764705882353,37.96,-121.29,0.75
4.6875,36.0,5.663265306122449,0.9897959183673468,721.0,2.452380952380953,33.81,-118.12,2.507
2.6715,35.0,5.06993006993007,0.8951048951048951,930.0,3.251748251748252,32.57,-117.12,1.333
4.1484,10.0,4.791907514450867,0.8439306358381503,447.0,2.5838150289017343,35.3,-119.03,1.029
4.6992,36.0,6.588014981273409,1.104868913857678,837.0,3.134831460674157,33.97,-118.13,2.519
4.9219,35.0,6.930232558139535,1.1686046511627908,535.0,3.11046511627907,37.98,-122.0,1.82
4.504,28.0,6.362433862433862,1.2222222222222223,1011.0,2.6746031746031744,34.24,-118.7,2.043
15.0001,46.0,8.365591397849462,0.967741935483871,238.0,2.5591397849462365,34.08,-118.43,5.00001
5.5591,16.0,6.043478260869565,0.991304347826087,1236.0,3.582608695652174,37.81,-121.23,1.493
2.5,22.0,4.916,1.012,733.0,2.932,38.57,-121.31,1.016
4.4766,24.0,5.670761670761671,1.1400491400491402,1101.0,2.705159705159705,33.71,-117.98,2.3
2.6509,25.0,3.74295010845987,1.1594360086767896,3136.0,1.700650759219089,34.05,-118.46,4.1
6.235,44.0,5.92972972972973,1.0054054054054054,513.0,2.772972972972973,33.97,-118.39,3.614
4.5268,42.0,5.045112781954887,1.093984962406015,551.0,2.071428571428572,37.89,-122.33,2.074
1.6645,35.0,4.144230769230769,1.0865384615384617,1494.0,4.788461538461538,34.05,-117.75,0.933
2.5809,52.0,4.700280112044818,1.0812324929971988,1220.0,3.417366946778712,37.75,-122.41,2.553
2.6742,27.0,3.87515299877601,1.0611995104039167,1332.0,1.6303549571603426,32.75,-117.15,1.714
7.3267,27.0,7.208037825059102,1.0055161544523246,3371.0,2.656422379826635,37.85,-122.14,3.899
2.2083,18.0,5.183908045977011,1.1206896551724137,771.0,4.431034482758621,36.84,-120.69,0.55
2.4526,23.0,4.332453825857519,1.0488126649076517,3257.0,4.296833773087071,33.81,-117.99,1.829
3.3409,34.0,5.0633333333333335,1.0133333333333334,1262.0,4.206666666666667,34.05,-117.94,1.612
2.0242,36.0,4.967105263157895,1.0328947368421053,625.0,4.1118421052631575,34.06,-117.33,0.65
2.25,17.0,3.860377358490566,1.0547169811320756,1585.0,2.990566037735849,32.58,-117.1,1.328
4.6484,25.0,4.813211845102506,0.9612756264236902,1365.0,3.1093394077448746,36.98,-121.99,2.346
2.4306,39.0,4.899209486166008,1.0691699604743083,1990.0,3.932806324110672,37.34,-121.87,2.891
3.108,27.0,4.365487674169346,1.0857449088960345,2411.0,2.584137191854233,34.1,-118.14,2.31
3.12,29.0,4.1925,1.0325,873.0,2.1825,34.13,-117.87,1.943
4.9292,17.0,6.802884615384615,1.0336538461538465,1035.0,2.487980769230769,34.71,-120.46,2.072
3.8259,33.0,5.2727272727272725,1.1454545454545455,729.0,3.3136363636363635,37.64,-122.06,1.461
3.2422,33.0,4.672199170124482,1.107883817427386,621.0,2.5767634854771786,32.74,-117.11,1.231
4.9766,24.0,5.841558441558441,0.9844155844155844,1015.0,2.636363636363636,33.91,-117.91,2.671
2.3636,32.0,3.633946830265849,1.096114519427403,1684.0,3.443762781186094,34.07,-118.28,1.9
3.3844,6.0,5.420807453416149,1.0201863354037266,2075.0,3.222049689440994,37.67,-120.93,1.385
2.875,46.0,0.8461538461538461,0.8461538461538461,24.0,1.8461538461538465,34.28,-118.44,1.625
1.5326,31.0,4.244111349036403,1.0599571734475377,1052.0,2.252676659528908,40.88,-124.09,0.741
5.347,22.0,6.751091703056769,1.042212518195051,2302.0,3.3508005822416305,37.72,-121.92,2.195
3.5893,46.0,5.3457330415754925,1.0415754923413567,939.0,2.054704595185996,38.57,-121.43,1.42
6.1825,33.0,6.961165048543689,0.9271844660194176,1204.0,2.9223300970873787,33.91,-117.92,3.369
1.925,43.0,2.3435582822085887,1.031441717791411,3920.0,3.0061349693251533,34.08,-118.29,3.0
1.4889,19.0,4.48074369189907,1.0730411686586985,1412.0,1.8751660026560424,38.55,-121.45,0.776
8.496,34.0,7.825970548862115,1.0508701472556894,1817.0,2.43239625167336,32.82,-117.26,5.00001
6.992,22.0,6.529202279202279,0.977920227920228,4319.0,3.076210826210826,37.55,-122.03,2.848
5.5737,35.0,5.430379746835443,0.9873417721518988,914.0,2.892405063291139,37.56,-122.02,2.145
3.707,29.0,5.08411214953271,1.0934579439252337,1632.0,3.8130841121495327,33.82,-117.96,1.804
3.9444,18.0,5.422087745839637,1.0816944024205748,1673.0,2.5310136157337366,37.54,-121.99,2.401
1.7308,52.0,4.231173380035027,1.0823117338003505,1150.0,2.0140105078809105,40.8,-124.16,0.805
5.5368,31.0,6.405959031657356,1.0689013035381751,1538.0,2.864059590316573,38.33,-122.23,3.259
2.5234,40.0,5.245098039215686,1.0294117647058822,335.0,3.284313725490196,37.96,-121.26,0.628
2.3545,33.0,3.62776025236593,1.2082018927444795,604.0,1.9053627760252363,33.43,-117.61,1.875
4.0221,16.0,5.594795539033457,1.0780669144981412,1649.0,3.0650557620817844,33.61,-117.69,2.362
3.3833,20.0,4.55524861878453,1.12707182320442,1729.0,4.776243093922652,37.29,-121.83,1.152
3.5125,10.0,7.090128755364807,1.356223175965665,725.0,3.111587982832618,33.65,-117.25,1.556
3.5486,4.0,6.208333333333333,1.305,1478.0,2.4633333333333334,36.37,-119.65,1.48
3.0221,28.0,4.5943012211668925,1.1058344640434192,2240.0,3.039348710990502,34.2,-118.43,2.901
4.0703,37.0,5.16010498687664,0.9133858267716536,875.0,2.2965879265091864,38.23,-122.63,2.238
3.2228,28.0,3.58004158004158,1.1143451143451144,1161.0,2.413721413721414,34.03,-118.39,2.325
2.8833,29.0,5.793911007025761,1.0608899297423888,1130.0,2.646370023419204,40.79,-124.13,0.83
10.5045,36.0,6.023668639053255,0.8757396449704142,329.0,1.9467455621301768,33.81,-118.38,5.00001
3.1483,26.0,3.947867298578199,1.046716316858497,4738.0,3.2078537576167907,33.65,-117.93,2.13
5.5842,13.0,5.039426523297491,0.931899641577061,737.0,2.6415770609319,33.08,-116.77,2.391
2.6221,18.0,4.679197994987469,1.0676691729323309,871.0,2.182957393483709,33.64,-117.94,2.72
2.6129,52.0,5.777777777777778,1.0857142857142856,601.0,1.907936507936508,34.05,-117.18,1.37
3.2656,29.0,5.621621621621622,1.0926640926640927,2188.0,4.223938223938224,34.11,-117.34,0.906
5.6346,36.0,6.154205607476635,1.0654205607476634,531.0,2.481308411214953,33.72,-117.6,2.725
5.1184,41.0,6.088235294117647,1.0411764705882354,804.0,2.364705882352941,37.8,-122.2,2.396
1.9132,31.0,2.899755501222494,0.9462102689486552,2087.0,5.102689486552567,33.99,-118.2,1.546
3.0625,24.0,4.305084745762712,1.0084745762711864,465.0,1.9703389830508475,33.62,-117.89,0.938
5.0866,45.0,5.710407239819005,1.009049773755656,637.0,2.8823529411764706,34.03,-118.42,4.273
3.3438,50.0,5.342857142857143,0.9428571428571428,130.0,3.7142857142857135,34.27,-118.85,5.00001
2.0096,36.0,2.294016358157555,1.066293585880327,3469.0,1.493327593628928,37.8,-122.26,1.3
1.1553,12.0,4.238888888888889,1.1314814814814815,919.0,1.701851851851852,38.54,-122.81,1.393
4.8929,36.0,5.0,1.0790513833992097,1052.0,4.158102766798419,33.97,-118.07,1.562
3.4762,52.0,5.305084745762712,1.0932203389830508,979.0,2.074152542372881,37.76,-122.24,2.44
3.3438,37.0,4.630036630036631,1.0036630036630036,783.0,2.868131868131868,33.75,-117.98,1.996
5.7485,26.0,5.366666666666666,0.9,1542.0,51.4,37.89,-121.29,1.625
7.652,36.0,6.392572944297083,0.9575596816976129,934.0,2.477453580901857,37.43,-122.24,5.00001
2.881,47.0,3.8613138686131374,1.0766423357664234,1097.0,4.0036496350364965,33.97,-118.22,1.833
7.1221,34.0,6.930417495029821,1.0079522862823065,1311.0,2.606361829025845,33.8,-118.07,3.845
2.5368,35.0,4.201570680628272,1.0261780104712042,743.0,1.9450261780104712,36.97,-122.01,2.4
10.1007,30.0,7.843220338983051,1.0084745762711864,631.0,2.6737288135593222,37.34,-122.07,5.00001
3.0461,40.0,4.007473841554559,1.101644245142003,1144.0,1.710014947683109,34.11,-118.29,2.643
2.6894,30.0,3.6733870967741935,1.0181451612903225,932.0,1.879032258064516,36.59,-121.88,1.795
6.2475,12.0,7.421319796954314,1.098984771573604,1193.0,3.027918781725888,33.31,-117.22,3.313
3.2622,33.0,4.824055666003976,1.0984095427435387,2855.0,2.837972166998012,34.02,-118.09,2.086
2.85,22.0,4.743354720439964,1.1118240146654446,2804.0,2.5701191567369386,37.95,-122.05,1.446
4.1862,15.0,5.538551401869159,1.116822429906542,2043.0,2.3866822429906542,38.33,-122.3,1.836
3.3306,15.0,3.912751677852349,1.018216682646213,8793.0,4.215244487056568,37.37,-121.86,2.103
3.5333,10.0,5.154434250764526,1.0168195718654434,1823.0,2.787461773700306,38.14,-121.26,1.168
6.1805,32.0,7.526748971193416,1.0781893004115226,677.0,2.786008230452675,38.04,-121.23,2.479
4.4118,31.0,4.606512890094979,1.006784260515604,1886.0,2.559023066485753,33.93,-118.01,1.744
3.5435,52.0,4.021638330757342,1.1035548686244203,1330.0,2.05564142194745,37.77,-122.45,2.786
4.375,38.0,4.8977272727272725,1.0113636363636365,484.0,2.75,33.99,-118.06,1.862
2.5588,36.0,3.977181208053692,1.1248322147651006,1129.0,1.5154362416107383,34.1,-118.36,5.00001
9.8214,33.0,7.619389587073608,1.0682226211849193,1534.0,2.754039497307002,33.77,-118.33,5.00001
4.0625,44.0,4.822107081174439,1.0621761658031088,1640.0,2.832469775474957,37.74,-122.5,2.728
3.3125,38.0,4.531746031746032,1.0138888888888888,2451.0,4.863095238095238,33.73,-117.86,1.591
3.4286,32.0,4.345771144278607,0.9925373134328358,1199.0,2.982587064676617,34.09,-118.02,1.918
4.4659,32.0,5.321621621621621,1.072972972972973,1349.0,3.645945945945946,33.89,-118.27,1.381
10.3587,33.0,7.793388429752066,0.9917355371900828,1010.0,2.7823691460055096,34.15,-118.49,5.00001
2.7679,23.0,3.038678485092668,1.064464141821112,2031.0,1.6365834004834812,34.04,-118.45,2.775
5.6454,33.0,5.642297650130549,1.0,1235.0,3.224543080939948,33.9,-117.99,2.028
4.2841,8.0,7.060367454068241,1.0761154855643045,1085.0,2.847769028871391,35.63,-120.67,2.567
8.8793,52.0,8.972868217054264,1.131782945736434,861.0,3.3372093023255816,37.81,-122.23,4.103
2.2989,26.0,4.48411214953271,1.1682242990654206,2654.0,4.960747663551402,33.7,-116.2,0.606
3.1513,35.0,4.756207674943567,1.0835214446952597,2241.0,5.058690744920993,33.93,-118.05,1.5
3.3333,49.0,5.436440677966102,1.0084745762711864,576.0,2.440677966101695,37.9,-122.29,2.768
2.0184,20.0,6.729591836734694,1.576530612244898,486.0,2.479591836734694,34.66,-117.5,0.849
11.7045,40.0,7.764044943820225,0.9382022471910112,483.0,2.713483146067416,34.04,-118.51,5.00001
4.0769,32.0,5.392592592592592,0.9925925925925926,837.0,6.2,33.73,-117.89,1.639
2.1484,19.0,5.235973597359736,1.118811881188119,2204.0,3.636963696369637,33.75,-117.31,1.292
3.1607,33.0,5.415254237288136,1.0932203389830508,460.0,3.8983050847457625,33.94,-118.1,1.89
3.5893,52.0,4.7074626865671645,1.0238805970149254,836.0,2.495522388059701,34.27,-119.27,2.066
3.6467,36.0,4.409090909090909,1.1022727272727273,867.0,2.4630681818181817,34.03,-118.43,3.467
1.9809,42.0,5.253164556962025,1.0791139240506329,2105.0,3.3306962025316458,33.92,-118.26,1.046
2.675,37.0,3.404833836858006,0.9879154078549848,492.0,1.486404833836858,33.77,-118.17,2.417
2.4962,37.0,5.324324324324325,1.108108108108108,835.0,3.223938223938224,37.75,-122.17,0.918
3.8882,37.0,6.052486187845304,1.0883977900552486,951.0,2.62707182320442,38.61,-121.36,1.595
6.9909,36.0,6.169590643274854,1.0116959064327486,984.0,2.8771929824561404,34.2,-118.32,3.453
4.1319,22.0,5.949886104783599,1.1252847380410025,1361.0,3.1002277904328017,34.41,-119.31,2.45
4.3529,38.0,6.154723127035831,1.0,1495.0,2.43485342019544,32.77,-117.07,1.84
3.527,17.0,3.592995169082126,1.1690821256038648,1453.0,1.7548309178743962,37.72,-122.54,3.189
3.5861,38.0,5.127625201938611,0.9789983844911146,1557.0,2.515347334410339,32.73,-117.03,1.236
1.8281,29.0,3.963740458015267,1.1011450381679388,1418.0,2.706106870229008,34.13,-117.28,0.768
2.85,22.0,4.743354720439964,1.1118240146654446,2804.0,2.5701191567369386,37.95,-122.05,1.446
8.4471,16.0,7.934426229508197,0.9953161592505856,1395.0,3.2669789227166275,33.63,-117.65,3.513
5.9055,24.0,6.470822281167108,1.0026525198938991,1777.0,2.356763925729443,33.65,-117.88,4.773
4.8889,5.0,6.1587628865979385,0.9422680412371134,1821.0,3.754639175257732,34.11,-117.39,1.389
1.9694,14.0,6.853745541022592,1.1961950059453033,1876.0,2.2306777645659928,34.05,-117.07,1.732
4.5833,21.0,7.2784313725490195,1.0823529411764703,863.0,3.384313725490196,34.28,-119.04,5.00001
3.1912,20.0,3.8947368421052633,1.0820073439412483,1770.0,2.1664626682986534,33.73,-117.99,2.208
3.9792,42.0,5.263513513513513,0.9797297297297296,450.0,3.0405405405405403,34.19,-118.41,1.938
1.6829,7.0,4.736334405144695,1.067524115755627,1608.0,2.585209003215434,36.31,-119.16,0.802
2.892,30.0,5.701357466063349,1.248868778280543,707.0,3.1990950226244346,37.94,-122.07,2.208
4.5746,13.0,5.500819672131148,1.0295081967213116,3683.0,3.0188524590163937,32.97,-117.04,1.757
7.0913,23.0,5.95,0.9088235294117648,678.0,1.994117647058824,33.03,-117.06,2.654
13.6842,43.0,8.46484375,0.9921875,761.0,2.97265625,34.04,-118.52,5.00001
3.0208,36.0,3.902173913043478,1.0615942028985508,518.0,1.8768115942028984,37.89,-122.3,2.063
5.2261,36.0,6.065217391304348,1.013586956521739,951.0,2.5842391304347827,34.28,-119.25,3.032
1.1964,33.0,4.368932038834951,1.194174757281553,236.0,2.29126213592233,37.98,-121.24,0.804
3.0472,26.0,3.5754527162977867,1.1167002012072436,1966.0,3.955734406438632,37.47,-122.21,2.11
4.0222,16.0,4.767910447761194,0.9925373134328358,6242.0,4.658208955223881,34.19,-119.13,2.068
4.875,19.0,6.024137931034483,1.0034482758620689,848.0,2.924137931034483,32.8,-116.86,1.872
4.875,27.0,7.260869565217392,1.2173913043478262,130.0,2.8260869565217392,33.45,-117.64,2.841
3.8438,37.0,5.035046728971962,1.0420560747663552,1255.0,2.932242990654206,37.66,-122.41,2.507
3.8158,24.0,5.006476683937824,1.038860103626943,2670.0,3.458549222797928,33.75,-117.98,1.8
5.0602,34.0,5.960912052117264,1.026058631921824,822.0,2.6775244299674266,33.88,-118.38,4.537
4.0833,18.0,11.53658536585366,2.804878048780488,88.0,2.1463414634146343,37.85,-119.93,1.375
4.7813,36.0,5.167701863354037,1.0124223602484472,963.0,2.9906832298136647,37.67,-122.45,2.464
4.1181,36.0,4.8753709198813056,1.0356083086053411,1414.0,4.195845697329377,34.23,-118.4,1.727
3.3869,40.0,3.622950819672131,1.0163934426229508,1930.0,4.519906323185012,33.99,-118.19,1.573
2.325,52.0,4.473145780051151,1.0792838874680306,837.0,2.1406649616368285,39.22,-121.06,1.097
3.5208,49.0,4.697368421052632,1.0157894736842106,1267.0,3.3342105263157893,34.43,-119.68,2.512
4.2143,34.0,5.402810304449648,0.9086651053864168,1168.0,2.73536299765808,34.18,-118.52,2.454
4.9464,26.0,5.689655172413793,0.9787798408488064,1285.0,3.408488063660477,37.54,-122.04,2.238
2.4922,21.0,3.430939226519337,0.9392265193370166,834.0,2.303867403314917,36.61,-121.92,2.438
3.4323,41.0,3.9322033898305087,1.055084745762712,1108.0,4.694915254237288,33.94,-118.22,1.446
3.2216,39.0,4.48132183908046,1.089080459770115,1807.0,2.596264367816092,37.62,-122.41,2.427
3.9722,27.0,4.619271445358402,1.0963572267920094,1877.0,2.2056404230317272,37.55,-122.31,3.541
6.2517,25.0,7.195372750642673,0.9974293059125964,1348.0,3.4652956298200515,33.99,-117.96,3.111
4.5875,32.0,6.712418300653595,1.0588235294117647,843.0,2.7549019607843137,38.33,-122.77,2.907
3.7708,42.0,5.14873417721519,1.0632911392405062,848.0,2.6835443037974684,37.95,-122.33,1.446
5.3377,40.0,5.768656716417911,1.0242537313432836,1457.0,2.718283582089552,34.14,-118.09,3.738
3.1029,27.0,4.135802469135802,1.0946502057613168,460.0,1.8930041152263373,33.42,-117.62,1.906
3.9306,37.0,5.550522648083624,1.0557491289198606,1030.0,3.588850174216028,37.09,-121.62,2.607
3.3333,45.0,4.594132029339853,0.9657701711491442,946.0,2.312958435207824,34.05,-118.36,2.547
4.1713,23.0,6.356060606060606,1.0416666666666667,1227.0,4.6477272727272725,33.26,-117.3,1.338
6.3144,28.0,6.921190893169878,1.0367775831873904,1469.0,2.5726795096322244,35.28,-120.62,3.288
3.5388,32.0,5.031390134529148,1.0448430493273542,557.0,2.497757847533632,33.63,-117.91,4.07
3.1429,20.0,15.015151515151516,2.712121212121212,308.0,2.333333333333333,38.26,-122.96,2.409
1.815,52.0,2.8531468531468533,1.0,313.0,2.1888111888111887,32.73,-117.17,1.167
4.3456,18.0,4.997311827956989,1.0080645161290325,913.0,2.454301075268817,34.58,-118.38,1.489
5.1677,18.0,4.144810941271119,1.0981496379726468,2286.0,1.839098954143202,33.86,-118.4,3.808
7.2532,9.0,6.48122866894198,0.969283276450512,1070.0,3.651877133105802,33.9,-117.96,3.815
2.2614,29.0,2.8473029045643155,1.0141078838174271,4094.0,3.397510373443984,34.14,-118.26,2.481
4.1552,34.0,4.64,1.032,1249.0,3.3306666666666667,33.89,-118.35,2.339
3.8333,48.0,5.729468599033816,1.0289855072463767,487.0,2.3526570048309177,37.74,-122.49,3.408
13.367,37.0,8.709480122324159,1.003058103975535,852.0,2.6055045871559632,37.47,-122.18,5.00001
3.2462,37.0,4.191219512195122,1.062439024390244,2100.0,2.048780487804878,37.97,-122.51,3.294
3.6625,35.0,4.8986175115207375,1.044546850998464,1882.0,2.890937019969278,33.9,-118.32,1.88
3.775,47.0,5.419117647058823,0.9264705882352942,370.0,2.7205882352941178,37.7,-122.47,2.813
5.0479,22.0,5.13587786259542,1.0549618320610687,3783.0,2.8877862595419845,37.63,-122.46,2.804
5.5255,40.0,5.0162162162162165,1.0108108108108107,521.0,2.8162162162162163,33.92,-118.37,2.427
5.6358,29.0,6.2837684449489215,0.978433598183882,2651.0,3.0090805902383657,37.27,-121.92,2.821
2.5887,13.0,5.311004784688995,1.0334928229665072,602.0,2.8803827751196174,39.08,-121.1,1.444
4.4567,36.0,5.115384615384615,1.0,1080.0,2.967032967032967,36.95,-122.04,2.638
6.8729,8.0,14.70673076923077,2.4038461538461537,612.0,2.9423076923076925,33.78,-116.4,2.592
1.424,29.0,4.461661341853035,1.1533546325878594,1583.0,2.5287539936102235,33.93,-116.97,0.732
1.9107,36.0,1.1304347826086956,0.6086956521739131,58.0,2.5217391304347827,32.68,-117.11,1.25
2.9781,31.0,3.642737896494157,1.0517529215358932,1069.0,1.7846410684474123,32.8,-117.25,2.125
3.2344,36.0,4.321492007104796,1.0390763765541742,1565.0,2.7797513321492007,34.08,-118.12,2.349
5.5388,25.0,6.104536489151874,1.0138067061143985,1251.0,2.467455621301775,37.35,-122.03,3.521
2.5833,28.0,5.520833333333333,1.15,873.0,3.6375,36.32,-119.68,0.544
4.0114,5.0,6.053072625698324,1.0726256983240223,1174.0,3.279329608938548,34.1,-117.19,0.977
2.359,40.0,3.6991596638655455,1.06890756302521,2682.0,4.507563025210084,34.03,-118.16,1.434
2.4211,20.0,3.844544095665172,1.094170403587444,1534.0,2.2929745889387143,33.73,-117.84,1.75
2.3281,44.0,4.7952755905511815,0.9763779527559056,763.0,3.003937007874016,37.75,-122.17,0.888
2.2321,34.0,4.919629057187017,1.1406491499227205,1820.0,2.812982998454405,33.93,-116.9,0.718
2.1838,18.0,4.565217391304348,0.9903381642512076,385.0,1.859903381642512,39.78,-121.59,0.58
2.6458,50.0,3.209183673469388,0.9591836734693876,742.0,3.7857142857142856,37.79,-122.25,1.25
2.5625,12.0,7.020527859237537,1.2991202346041055,877.0,2.5718475073313782,38.82,-122.5,1.092
3.375,23.0,4.349173553719008,1.084710743801653,1218.0,2.5165289256198347,32.83,-117.18,1.841
7.8601,16.0,7.922190201729107,1.0504322766570606,2051.0,2.9553314121037464,37.15,-121.61,4.163
2.3333,31.0,3.901960784313725,0.9705882352941176,1602.0,5.235294117647059,33.72,-117.86,1.577
2.3095,36.0,4.692847124824684,1.0364656381486677,2151.0,3.016830294530154,37.3,-120.46,0.683
5.2519,50.0,4.759191176470588,1.0459558823529411,945.0,1.7371323529411764,37.76,-122.44,3.766
3.2125,37.0,5.453125,1.234375,276.0,4.3125,34.05,-118.19,1.25
6.4214,14.0,6.008849557522124,0.9557522123893806,306.0,2.707964601769912,37.05,-121.93,3.406
2.8421,25.0,3.747292418772563,1.0577617328519855,1060.0,1.913357400722021,32.81,-117.26,2.278
3.625,37.0,4.060869565217391,1.0043478260869565,587.0,2.5521739130434784,34.19,-118.4,1.813
3.625,52.0,3.973568281938326,1.0440528634361232,846.0,3.7268722466960353,37.79,-122.25,1.25
1.9,16.0,4.975133214920071,1.0905861456483126,1695.0,3.010657193605684,40.56,-122.35,0.816
1.6111,26.0,3.6561338289962815,1.072490706319703,692.0,1.2862453531598512,33.76,-118.08,0.543
4.4081,39.0,4.657360406091371,0.983502538071066,1519.0,1.927664974619289,37.94,-122.54,4.352
1.9181,17.0,4.674329501915709,1.053639846743295,800.0,3.0651340996168583,40.58,-122.36,1.188
4.5294,18.0,5.348457350272232,1.014519056261343,1820.0,3.303085299455536,33.82,-118.0,2.248
4.1577,24.0,4.484593837535014,0.984593837535014,3308.0,4.633053221288516,33.76,-117.93,1.741
4.1932,46.0,5.093883357041252,1.0782361308677098,1670.0,2.375533428165007,37.73,-122.44,2.692
5.7021,15.0,6.437007874015748,0.9330708661417324,2711.0,3.557742782152231,34.0,-117.7,1.931
2.7165,50.0,3.321965897693079,1.098294884653962,1475.0,1.4794383149448345,37.79,-122.43,5.00001
3.4911,26.0,5.915119363395226,1.0875331564986737,1155.0,3.0636604774535807,38.7,-121.37,0.882
1.6944,11.0,21.37209302325581,4.627906976744186,69.0,1.6046511627906976,40.19,-121.08,1.375
2.5511,25.0,4.327464788732394,1.0941901408450705,2140.0,1.8838028169014085,38.61,-121.35,1.341
2.2917,29.0,7.257142857142857,1.2428571428571429,481.0,3.435714285714285,36.05,-119.27,1.125
2.2903,13.0,4.0175,1.0875,983.0,2.4575,32.6,-117.07,1.063
4.7308,35.0,5.666666666666667,0.971830985915493,601.0,2.8215962441314555,33.83,-118.37,3.534
2.5969,34.0,3.618147448015123,1.0378071833648392,2122.0,4.011342155009452,34.01,-118.08,1.502
3.6786,11.0,6.197590361445784,1.0939759036144578,1402.0,3.378313253012048,36.09,-119.06,0.729
1.4773,27.0,3.2086553323029365,1.052550231839258,1904.0,2.9428129829984546,34.15,-119.2,1.608
2.5719,35.0,5.133738601823708,1.127659574468085,1475.0,4.4832826747720365,36.5,-119.26,0.743
2.625,41.0,3.115479115479116,0.977886977886978,1887.0,4.636363636363637,34.05,-118.2,1.5
3.8581,35.0,5.359801488833747,0.9900744416873448,1694.0,4.20347394540943,34.03,-117.93,1.631
1.2864,40.0,2.5520702634880803,1.1279799247176914,1257.0,1.577164366373902,33.77,-118.2,1.313
10.3224,32.0,7.83879781420765,1.0191256830601092,2099.0,2.8674863387978142,37.9,-122.14,5.00001
3.5777,32.0,4.604342581423402,1.06875753920386,1888.0,2.277442702050664,34.21,-118.24,2.456
8.8612,24.0,7.901639344262295,1.0163934426229508,1514.0,2.757741347905282,34.25,-118.51,5.00001
7.5594,18.0,5.232456140350878,1.0219298245614037,475.0,2.083333333333333,33.71,-118.39,5.00001
4.1836,36.0,5.574175824175824,0.9642857142857144,1327.0,3.645604395604396,34.12,-117.88,1.643
4.2875,30.0,8.119205298013245,1.3576158940397351,380.0,2.5165562913907285,32.96,-117.3,5.00001
4.6923,44.0,5.322222222222222,1.0177777777777777,1287.0,2.86,33.96,-118.38,2.99
10.5045,36.0,6.023668639053255,0.8757396449704142,329.0,1.9467455621301768,33.81,-118.38,5.00001
2.1324,36.0,3.671186440677966,1.159322033898305,1023.0,3.467796610169492,34.03,-118.36,1.438
5.0162,27.0,4.8106060606060606,0.9772727272727272,809.0,3.0643939393939394,33.73,-117.82,2.23
4.3621,13.0,4.752830188679245,1.0962264150943395,2094.0,3.950943396226415,37.32,-121.86,1.734
3.775,52.0,4.3979591836734695,0.9551020408163264,962.0,1.963265306122449,37.75,-122.43,3.259
3.8304,52.0,5.395437262357414,1.0779467680608366,1411.0,2.682509505703422,37.73,-122.44,2.614
2.4,40.0,3.7243589743589753,1.0064102564102564,298.0,1.9102564102564104,32.76,-117.2,2.55
2.4706,22.0,5.232273838630807,1.0880195599022005,1441.0,3.5232273838630808,37.49,-120.86,0.894
15.0001,40.0,9.6,1.0594594594594595,1024.0,2.767567567567568,34.09,-118.42,5.00001
6.8112,25.0,7.076693227091633,1.0079681274900398,2519.0,2.508964143426295,33.98,-118.38,5.00001
2.6312,52.0,3.8193832599118944,1.0220264317180616,1264.0,5.568281938325991,37.34,-121.88,3.029
2.7436,27.0,4.159169550173011,1.0602076124567474,3620.0,2.5051903114186853,34.1,-118.09,2.017
3.4125,37.0,5.294416243654823,0.9949238578680204,555.0,2.817258883248731,37.62,-121.05,1.25
3.7188,21.0,4.147378832838774,1.056379821958457,2487.0,2.459940652818991,37.3,-121.95,2.93
4.0911,19.0,4.802098950524738,1.0614692653673163,1761.0,2.640179910044977,33.88,-118.11,2.397
8.0499,36.0,6.080530973451327,1.0442477876106195,2216.0,1.961061946902655,34.13,-118.36,4.956
1.6911,18.0,4.771653543307087,1.022965879265092,5022.0,3.295275590551181,39.72,-121.85,0.988
3.3594,22.0,5.623115577889447,1.105527638190955,565.0,2.8391959798994977,37.92,-122.32,1.869
4.121,16.0,5.308527131782946,1.082170542635659,1940.0,3.007751937984496,32.96,-117.03,1.821
1.2614,42.0,3.729641693811075,1.022801302931596,1114.0,3.6286644951140063,32.71,-117.13,0.875
3.7237,42.0,3.7324414715719065,1.013377926421405,1082.0,3.6187290969899664,33.95,-118.36,1.708
4.4964,27.0,6.096551724137931,1.1137931034482758,1837.0,3.1672413793103447,34.28,-118.7,2.383
5.5658,52.0,5.3,0.9840909090909092,1135.0,2.5795454545454546,34.17,-118.28,3.312
4.2222,45.0,5.740853658536586,1.2774390243902438,653.0,1.9908536585365848,33.61,-117.89,5.00001
2.0511,21.0,3.258928571428572,1.1741071428571428,965.0,4.308035714285714,34.07,-118.44,3.5
1.9766,34.0,3.4277777777777776,1.05,810.0,4.5,33.93,-118.35,1.625
2.652,31.0,4.931350114416476,1.194508009153318,1858.0,4.251716247139588,37.6,-122.02,1.598
2.0192,22.0,3.52875175315568,1.158485273492286,3350.0,4.698457223001403,34.18,-118.45,1.583
5.0106,36.0,5.529220779220779,1.0551948051948052,845.0,2.743506493506493,33.86,-118.14,2.108
4.2059,28.0,6.149321266968326,1.2262443438914028,1066.0,2.411764705882353,34.43,-119.59,5.00001
0.536,16.0,2.111111111111111,2.111111111111111,166.0,18.444444444444443,37.67,-121.04,1.625
2.0987,52.0,3.211798839458414,1.0783365570599612,1576.0,1.5241779497098646,37.8,-122.42,4.583
3.2361,35.0,6.472027972027972,1.143356643356643,1007.0,3.520979020979021,38.69,-121.37,0.84
7.5408,3.0,8.493150684931507,1.0342465753424657,519.0,3.554794520547945,33.93,-117.57,2.719
6.992,22.0,6.529202279202279,0.977920227920228,4319.0,3.076210826210826,37.55,-122.03,2.848
2.9167,24.0,4.766718506998445,1.0567651632970452,1750.0,1.3608087091757388,37.87,-122.08,1.027
1.4384,5.0,3.7740046838407495,1.100702576112412,3284.0,3.8454332552693207,32.55,-117.06,1.088
6.1724,35.0,7.006359300476947,1.0389507154213036,3450.0,2.742448330683625,38.01,-122.59,4.143
5.9214,20.0,6.91684434968017,1.1087420042643923,1769.0,3.771855010660981,37.27,-121.81,2.24
1.125,31.0,3.700416088765604,1.1262135922330097,1398.0,1.938973647711512,37.96,-121.3,1.104
4.4545,21.0,5.8375,1.153125,2021.0,3.1578125,34.02,-117.49,1.424
2.0156,33.0,3.4304857621440537,0.9798994974874372,2074.0,3.474036850921273,33.78,-118.16,1.527
2.6328,31.0,4.468978102189781,1.0857664233576645,1801.0,3.286496350364964,37.95,-122.35,1.103
4.5281,35.0,5.055674518201285,0.9807280513918628,1727.0,3.698072805139186,37.61,-122.1,1.736
5.041,16.0,4.626614987080103,1.007751937984496,1644.0,2.124031007751938,33.67,-118.01,3.976
2.5125,52.0,3.7231503579952254,1.0763723150357996,700.0,1.6706443914081146,37.97,-122.53,2.708
2.2661,16.0,5.783050847457627,1.1305084745762712,1873.0,3.1745762711864405,40.37,-120.58,0.618
4.2788,52.0,4.614457831325301,1.0240963855421688,483.0,1.9397590361445785,37.88,-122.26,3.325
0.9234,40.0,2.7365853658536587,1.3853658536585365,662.0,3.229268292682927,34.02,-118.27,1.875
4.0798,25.0,5.245136186770428,0.9649805447470816,1296.0,2.5214007782101167,38.45,-122.74,1.792
2.4464,25.0,5.803951367781155,1.0668693009118542,1983.0,3.013677811550152,39.23,-121.83,0.725
2.0,17.0,4.022935779816514,1.0045871559633028,966.0,4.431192660550459,36.42,-119.09,0.525
1.2969,24.0,2.486434108527132,1.056201550387597,1932.0,3.744186046511628,34.04,-118.28,1.602
4.8068,44.0,4.554817275747508,0.8737541528239202,589.0,1.956810631229236,37.47,-122.19,3.123
3.2604,30.0,5.551020408163265,1.0816326530612246,531.0,3.612244897959184,37.61,-120.76,0.879
5.2719,46.0,5.406698564593301,1.0956937799043065,698.0,3.339712918660287,34.07,-118.11,2.444
3.4167,35.0,8.307692307692308,1.6153846153846154,158.0,4.051282051282051,33.8,-116.8,1.0
4.3906,26.0,5.649484536082475,1.0103092783505154,801.0,2.752577319587629,38.31,-122.72,2.48
3.275,48.0,4.5,1.08984375,1273.0,2.486328125,37.76,-122.48,3.321
3.0233,26.0,3.2530813475760065,0.9827444535743632,1749.0,1.4371405094494658,37.82,-122.25,2.55
2.6535,26.0,3.1676470588235293,1.0676470588235294,3193.0,3.130392156862745,33.95,-118.36,1.772
4.1033,28.0,4.702331961591221,1.0329218106995883,1753.0,2.404663923182442,37.27,-121.93,2.81
1.4007,20.0,3.9021113243762,1.1247600767754318,1281.0,2.4587332053742803,38.5,-121.44,0.975
3.73,11.0,3.151012891344383,0.9079189686924494,1094.0,2.014732965009208,37.32,-121.96,2.277
4.3714,23.0,6.202672605790646,1.042316258351893,1456.0,3.242761692650334,32.7,-117.0,1.31
3.3333,45.0,4.594132029339853,0.9657701711491442,946.0,2.312958435207824,34.05,-118.36,2.547
2.6635,18.0,3.1538461538461537,1.1538461538461535,812.0,3.67420814479638,33.75,-117.87,1.625
1.4194,10.0,4.108860759493671,1.0354430379746835,988.0,2.50126582278481,36.33,-119.66,0.581
3.67,14.0,5.93950177935943,1.0818505338078293,1373.0,2.4430604982206408,39.27,-120.83,1.601
3.6591,52.0,4.9319066147859925,0.95136186770428,1094.0,2.1284046692607004,37.84,-122.25,2.992
1.9,15.0,6.742574257425742,1.2623762376237624,378.0,1.871287128712872,33.63,-117.72,1.625
2.5,15.0,4.581967213114754,1.1055327868852458,1837.0,1.882172131147541,37.99,-121.33,1.759
6.299,16.0,7.628647214854111,1.0371352785145889,1089.0,2.8885941644562334,37.93,-121.93,2.869
3.425,36.0,4.789699570815451,0.9828326180257512,719.0,3.0858369098712446,33.96,-118.09,1.632
4.5156,35.0,6.122033898305085,0.9932203389830508,683.0,2.315254237288136,39.53,-121.53,0.912
2.7562,29.0,4.529639175257732,1.0399484536082475,3572.0,4.603092783505154,37.35,-121.85,1.601
5.75,25.0,21.39743589743589,4.461538461538462,163.0,2.08974358974359,39.15,-120.15,1.766
4.4628,26.0,6.059561128526646,0.9905956112852664,1001.0,3.1379310344827585,34.65,-120.48,1.344
5.3836,33.0,6.591666666666667,1.0666666666666669,771.0,3.2125,33.88,-117.89,2.296
2.5481,33.0,4.4078125,1.01875,1206.0,1.884375,38.0,-122.13,1.508
2.6,52.0,5.270142180094787,1.0355450236966826,1006.0,2.3838862559241707,37.84,-122.27,1.326
2.6823,28.0,5.427184466019417,1.058252427184466,770.0,2.4919093851132685,39.78,-121.63,0.934
2.6893,26.0,5.355263157894737,1.005639097744361,1383.0,2.599624060150376,34.45,-119.29,2.308
3.9798,31.0,4.7073170731707314,1.1121951219512196,1002.0,2.44390243902439,34.0,-118.42,4.586
3.4919,44.0,5.138418079096045,1.0310734463276836,1137.0,3.211864406779661,37.75,-122.5,2.718
6.4588,35.0,5.586605080831409,0.9838337182448036,949.0,2.191685912240185,37.41,-122.14,4.371
1.6685,34.0,3.0230978260869565,1.0230978260869563,2980.0,4.048913043478261,33.98,-118.22,1.288
2.5,43.0,3.4671052631578947,0.875,367.0,2.414473684210526,37.96,-121.26,0.636
3.5039,19.0,5.0233644859813085,1.1191588785046729,1052.0,2.457943925233645,36.48,-121.7,2.884
2.6181,15.0,5.951672862453532,1.2007434944237918,661.0,2.45724907063197,39.05,-122.78,1.089
5.1589,3.0,4.2020905923344944,0.89198606271777,563.0,1.961672473867596,33.66,-117.59,1.678
7.3878,15.0,7.6875,1.15,962.0,3.00625,33.54,-117.71,3.183
4.0529,33.0,4.028497409326425,0.9352331606217616,1571.0,4.069948186528498,34.12,-117.9,1.382
2.1736,45.0,3.663090128755365,1.113733905579399,1446.0,3.103004291845493,34.05,-118.33,1.713
4.375,25.0,4.504424778761062,0.9587020648967552,707.0,2.0855457227138645,37.35,-121.99,2.122
4.4219,9.0,5.784543325526932,0.9765807962529274,904.0,2.117096018735363,33.01,-117.06,2.092
5.9541,19.0,5.784386617100372,1.0269516728624537,3152.0,2.929368029739777,33.8,-118.35,5.00001
1.7137,16.0,7.070844686648502,1.651226158038147,1046.0,2.8501362397820165,32.74,-116.35,1.107
1.7568,49.0,3.168646080760095,1.168646080760095,634.0,1.505938242280285,38.57,-121.49,0.938
3.1781,23.0,4.926391382405745,1.0556552962298025,1493.0,2.680430879712747,38.34,-122.71,1.62
2.8827,11.0,4.804926764314248,1.0539280958721704,4197.0,2.7942743009320905,33.05,-116.88,1.667
2.8478,31.0,3.740181268882176,1.0211480362537764,605.0,1.8277945619335347,34.15,-118.25,2.281
6.3002,24.0,6.252252252252252,1.029029029029029,2803.0,2.805805805805806,34.38,-118.55,2.829
2.1042,19.0,5.884758364312268,1.4572490706319703,704.0,2.617100371747212,35.1,-120.66,2.683
4.0507,30.0,4.816326530612245,1.0760667903525047,1662.0,3.0834879406307976,33.88,-118.14,1.795
2.9344,36.0,3.9867172675521823,1.079696394686907,1756.0,3.332068311195446,34.03,-118.38,2.221
2.625,41.0,3.115479115479116,0.977886977886978,1887.0,4.636363636363637,34.05,-118.2,1.5
3.6736,16.0,4.400352733686067,0.9717813051146384,2314.0,4.081128747795415,34.3,-118.47,1.922
1.6063,20.0,4.88981288981289,1.155925155925156,1217.0,2.5301455301455302,34.13,-116.31,0.554
2.1964,51.0,4.052631578947368,1.0175438596491229,488.0,2.1403508771929824,36.97,-122.03,2.344
4.45,32.0,5.1561866125760645,1.0669371196754565,1278.0,2.5922920892494927,34.24,-118.28,2.636
1.5781,32.0,4.006578947368421,1.125,1292.0,4.25,34.0,-118.25,1.029
1.2273,18.0,5.0,1.1343283582089552,189.0,2.82089552238806,37.68,-120.54,0.875
3.4531,23.0,4.021339220014717,1.099337748344371,2511.0,1.847682119205298,34.14,-118.13,2.109
6.5533,34.0,6.43115438108484,1.086230876216968,1572.0,2.1863699582753826,34.14,-118.39,5.00001
3.7115,20.0,6.091549295774648,1.0598591549295775,1707.0,3.005281690140845,38.25,-122.63,1.819
11.9993,31.0,8.324090121317157,0.9965337954939342,1490.0,2.582322357019064,33.8,-118.45,5.00001
3.0147,37.0,3.95820895522388,1.0,1771.0,5.286567164179105,37.48,-122.21,2.181
6.6494,35.0,5.06265664160401,1.1303258145363408,724.0,1.8145363408521304,33.88,-118.44,5.00001
2.8824,39.0,5.2239747634069404,1.0504731861198735,866.0,2.7318611987381702,35.12,-120.57,1.952
0.9637,29.0,3.2434210526315788,1.105263157894737,233.0,1.5328947368421053,37.67,-122.08,1.6
2.2278,52.0,6.220883534136546,1.104417670682731,604.0,2.42570281124498,39.25,-121.02,1.554
4.975,30.0,8.28,1.08,137.0,2.74,37.75,-122.13,3.111
6.1142,23.0,6.361638361638362,1.028971028971029,3281.0,3.277722277722278,33.79,-118.02,2.404
8.1839,26.0,7.900928792569659,0.9721362229102168,925.0,2.863777089783282,33.67,-117.94,3.67
6.0389,5.0,8.75,1.2564102564102564,591.0,3.7884615384615374,37.7,-121.44,2.151
3.9728,12.0,4.938574938574939,1.0368550368550369,784.0,1.9262899262899265,37.05,-122.03,1.909
2.9875,19.0,6.50880626223092,1.0978473581213308,1544.0,3.0215264187866926,38.14,-121.05,1.663
2.5792,16.0,4.9147058823529415,1.0411764705882354,935.0,2.75,35.12,-120.61,1.638
3.6618,23.0,4.591633466135458,1.0717131474103585,2493.0,4.96613545816733,33.72,-117.89,1.835
2.8214,29.0,4.763527054108216,0.9539078156312624,1669.0,3.344689378757515,36.94,-121.8,1.901
5.3735,36.0,5.681818181818182,0.9744318181818182,956.0,2.715909090909091,33.83,-118.1,2.344
3.1587,11.0,3.656874265569918,1.045828437132785,1700.0,1.9976498237367804,34.18,-118.31,1.813
5.097,33.0,5.664179104477612,1.126865671641791,831.0,3.1007462686567164,37.61,-122.03,1.886
1.8575,27.0,4.247663551401869,1.0724299065420562,1182.0,2.7616822429906542,38.12,-121.26,0.738
3.6,32.0,4.643086816720257,1.0192926045016075,1177.0,3.784565916398714,34.23,-118.37,1.646
4.8966,45.0,6.176646706586826,1.0419161676646709,1722.0,2.5778443113772456,37.48,-122.24,3.621
3.6691,35.0,6.175438596491228,1.087719298245614,184.0,3.2280701754385963,33.97,-117.51,1.375
2.9112,7.0,5.4604810996563575,1.0687285223367695,4052.0,3.4810996563573884,34.11,-117.45,1.217
2.6123,37.0,4.17936507936508,1.0,1904.0,3.022222222222222,33.93,-117.95,1.613
2.3256,24.0,5.959550561797752,1.2764044943820223,1532.0,3.442696629213484,36.32,-119.66,0.568
7.0001,26.0,6.960164835164835,1.03021978021978,1996.0,2.741758241758242,37.46,-122.26,5.00001
2.25,34.0,3.981220657276996,1.0704225352112675,1609.0,3.776995305164319,34.07,-118.0,1.385
3.587,20.0,6.027397260273973,1.0767123287671232,996.0,2.728767123287671,35.33,-120.8,3.3
3.5388,32.0,5.031390134529148,1.0448430493273542,557.0,2.497757847533632,33.63,-117.91,4.07
1.5132,28.0,2.567219152854512,1.0718232044198894,716.0,1.3186003683241252,34.02,-118.49,4.5
1.7267,19.0,6.096605744125326,1.3524804177545693,1028.0,2.6840731070496084,39.92,-120.09,0.607
2.2543,29.0,3.136729222520107,0.9892761394101875,1398.0,3.74798927613941,33.78,-118.19,1.563
3.4492,34.0,5.787790697674419,1.0116279069767442,804.0,2.3372093023255816,39.12,-121.63,0.988
3.1205,30.0,4.132530120481928,0.9718875502008032,753.0,3.0240963855421685,36.97,-122.0,2.405
9.267,33.0,7.741602067183463,1.028423772609819,1048.0,2.708010335917313,33.75,-118.32,5.00001
7.2821,27.0,7.760736196319018,1.4386503067484662,594.0,1.822085889570552,32.86,-117.25,5.00001
8.8115,34.0,6.99070385126162,1.0239043824701195,1738.0,2.308100929614874,34.14,-118.46,5.00001
6.5206,14.0,6.1907790143084265,1.068362480127186,1490.0,2.368839427662957,33.47,-117.71,3.685
2.25,24.0,4.089430894308944,1.1260162601626016,610.0,2.479674796747968,33.16,-117.34,1.875
2.4706,28.0,3.833910034602076,0.9826989619377162,1498.0,5.183391003460208,33.9,-118.23,0.888
2.3792,19.0,5.1875,1.1822916666666667,1654.0,2.8715277777777777,36.1,-118.93,0.9
5.6784,26.0,6.283828382838284,0.9636963696369636,945.0,3.118811881188119,33.83,-117.85,2.324
4.2917,52.0,6.329545454545454,0.9602272727272728,486.0,2.761363636363636,34.0,-118.33,2.476
2.7778,32.0,6.985074626865671,1.228855721393035,544.0,2.7064676616915424,39.61,-120.08,0.729
6.0936,35.0,6.46524064171123,1.002673796791444,988.0,2.641711229946524,37.28,-121.89,3.654
3.7708,35.0,4.8933333333333335,1.01,1295.0,4.316666666666666,34.21,-118.38,1.706
5.5968,23.0,5.783870967741936,1.029032258064516,1145.0,3.693548387096774,37.4,-121.85,2.432
3.3375,39.0,4.738831615120275,0.9690721649484536,883.0,3.0343642611683848,33.9,-118.14,1.801
4.25,34.0,6.06390977443609,0.9962406015037594,631.0,2.37218045112782,38.53,-121.51,1.919
1.625,4.0,3.0,0.5,8.0,1.3333333333333333,35.22,-117.76,2.75
4.5147,34.0,6.322222222222222,1.1388888888888888,541.0,3.0055555555555555,38.39,-122.87,2.714
3.625,20.0,3.561139028475712,1.0770519262981575,1112.0,1.862646566164154,37.57,-122.33,2.833
3.7312,35.0,4.602787456445993,1.0452961672473868,1133.0,3.947735191637631,37.46,-122.13,1.596
6.5783,15.0,5.9335443037974684,1.0,890.0,2.816455696202532,33.69,-117.79,2.448
2.5982,42.0,3.652892561983471,1.062809917355372,1228.0,2.0297520661157025,34.09,-118.35,3.158
1.3365,37.0,2.317773788150808,1.0556552962298025,1846.0,3.3141831238779176,37.76,-122.42,2.25
2.8438,33.0,5.466307277628032,1.137466307277628,1727.0,4.654986522911051,34.05,-117.97,1.576
8.3637,22.0,8.938028169014084,1.047887323943662,1181.0,3.3267605633802817,33.82,-117.82,5.00001
1.7238,33.0,1.9268774703557312,1.034584980237154,3707.0,3.6630434782608696,34.06,-118.26,1.1
6.1995,36.0,6.309756097560975,1.0146341463414634,1055.0,2.573170731707317,37.38,-122.09,4.072
2.2559,24.0,3.837947332883187,1.0027008777852802,6626.0,4.474004051316678,34.07,-118.01,1.668
3.5586,33.0,5.580882352941177,0.9852941176470588,857.0,3.150735294117647,32.8,-116.92,1.604
5.3238,8.0,7.831597738768224,1.211544183278786,9360.0,2.784885450758703,33.68,-117.27,2.289
1.6121,41.0,3.5617433414043584,1.1355932203389831,1062.0,2.571428571428572,37.8,-122.25,1.714
4.933,36.0,6.373673036093418,1.0276008492569002,1322.0,2.8067940552016983,33.84,-118.14,2.289
3.5114,52.0,4.272486772486772,1.0396825396825398,633.0,1.6746031746031746,37.75,-122.43,3.475
2.4359,48.0,2.7782340862423,1.002053388090349,1945.0,3.9938398357289526,34.04,-118.29,1.237
2.0677,29.0,3.761410788381743,1.0394190871369295,1170.0,2.4273858921161824,33.79,-117.96,2.145
3.1733,19.0,3.599260172626387,1.0567200986436498,1866.0,2.300863131935881,34.16,-118.26,2.063
1.3867,30.0,2.6240740740740742,1.0907407407407408,1615.0,2.990740740740741,34.05,-118.29,1.938
4.5699,36.0,5.598173515981735,0.9634703196347032,711.0,3.246575342465753,33.92,-118.09,1.708
5.6604,22.0,6.266519823788546,1.1013215859030836,1456.0,3.20704845814978,34.43,-119.8,2.764
3.1771,5.0,7.625531914893617,1.6170212765957446,1097.0,2.334042553191489,33.72,-116.29,1.674
5.6409,35.0,5.56231884057971,1.0115942028985507,1302.0,3.773913043478261,33.87,-117.88,1.909
4.2237,25.0,5.995226730310263,1.0513126491646778,1994.0,2.379474940334129,38.27,-122.45,2.623
4.8875,9.0,5.735849056603773,1.0150943396226415,1250.0,4.716981132075472,32.69,-117.06,1.577
2.1573,28.0,4.826013513513513,1.045608108108108,1614.0,2.726351351351352,36.79,-119.74,0.714
6.3522,17.0,7.430340557275541,1.089783281733746,1067.0,3.303405572755418,34.18,-118.92,2.593
2.775,50.0,2.9743589743589745,1.329059829059829,382.0,1.6324786324786325,33.83,-118.31,2.25
7.9234,29.0,8.017699115044248,1.0766961651917404,982.0,2.896755162241888,37.26,-121.99,5.00001
5.0853,26.0,5.916496945010183,1.0264765784114054,1452.0,2.957230142566192,33.68,-117.89,2.603
2.3125,18.0,13.440677966101696,2.5084745762711864,186.0,3.152542372881356,39.0,-122.7,1.625
1.7325,36.0,2.6145339652448656,1.0900473933649288,1957.0,3.091627172195893,34.1,-118.32,2.219
2.3359,40.0,4.47976011994003,1.0344827586206895,2144.0,3.214392803598201,34.02,-118.13,1.893
2.6071,52.0,4.074906367041199,1.142322097378277,486.0,1.820224719101124,37.86,-122.27,2.5
4.2273,18.0,5.069252077562327,0.8670360110803325,905.0,2.5069252077562325,38.67,-121.26,1.418
3.1538,19.0,4.328260869565217,1.1478260869565218,1202.0,2.6130434782608694,33.82,-117.99,2.521
3.5486,4.0,6.208333333333333,1.305,1478.0,2.4633333333333334,36.37,-119.65,1.48
4.2727,47.0,4.612648221343873,0.9881422924901184,953.0,3.766798418972332,37.72,-122.4,2.419
3.6629,30.0,6.3625,1.0666666666666669,757.0,3.154166666666667,37.58,-120.83,1.714
6.3277,14.0,7.076071922544951,1.090825265099124,7087.0,3.2674043337943752,34.44,-118.55,2.377
2.9194,41.0,4.211920529801325,1.1103752759381895,1557.0,3.437086092715232,34.12,-118.2,1.62
3.1497,26.0,4.404384896467723,1.0864799025578562,2257.0,2.749086479902558,33.83,-118.02,2.176
2.0472,16.0,5.931558935361217,1.2186311787072244,1319.0,2.5076045627376424,38.2,-120.9,0.932
2.1442,52.0,3.948863636363636,1.036931818181818,921.0,2.616477272727273,37.34,-121.88,1.889
3.2411,35.0,5.908163265306122,0.9693877551020408,826.0,2.8095238095238093,32.82,-116.94,1.592
3.5781,37.0,4.8281750266808965,1.0725720384204909,2099.0,2.240128068303095,34.17,-118.23,3.667
2.1842,47.0,5.544502617801047,1.081151832460733,965.0,2.526178010471204,37.76,-122.17,1.079
1.1705,32.0,4.792291220556745,1.0085653104925054,1292.0,2.766595289079229,33.91,-118.27,1.106
2.7989,27.0,5.9221789883268485,1.0992217898832686,1583.0,3.0797665369649807,38.52,-121.98,1.267
1.1384,25.0,3.4727272727272727,0.9090909090909092,801.0,3.640909090909091,33.95,-118.25,1.0
4.775,52.0,6.535603715170279,0.959752321981424,772.0,2.390092879256966,38.11,-122.24,1.482
3.1858,34.0,6.346153846153846,1.3307692307692307,355.0,2.730769230769231,38.65,-121.38,1.095
4.0071,37.0,5.063339731285988,1.0479846449136276,1789.0,3.433781190019194,37.72,-122.42,2.447
2.4348,31.0,2.6780575539568345,1.1942446043165469,1793.0,3.224820143884892,34.07,-118.3,2.306
4.0341,33.0,5.565040650406504,1.1382113821138211,758.0,3.0813008130081303,38.24,-122.62,1.565
3.4485,38.0,5.076502732240437,0.907103825136612,686.0,3.748633879781421,33.88,-118.21,1.194
2.1187,3.0,3.3947939262472886,1.0065075921908897,769.0,1.668112798264642,37.66,-121.89,2.313
10.9891,4.0,6.296296296296297,0.8518518518518519,93.0,3.4444444444444446,39.0,-121.0,3.125
7.5674,14.0,6.477611940298507,1.1059701492537313,1505.0,2.246268656716418,33.61,-117.85,5.00001
3.7917,27.0,4.8352272727272725,1.0823863636363635,2091.0,5.940340909090909,34.01,-117.9,1.311
3.9855,35.0,6.53627760252366,1.1009463722397477,1249.0,3.9400630914826498,33.76,-118.01,1.919
1.962,43.0,4.557692307692308,1.0625,749.0,3.6009615384615383,37.96,-121.27,0.527
4.1103,8.0,5.385964912280702,1.0676691729323309,950.0,2.380952380952381,33.65,-117.83,2.504
4.2375,38.0,5.897674418604651,0.9511627906976744,1133.0,2.6348837209302327,35.5,-119.26,0.786
6.1624,26.0,6.507380073800738,1.0092250922509225,1615.0,2.97970479704797,33.66,-117.98,2.794
6.8004,3.0,7.789022298456261,1.234991423670669,1600.0,2.74442538593482,33.67,-117.61,2.849
6.7449,44.0,7.690476190476191,1.1156462585034013,763.0,2.595238095238096,34.45,-119.73,4.156
1.9107,37.0,4.53954802259887,1.0875706214689265,972.0,2.7457627118644066,38.62,-121.44,0.647
3.0625,47.0,5.470113085621971,1.0710823909531502,1228.0,1.983844911147012,37.98,-121.31,1.415
1.8039,42.0,3.543726235741445,0.9657794676806084,900.0,3.4220532319391634,37.77,-122.19,0.923
1.55,17.0,5.425149700598802,1.0808383233532934,672.0,2.0119760479041915,37.56,-120.93,1.661
2.3253,14.0,4.239731768650461,1.0888516345347865,3662.0,3.069572506286672,32.57,-117.1,1.337
3.8893,25.0,4.576399394856279,1.042360060514372,1755.0,2.655068078668684,37.26,-121.88,2.186
1.5109,38.0,4.895622895622895,1.0875420875420876,1098.0,3.696969696969697,33.99,-118.28,1.04
6.0,26.0,6.281501340482574,1.0107238605898123,1166.0,3.1260053619302948,33.78,-118.01,2.331
5.17,39.0,6.190804597701149,1.0988505747126436,1219.0,2.802298850574713,34.16,-118.52,3.354
4.1451,26.0,5.906318082788671,1.1067538126361656,1372.0,2.9891067538126364,33.72,-118.31,3.267
2.1875,27.0,5.4124293785310735,1.03954802259887,580.0,3.2768361581920904,37.6,-121.04,0.828
3.6111,22.0,5.617866004962779,0.967741935483871,1056.0,2.620347394540943,39.14,-121.67,1.123
2.8375,21.0,5.286396181384248,1.1551312649164678,1792.0,4.276849642004773,34.09,-117.95,1.665
5.98,22.0,6.586469534050179,0.9901433691756272,6693.0,2.9986559139784945,37.66,-121.79,2.45
2.9507,44.0,4.82680412371134,1.0309278350515465,1256.0,2.5896907216494847,37.69,-122.1,1.571
3.3594,32.0,4.969298245614035,0.9473684210526316,693.0,3.039473684210526,33.87,-117.89,2.021
3.5074,37.0,5.124137931034483,1.0206896551724138,977.0,3.36896551724138,36.59,-119.4,0.938
5.2817,19.0,5.848017621145375,0.9647577092511012,1253.0,2.759911894273128,38.68,-121.3,1.406
1.2232,31.0,4.405882352941177,1.0558823529411765,1168.0,3.4352941176470586,35.36,-118.99,0.493
0.536,52.0,5.0,1.0,13.0,2.6,32.75,-117.19,1.625
5.5469,16.0,6.226396602417511,1.0058804312316236,10988.0,3.589676576282261,33.96,-117.88,2.652
2.73,33.0,5.581218274111675,1.0228426395939083,1245.0,3.1598984771573604,36.34,-119.19,0.969
5.4508,14.0,5.964114832535885,0.9736842105263158,1296.0,3.1004784688995217,36.72,-121.8,1.9
3.8171,18.0,5.119732785200411,1.0436793422404933,5613.0,2.884378211716341,37.63,-122.1,1.872
2.3977,52.0,4.211055276381909,1.221105527638191,1428.0,2.391959798994975,37.77,-122.43,4.125
5.3767,20.0,6.359550561797753,0.99438202247191,518.0,2.9101123595505616,36.35,-119.37,2.313
3.3125,11.0,5.361736334405145,1.0578778135048232,1963.0,3.1559485530546625,38.69,-121.46,0.968
2.9479,32.0,4.306709265175719,1.022364217252396,2330.0,3.7220447284345046,33.82,-117.91,1.846
5.0528,26.0,6.064516129032258,0.967741935483871,937.0,2.5188172043010755,38.13,-121.3,1.537
5.3912,35.0,5.82018927444795,1.025236593059937,1343.0,4.236593059936909,37.4,-121.99,2.353
1.625,34.0,4.473684210526316,1.0833333333333333,795.0,3.486842105263158,35.38,-118.98,0.508
5.0877,17.0,6.91869918699187,0.959349593495935,370.0,3.008130081300813,38.33,-122.32,2.093
3.5893,14.0,9.282051282051285,2.0,88.0,2.2564102564102564,37.32,-119.51,2.143
3.0625,12.0,3.74251497005988,0.9910179640718564,1047.0,3.134730538922156,33.76,-118.0,2.088
4.0625,35.0,4.794466403162056,1.1225296442687749,742.0,2.932806324110672,33.93,-118.34,1.599
2.8906,18.0,6.485714285714286,1.1428571428571428,272.0,2.5904761904761906,39.1,-122.94,1.406
3.2159,38.0,4.365695792880259,1.1132686084142396,547.0,1.7702265372168284,34.09,-118.37,3.833
4.5833,25.0,6.354216867469879,1.1132530120481927,965.0,2.325301204819277,33.82,-118.06,1.909
5.6063,16.0,6.417391304347826,0.9695652173913044,1525.0,3.315217391304348,37.45,-121.9,3.205
5.0322,43.0,3.658198614318706,1.1016166281755195,799.0,1.8452655889145493,33.85,-118.42,4.35
4.9879,28.0,6.517985611510792,1.0575539568345325,853.0,3.068345323741007,37.67,-121.87,2.294
2.794,15.0,4.855824682814302,1.0369088811995386,1933.0,2.229527104959631,35.25,-120.69,2.625
5.8733,17.0,5.852331606217617,0.9922279792746114,1378.0,3.569948186528497,33.86,-118.08,2.87
1.8426,40.0,4.926900584795321,1.0029239766081872,949.0,2.7748538011695905,37.76,-122.17,0.948
15.0001,43.0,5.6875,0.75,58.0,3.625,37.46,-121.87,5.00001
1.2049,17.0,4.3375,1.20625,775.0,2.421875,32.74,-114.66,0.44
3.9219,15.0,4.466666666666667,1.0444444444444445,677.0,2.5074074074074075,33.74,-117.93,1.426
3.6953,36.0,4.739130434782608,1.3478260869565215,416.0,3.0144927536231885,34.09,-118.33,2.0
2.6667,52.0,4.68,1.08,308.0,4.1066666666666665,37.76,-122.41,3.25
5.0603,26.0,6.304,1.016,346.0,2.768,32.81,-117.17,1.857
2.3169,13.0,5.568286445012788,1.0879795396419438,4266.0,2.1820971867007675,33.75,-116.91,1.234
4.875,5.0,5.7315175097276265,0.8871595330739299,842.0,3.2762645914396886,34.08,-117.17,1.381
2.0,37.0,3.72961373390558,1.034334763948498,1040.0,4.463519313304721,33.94,-118.24,0.842
4.1083,35.0,5.97265625,1.3203125,688.0,2.6875,34.28,-117.53,1.08
3.2933,16.0,3.927586206896552,1.1310344827586207,665.0,2.293103448275862,33.83,-118.02,2.6
4.75,46.0,6.079601990049751,0.9875621890547264,952.0,2.3681592039800994,37.54,-122.31,3.882
2.9286,51.0,5.353233830845771,1.0248756218905473,495.0,2.462686567164179,36.98,-122.04,2.583
2.3049,25.0,3.641843971631206,1.0797872340425532,2271.0,4.026595744680851,34.06,-117.7,1.5
7.5078,24.0,7.022857142857143,0.992,2710.0,3.097142857142857,34.3,-118.51,3.44
1.8906,27.0,5.874015748031496,1.547244094488189,717.0,2.822834645669291,38.94,-119.96,1.042
3.9063,43.0,6.178571428571429,1.2678571428571428,582.0,2.5982142857142856,38.66,-122.7,2.1
3.6411,19.0,5.892173913043478,1.0417391304347825,1707.0,2.968695652173913,37.98,-121.68,1.628
1.7462,29.0,4.681159420289855,0.9758454106280192,1487.0,3.5917874396135265,36.2,-119.35,0.511
3.4531,44.0,5.778801843317972,1.1612903225806452,498.0,2.294930875576037,37.98,-122.03,1.489
4.4491,19.0,6.369668246445498,1.1113744075829384,1216.0,2.881516587677725,38.01,-121.78,1.339
1.4125,22.0,4.771739130434782,1.0630434782608695,1021.0,2.2195652173913043,40.6,-122.39,0.665
4.7208,19.0,4.719798657718121,0.9513422818791948,1334.0,2.238255033557047,33.78,-117.87,1.735
3.1953,15.0,5.178571428571429,1.1717687074829932,1340.0,2.2789115646258504,36.8,-119.72,0.857
5.3169,34.0,3.8383838383838382,0.8787878787878788,723.0,3.651515151515152,33.89,-118.36,2.276
1.9575,24.0,4.528423772609819,1.058139534883721,2098.0,2.710594315245478,36.79,-119.83,0.67
2.95,13.0,4.515151515151516,1.1774891774891776,1356.0,2.935064935064935,33.87,-118.0,1.656
3.0625,47.0,5.470113085621971,1.0710823909531502,1228.0,1.983844911147012,37.98,-121.31,1.415
2.8182,12.0,5.404761904761905,1.0627705627705628,1153.0,2.4956709956709955,40.92,-124.09,1.269
4.3586,8.0,5.744265080713679,1.048428207306712,3237.0,2.750212404418012,38.27,-122.07,1.734
2.3026,25.0,5.543859649122807,1.1578947368421053,613.0,3.584795321637427,36.59,-120.18,0.906
4.2254,15.0,5.504065040650406,1.0878048780487806,1571.0,2.554471544715448,36.98,-122.06,3.209
4.8295,44.0,6.0583941605839415,1.0462287104622872,1305.0,3.1751824817518246,33.95,-118.31,1.496
6.0224,38.0,5.1,1.2,41.0,4.1,33.8,-117.89,1.875
4.1339,34.0,4.950413223140496,1.0,948.0,2.6115702479338845,34.26,-118.31,1.873
6.3199,23.0,6.909407665505227,0.975609756097561,978.0,3.407665505226481,34.3,-118.71,2.367
1.3882,15.0,3.9295302013422817,1.1006711409395973,1024.0,3.436241610738255,32.8,-115.56,0.694
4.7941,16.0,6.543123543123543,1.06993006993007,1201.0,2.7995337995337994,38.75,-121.18,2.476
4.4135,32.0,5.403846153846154,0.956043956043956,1144.0,3.142857142857143,37.98,-122.33,1.501
5.8543,52.0,4.502183406113537,1.1397379912663756,2065.0,1.502911208151383,37.79,-122.43,5.00001
2.0643,37.0,3.751121076233184,0.9955156950672646,1477.0,3.311659192825112,34.42,-119.67,2.467
4.5726,32.0,5.864457831325301,1.069277108433735,1786.0,5.379518072289157,33.73,-117.88,1.775
5.2957,18.0,6.483931947069944,1.0198487712665407,3205.0,3.02930056710775,38.09,-122.2,1.719
4.6992,36.0,6.588014981273409,1.104868913857678,837.0,3.134831460674157,33.97,-118.13,2.519
5.2923,5.0,4.363380281690141,1.064788732394366,735.0,2.0704225352112675,33.7,-117.8,1.94
5.7409,19.0,6.395348837209302,0.9391771019677996,1654.0,2.958855098389982,33.19,-117.34,2.741
2.6964,33.0,6.16060606060606,1.1363636363636365,914.0,2.769696969696969,39.16,-121.57,0.685
2.89,43.0,5.221238938053097,1.0420353982300885,1041.0,2.3030973451327434,38.57,-121.52,0.862
2.77,27.0,5.81042654028436,1.1374407582938388,706.0,3.345971563981043,36.65,-119.78,0.684
2.6321,21.0,4.132264529058117,1.056112224448898,2162.0,2.1663326653306614,37.7,-122.13,2.231
3.244,36.0,5.227848101265823,1.0042194092827004,717.0,3.0253164556962027,34.09,-118.06,2.581
0.536,26.0,7.846153846153846,1.3076923076923077,43.0,3.3076923076923075,38.7,-122.52,0.875
2.7137,17.0,5.63922942206655,1.0542907180385288,3266.0,2.859894921190893,39.15,-121.99,0.72
3.3062,11.0,5.051420838971583,1.1244925575101488,1839.0,2.4884979702300405,35.11,-120.61,1.585
2.4464,42.0,3.770114942528736,1.1494252873563218,605.0,6.954022988505747,33.92,-118.24,0.974
6.1873,35.0,5.348432055749129,0.9860627177700348,816.0,2.843205574912892,34.24,-118.26,3.121
5.0596,38.0,5.376413570274637,1.0096930533117932,1455.0,2.3505654281098547,33.93,-118.41,3.639
5.2292,52.0,6.293457943925234,1.0186915887850467,1427.0,2.667289719626168,34.11,-118.14,4.445
5.7039,19.0,5.674285714285714,0.9942857142857144,572.0,3.2685714285714287,33.85,-118.1,2.776
3.1711,35.0,6.147388059701493,1.044776119402985,1454.0,2.712686567164179,38.59,-121.31,1.019
3.9118,46.0,4.868525896414343,0.9402390438247012,819.0,3.262948207171315,37.96,-122.33,1.294
1.9464,16.0,4.4646464646464645,0.9629629629629628,509.0,1.713804713804714,37.79,-121.18,1.125
1.9385,28.0,3.6,1.0392523364485982,1717.0,3.209345794392523,36.67,-121.65,1.232
3.8125,19.0,4.7554945054945055,1.1538461538461535,1032.0,2.835164835164836,33.84,-118.25,2.081
3.3713,29.0,4.359805510534846,1.06807131280389,1747.0,2.831442463533225,33.87,-118.15,1.982
2.2,20.0,4.303317535545023,0.976303317535545,481.0,2.279620853080569,39.75,-121.59,0.808
3.65,18.0,4.421733505821475,1.054333764553687,1961.0,2.536869340232859,33.84,-117.95,1.714
4.2719,20.0,3.5479338842975205,1.0512396694214876,2389.0,1.9743801652892563,37.38,-122.06,2.708
3.5938,40.0,4.201438848920863,0.9064748201438848,316.0,2.273381294964029,36.96,-122.03,2.435
3.6435,18.0,3.2580645161290325,1.0725806451612905,866.0,1.7459677419354838,33.89,-117.88,1.191
3.3681,18.0,5.410377358490566,0.9528301886792452,717.0,3.3820754716981134,36.3,-119.66,0.705
2.7813,19.0,3.913654618473896,1.1224899598393574,1282.0,2.57429718875502,33.91,-118.35,2.313
3.7308,35.0,5.690476190476191,1.1071428571428572,744.0,2.952380952380953,33.9,-118.03,2.024
4.8836,20.0,4.382957884427032,1.0264446620959844,2271.0,2.2242899118511263,37.34,-122.04,3.962
3.7731,38.0,5.491228070175438,0.9883040935672516,710.0,2.076023391812865,38.57,-121.42,1.614
3.3397,28.0,4.530685920577618,1.052346570397112,1388.0,2.5054151624548737,33.72,-118.3,2.678
6.7741,9.0,6.922063666300768,1.0559824368825466,2581.0,2.8331503841931944,37.96,-122.2,3.107
1.9676,33.0,5.175895765472313,0.9576547231270358,1102.0,3.58957654723127,36.6,-119.63,0.624
6.4761,39.0,6.536231884057971,0.960144927536232,730.0,2.6449275362318843,34.16,-118.07,3.975
8.6499,4.0,7.236059479553903,1.0325278810408922,5495.0,2.5534386617100373,34.19,-118.8,5.00001
3.225,46.0,4.326639892904953,1.1178045515394912,1373.0,1.8380187416332,37.81,-122.25,2.188
3.0089,36.0,7.873015873015873,1.7777777777777777,334.0,2.6507936507936507,33.09,-116.58,1.344
2.9737,37.0,4.58008658008658,0.9696969696969696,588.0,2.5454545454545454,38.53,-121.41,0.721
3.6154,5.0,4.193548387096774,0.9919354838709676,1037.0,2.7876344086021505,38.02,-121.9,1.818
3.1875,46.0,5.360655737704918,1.1311475409836065,576.0,2.360655737704918,34.08,-117.32,0.84
1.9549,24.0,3.7520858164481528,1.0822407628128723,2850.0,3.3969010727056017,34.2,-118.42,2.215
5.0662,46.0,6.224056603773585,1.0566037735849056,938.0,2.212264150943396,37.3,-121.89,3.316
1.3801,36.0,4.5664160401002505,1.1253132832080202,930.0,2.330827067669173,40.68,-122.35,0.566
2.6493,17.0,3.13215859030837,1.118942731277533,327.0,1.4405286343612336,32.76,-117.18,0.675
5.7001,16.0,6.7781954887218046,1.0037593984962403,946.0,3.556390977443609,38.02,-122.25,2.051
4.9236,43.0,5.220843672456576,0.9627791563275434,1137.0,2.8213399503722085,37.26,-121.94,2.38
1.15,52.0,4.88,1.04,62.0,2.48,38.05,-121.3,1.125
3.5,24.0,5.926470588235294,1.2352941176470589,323.0,2.375,34.82,-118.93,1.139
1.6098,52.0,5.021459227467811,1.0085836909871244,701.0,3.0085836909871246,37.82,-122.28,0.875
4.0,13.0,4.935185185185185,0.9837962962962964,1345.0,3.113425925925926,32.68,-117.04,0.893
2.5933,52.0,3.758765778401122,1.0378681626928472,1587.0,2.225806451612903,37.76,-122.47,3.596
5.4218,16.0,6.071022727272728,1.015625,2240.0,3.1818181818181817,37.23,-121.76,2.339
4.1071,37.0,6.272842639593908,1.0799492385786802,2164.0,2.746192893401015,33.76,-117.87,3.113
1.6875,42.0,4.322033898305085,0.9661016949152542,590.0,3.333333333333333,33.87,-117.58,1.135
2.6193,28.0,4.238636363636363,1.0522727272727272,1182.0,2.6863636363636365,34.27,-118.46,1.723
1.9076,32.0,3.7895752895752897,0.9806949806949808,2052.0,3.9613899613899615,36.71,-119.55,0.558
4.8167,24.0,5.514734774066798,0.9842829076620824,1653.0,3.2475442043222005,33.92,-117.55,1.633
3.4327,52.0,5.126760563380282,1.1338028169014085,313.0,2.204225352112676,36.62,-121.92,2.545
4.1797,25.0,4.786407766990291,1.0161812297734627,977.0,3.161812297734628,34.44,-119.79,2.718
2.375,37.0,4.1440677966101696,1.2485875706214689,651.0,1.8389830508474576,32.79,-117.25,3.404
1.9907,17.0,4.341653666146646,1.0577223088923555,2566.0,4.003120124804992,35.2,-118.85,0.512
1.7311,33.0,3.882852292020373,1.0299943406904355,3717.0,2.103565365025467,38.55,-121.74,1.826
5.2131,27.0,6.51207729468599,1.0367149758454106,2723.0,2.6309178743961352,37.71,-122.1,2.525
3.3869,40.0,3.622950819672131,1.0163934426229508,1930.0,4.519906323185012,33.99,-118.19,1.573
2.0076,38.0,5.330561330561331,1.135135135135135,1301.0,2.7047817047817047,35.64,-120.69,1.14
3.6719,49.0,4.934959349593496,1.0670731707317074,1110.0,2.256097560975609,37.76,-122.24,2.298
1.3281,40.0,5.054347826086956,1.0815217391304348,564.0,3.065217391304348,37.79,-122.23,1.133
4.835,11.0,6.515513126491647,1.0250596658711215,2645.0,3.156324582338902,38.73,-120.91,2.306
5.2289,41.0,5.569105691056911,1.146341463414634,266.0,2.16260162601626,37.87,-122.25,3.846
5.0947,14.0,5.076923076923077,1.0384615384615383,943.0,3.626923076923077,32.68,-117.04,1.527
1.7656,26.0,4.149367088607595,0.8911392405063291,1222.0,3.093670886075949,35.23,-118.85,0.68
4.4821,38.0,4.811377245508982,1.0089820359281436,1130.0,3.383233532934132,33.81,-118.27,1.907
3.0035,16.0,4.46,1.08,574.0,1.64,32.8,-117.05,0.946
3.3882,52.0,3.77125,1.06375,1588.0,1.985,37.78,-122.44,4.714
2.2679,25.0,3.9716981132075473,0.9622641509433962,303.0,2.858490566037736,37.78,-120.85,0.713
5.9845,40.0,7.317343173431734,1.099630996309963,853.0,3.1476014760147604,34.22,-118.18,2.417
2.0192,18.0,3.396166134185304,1.0894568690095847,1033.0,3.3003194888178915,36.94,-121.77,1.713
2.9861,28.0,4.593253968253968,1.0674603174603174,1360.0,2.6984126984126986,33.87,-117.9,2.186
3.5022,24.0,3.7716763005780334,1.092485549132948,1322.0,1.9104046242774568,34.02,-118.41,2.813
2.5655,16.0,4.955882352941177,1.0122549019607845,1126.0,2.7598039215686274,37.76,-120.87,1.164
1.1912,32.0,6.356164383561644,1.6164383561643836,703.0,2.4075342465753424,38.97,-122.65,0.6
0.536,16.0,2.111111111111111,2.111111111111111,166.0,18.444444444444443,37.67,-121.04,1.625
1.7636,52.0,5.175637393767706,1.0084985835694051,855.0,2.4220963172804533,36.75,-119.81,0.551
2.8357,16.0,4.469565217391304,1.0492753623188409,2557.0,3.705797101449275,33.49,-117.68,1.063
3.8534,21.0,6.190804597701149,1.1057471264367815,1337.0,3.0735632183908046,39.09,-121.62,0.997
1.191,52.0,7.69811320754717,1.490566037735849,521.0,3.276729559748428,37.81,-122.3,0.761
4.875,16.0,6.472,0.9968,1862.0,2.9792,38.03,-121.32,1.431
4.4094,39.0,5.127345844504021,1.227882037533512,1378.0,1.8471849865951744,34.11,-118.27,3.526
4.3667,52.0,4.908963585434174,1.0434173669467788,1374.0,1.92436974789916,37.77,-122.44,5.00001
1.9297,36.0,2.7222884386174018,1.071513706793802,1964.0,2.34088200238379,34.1,-118.3,2.033
4.3333,42.0,4.607565011820331,0.9976359338061466,1184.0,2.7990543735224587,33.91,-118.36,2.256
4.5536,9.0,6.534939759036145,1.0313253012048194,1116.0,2.689156626506024,34.96,-120.41,1.901
1.6554,44.0,4.260504201680672,0.9453781512605042,704.0,2.957983193277311,37.93,-121.68,1.194
4.0283,35.0,4.436823104693141,1.03971119133574,1047.0,1.8898916967509023,34.05,-118.39,4.125
3.7895,52.0,5.705882352941177,1.0784313725490196,704.0,2.3006535947712417,34.11,-118.15,3.648
3.5268,33.0,4.022964509394572,1.0062630480167014,1623.0,3.3883089770354906,33.98,-118.1,1.52
7.6012,4.0,7.265682656826568,1.033210332103321,805.0,2.970479704797048,33.47,-117.63,3.108
3.8158,43.0,4.918848167539268,1.0392670157068062,873.0,2.2853403141361257,34.06,-118.39,5.00001
2.6055,36.0,4.9748427672955975,0.9842767295597484,761.0,2.393081761006289,36.78,-119.82,0.692
4.3899,33.0,4.8121546961325965,1.0349907918968693,3150.0,5.801104972375691,33.72,-117.9,1.807
4.4583,31.0,5.982222222222222,0.9888888888888888,1129.0,2.508888888888889,32.8,-117.02,1.7
5.7295,35.0,5.645045045045045,0.9747747747747748,1449.0,2.610810810810811,37.28,-122.0,3.461
5.2949,33.0,5.641952983725136,1.0886075949367089,1155.0,2.088607594936709,33.6,-117.87,5.00001
9.2298,25.0,7.237676056338028,0.9471830985915493,1585.0,2.790492957746479,37.31,-122.05,5.00001
7.8528,17.0,6.4,0.99,959.0,2.3975,37.31,-122.08,3.689
4.0568,16.0,5.281321184510251,1.071753986332574,2476.0,2.8200455580865604,34.27,-118.68,2.252
2.12,26.0,3.802281368821293,1.0456273764258557,1178.0,4.479087452471483,33.9,-118.2,1.05
3.6823,18.0,4.003267973856209,1.0359477124183007,694.0,2.2679738562091503,34.41,-119.71,2.55
3.0208,36.0,3.902173913043478,1.0615942028985508,518.0,1.8768115942028984,37.89,-122.3,2.063
4.2329,5.0,5.734078212290503,1.01731843575419,5871.0,3.2798882681564248,34.56,-118.07,1.455
3.6742,24.0,3.7154850746268657,1.0503731343283582,2645.0,2.467350746268657,37.4,-122.09,2.75
1.1635,39.0,3.7808988764044944,1.0674157303370786,1520.0,4.269662921348314,33.97,-118.25,1.087
3.2411,35.0,5.908163265306122,0.9693877551020408,826.0,2.8095238095238093,32.82,-116.94,1.592
3.3565,52.0,4.510948905109489,1.032846715328467,1531.0,1.862530413625304,37.76,-122.43,3.864
1.837,27.0,4.152487961476726,1.1701444622792938,1500.0,2.407704654895666,37.96,-122.04,1.75
6.5044,33.0,6.767241379310345,1.0043103448275863,1214.0,2.6163793103448274,34.01,-118.36,3.504
6.0723,34.0,6.143776824034335,0.9678111587982832,1243.0,2.667381974248927,33.96,-118.12,2.972
4.3333,33.0,5.767955801104972,1.058011049723757,960.0,2.6519337016574585,34.25,-118.49,2.329
2.6136,47.0,3.2220543806646527,1.040785498489426,2104.0,3.178247734138973,34.08,-118.25,1.692
2.101,21.0,4.413793103448276,0.9396551724137931,890.0,3.836206896551724,33.12,-115.51,0.467
2.2409,29.0,3.918918918918919,1.052123552123552,1014.0,1.9575289575289576,32.76,-117.11,1.142
3.5094,11.0,3.655948553054664,0.9919614147909968,1897.0,3.04983922829582,33.84,-118.29,1.629
3.0833,50.0,4.641160949868074,1.071240105540897,1724.0,2.2744063324538257,34.05,-118.36,3.381
3.3616,35.0,5.8893280632411065,1.0,705.0,2.7865612648221343,34.15,-117.27,0.953
3.371,17.0,4.04969696969697,0.9733333333333334,3381.0,4.098181818181819,33.76,-117.93,1.618
5.0,32.0,6.511392405063291,1.0278481012658227,1128.0,2.8556962025316457,37.54,-122.01,2.876
3.46,32.0,6.8843137254901965,1.2666666666666666,1733.0,3.3980392156862744,34.71,-117.96,1.239
12.2138,52.0,9.210227272727272,1.0397727272727273,1001.0,2.84375,37.82,-122.23,5.00001
2.0217,43.0,4.718220338983051,1.194915254237288,956.0,2.02542372881356,34.01,-118.33,1.875
2.7477,52.0,4.333333333333333,1.1387163561076603,918.0,1.9006211180124224,37.81,-122.24,2.438
4.1071,29.0,4.871254162042176,0.9689234184239732,2069.0,2.2963374028856824,33.79,-118.33,3.656
1.5781,16.0,4.988549618320611,1.0973282442748091,1163.0,2.219465648854962,34.4,-118.9,1.344
2.1162,35.0,3.622743682310469,1.030685920577617,1513.0,2.7310469314079424,34.05,-118.31,2.292
3.3239,52.0,5.292328042328043,1.07010582010582,1886.0,2.494708994708995,37.76,-122.47,3.5
3.1103,33.0,3.819852941176471,0.9411764705882352,1432.0,5.264705882352941,34.21,-119.17,1.435
6.0531,25.0,5.833333333333333,1.0021097046413503,1666.0,3.5147679324894514,33.8,-117.81,2.307
5.6431,52.0,5.817351598173516,1.0730593607305936,558.0,2.547945205479452,37.85,-122.25,3.413
4.9962,26.0,6.104553119730186,1.0236087689713322,2000.0,3.372681281618887,32.62,-117.04,1.56
4.6364,35.0,4.67910447761194,0.9813432835820896,1092.0,4.074626865671642,34.05,-117.96,1.631
3.2798,45.0,5.173387096774194,1.0201612903225807,1025.0,4.133064516129032,33.92,-118.2,1.412
4.3333,33.0,4.711246200607903,1.0440729483282676,1388.0,2.109422492401216,34.17,-118.45,2.613
4.8056,36.0,4.755834829443447,0.9730700179533214,1111.0,1.9946140035906643,37.98,-122.56,3.457
2.1935,52.0,4.040697674418604,1.1395348837209305,1767.0,3.4244186046511627,33.73,-118.28,2.432
9.4667,32.0,7.325757575757576,1.0378787878787878,1558.0,2.950757575757576,34.17,-118.02,5.00001
2.5812,14.0,5.488958990536277,1.2334384858044165,850.0,2.6813880126182967,35.6,-117.66,0.917
1.2054,16.0,3.34375,0.9910714285714286,1277.0,5.700892857142857,37.29,-120.47,0.609
2.3774,26.0,4.867803837953092,1.0788912579957357,634.0,1.35181236673774,33.6,-117.7,0.743
2.3906,22.0,5.186567164179104,1.0746268656716418,1133.0,2.818407960199005,39.42,-123.32,0.926
4.3424,10.0,5.669135802469135,1.1111111111111112,818.0,2.0197530864197533,33.03,-117.08,1.606
2.8942,26.0,4.718181818181818,1.039393939393939,1948.0,2.951515151515152,32.73,-117.09,1.241
1.9356,41.0,4.490140845070423,1.0338028169014084,1074.0,3.0253521126760563,37.76,-122.17,0.906
4.9801,36.0,6.327472527472527,1.054945054945055,1235.0,2.7142857142857144,37.71,-122.07,2.415
4.7917,36.0,5.970223325062035,1.0818858560794045,1189.0,2.9503722084367245,37.57,-122.3,2.761
2.1071,52.0,4.228915662650603,0.9879518072289156,1036.0,4.160642570281125,34.03,-118.19,1.367
1.9797,19.0,5.589958158995816,1.1548117154811717,1298.0,2.715481171548117,41.8,-124.3,0.858
3.2062,6.0,4.809847198641766,1.066213921901528,1717.0,2.9151103565365024,34.05,-117.67,1.675
4.1406,23.0,4.561151079136691,0.9928057553956836,2012.0,3.618705035971223,33.87,-118.08,2.008
4.3611,44.0,5.166253101736973,1.1662531017369726,1154.0,2.8635235732009927,37.74,-122.5,2.681
3.2344,44.0,5.045081967213115,1.0573770491803278,682.0,2.795081967213114,33.85,-117.92,1.701
4.8542,17.0,6.537349397590361,1.0650602409638554,1475.0,3.55421686746988,38.0,-121.87,1.441
4.2015,52.0,4.163021868787276,1.1292246520874751,920.0,1.8290258449304173,37.8,-122.4,4.125
3.8542,33.0,5.00253164556962,1.0227848101265822,1379.0,3.491139240506329,33.94,-118.09,1.754
4.2656,34.0,5.054945054945055,0.9428571428571428,1447.0,3.18021978021978,34.22,-118.43,2.337
5.1587,36.0,5.996923076923077,0.9815384615384616,909.0,2.796923076923077,33.94,-118.11,2.966
4.4271,35.0,5.813880126182966,1.0378548895899051,1041.0,3.2839116719242902,34.22,-118.56,2.051
4.575,48.0,4.441108545034642,0.9422632794457276,1142.0,2.6374133949191685,34.0,-118.45,3.267
4.485,10.0,6.434129089301504,1.032714412024757,3507.0,3.1007957559681696,38.72,-121.25,1.794
4.2237,25.0,5.995226730310263,1.0513126491646778,1994.0,2.379474940334129,38.27,-122.45,2.623
4.9359,15.0,6.525316455696203,1.0348101265822784,781.0,2.471518987341772,35.3,-120.84,3.177
3.4107,42.0,3.929606625258799,1.010351966873706,940.0,1.9461697722567288,33.78,-118.14,2.333
4.7062,27.0,5.8694444444444445,1.0555555555555556,1109.0,3.080555555555556,33.81,-118.32,3.57
4.8611,39.0,5.259803921568627,1.0098039215686274,556.0,2.7254901960784315,33.92,-118.37,2.456
2.4375,19.0,6.0368663594470044,1.1105990783410138,702.0,3.2350230414746544,36.54,-119.84,0.782
4.5491,43.0,5.984848484848484,1.0454545454545454,657.0,3.3181818181818183,34.12,-118.01,2.148
1.4066,39.0,4.633123689727463,1.0440251572327044,1752.0,3.672955974842768,34.12,-117.32,0.664
2.1198,21.0,5.404109589041096,0.9657534246575342,406.0,2.780821917808219,40.17,-120.37,0.735
2.2202,22.0,4.557017543859649,0.9451754385964912,1336.0,2.929824561403509,36.05,-119.02,0.652
1.7311,33.0,3.882852292020373,1.0299943406904355,3717.0,2.103565365025467,38.55,-121.74,1.826
4.5526,10.0,5.518518518518518,1.0052910052910051,1073.0,2.8386243386243386,38.67,-121.8,1.544
3.0673,38.0,4.881019830028329,1.1161473087818696,711.0,2.0141643059490084,37.73,-122.14,2.184
4.0125,37.0,5.738589211618257,1.074688796680498,808.0,3.3526970954356847,37.61,-122.03,1.614
2.1532,28.0,4.301136363636363,1.0909090909090908,540.0,1.5340909090909092,32.75,-117.17,2.4
6.1504,19.0,5.71045197740113,1.07909604519774,2196.0,3.101694915254237,37.4,-121.86,2.684
3.4449,32.0,5.156199677938808,1.1207729468599037,1573.0,2.533011272141707,34.17,-118.43,2.929
2.2095,36.0,3.664406779661017,1.1152542372881356,1337.0,2.266101694915254,34.16,-118.13,1.767
3.3801,20.0,4.186991869918699,1.086720867208672,2109.0,2.8577235772357725,34.1,-118.11,1.925
2.6806,52.0,4.806282722513089,1.057591623036649,3062.0,4.007853403141361,34.08,-118.21,1.53
2.1287,17.0,4.0633608815427,1.1101928374655647,943.0,2.597796143250689,38.95,-121.1,0.553
5.6409,35.0,5.56231884057971,1.0115942028985507,1302.0,3.773913043478261,33.87,-117.88,1.909
3.0526,24.0,4.528395061728396,1.0987654320987654,3151.0,3.890123456790124,34.29,-118.46,1.833
5.0223,4.0,7.159627773801002,1.050823192555476,5439.0,3.893342877594846,33.93,-117.21,1.526
6.0961,16.0,6.967213114754099,1.026639344262295,1575.0,3.2274590163934427,33.69,-117.78,2.955
3.0035,16.0,4.46,1.08,574.0,1.64,32.8,-117.05,0.946
3.6667,45.0,5.891402714932127,1.0271493212669682,988.0,2.235294117647059,37.97,-121.31,1.231
3.7414,29.0,6.631067961165049,1.0679611650485437,787.0,2.546925566343042,38.5,-121.5,0.985
3.4643,30.0,4.441441441441442,1.0375375375375375,1616.0,2.4264264264264264,36.6,-121.84,1.918
4.5795,43.0,5.866666666666666,1.025,651.0,2.7125,34.01,-118.44,4.0
4.25,35.0,5.481037924151696,0.9540918163672656,1779.0,3.5508982035928143,34.1,-117.91,1.667
4.0588,45.0,5.822274881516588,1.0545023696682465,1129.0,2.675355450236967,37.68,-122.13,1.828
4.174,42.0,6.595317725752508,1.234113712374582,1374.0,2.297658862876254,36.57,-121.92,3.944
3.2431,14.0,52.848214285714285,11.410714285714286,265.0,2.3660714285714284,37.64,-119.02,2.214
3.7896,18.0,5.936031331592689,1.010443864229765,2269.0,2.962140992167102,40.52,-122.37,0.981
5.2907,34.0,6.50711743772242,0.9572953736654805,1513.0,2.692170818505338,32.8,-116.99,1.958
1.6331,34.0,2.283471837488458,1.0812557710064634,2655.0,2.451523545706371,34.09,-118.32,1.625
2.0672,37.0,2.8308431163287087,1.056563500533618,3895.0,2.0784418356456777,34.1,-118.3,2.833
2.7562,29.0,4.529639175257732,1.0399484536082475,3572.0,4.603092783505154,37.35,-121.85,1.601
2.5714,18.0,4.549492385786802,1.015228426395939,3873.0,4.91497461928934,33.67,-116.17,0.659
6.1724,35.0,7.006359300476947,1.0389507154213036,3450.0,2.742448330683625,38.01,-122.59,4.143
4.0775,28.0,3.9328358208955225,0.996268656716418,1485.0,2.7705223880597014,33.91,-118.35,2.414
2.1912,42.0,4.122093023255814,1.058139534883721,547.0,3.1802325581395348,38.44,-122.7,1.65
4.0924,19.0,5.942222222222222,1.048888888888889,744.0,3.306666666666666,38.17,-121.28,2.442
1.2012,27.0,4.322857142857143,1.0685714285714285,839.0,2.397142857142857,36.32,-119.29,0.646
2.2991,44.0,4.209302325581396,1.0852713178294573,1893.0,4.891472868217054,34.03,-118.18,1.375
2.9576,25.0,4.566765578635015,1.0346191889218594,2685.0,2.655786350148368,38.26,-122.03,1.085
1.3125,10.0,4.438356164383562,0.9680365296803652,773.0,3.529680365296804,33.94,-117.28,1.357
4.9375,35.0,6.148837209302326,1.0604651162790697,1465.0,3.4069767441860463,37.69,-122.49,2.77
3.5125,44.0,4.602605863192182,0.970684039087948,1200.0,3.908794788273616,33.94,-118.2,1.693
11.615,34.0,7.214833759590792,1.020460358056266,843.0,2.156010230179028,34.12,-118.37,5.00001
2.5129,15.0,4.826530612244898,1.0979591836734697,1446.0,2.951020408163265,35.27,-120.65,2.259
2.5781,47.0,5.170731707317073,1.068292682926829,496.0,2.419512195121951,37.97,-120.38,1.048
7.3669,16.0,11.29310344827586,2.727969348659004,873.0,1.6724137931034482,32.68,-117.17,1.875
2.125,36.0,3.464788732394366,0.9683098591549296,1024.0,3.6056338028169015,34.02,-118.13,1.535
3.5481,44.0,5.248847926267281,0.9861751152073732,470.0,2.165898617511521,32.76,-117.09,2.031
4.4038,45.0,4.571847507331379,0.8944281524926686,891.0,2.6129032258064515,33.98,-118.36,2.594
4.1685,20.0,6.70063694267516,1.178343949044586,745.0,2.372611464968153,38.8,-121.15,2.175
3.6058,46.0,5.234649122807017,1.0701754385964912,1181.0,2.5899122807017543,34.14,-118.19,2.579
4.0909,36.0,6.043478260869565,1.030690537084399,1240.0,3.171355498721228,33.79,-117.93,1.908
1.375,49.0,5.030395136778116,1.1124620060790271,754.0,2.291793313069909,37.83,-122.27,1.049
2.0658,30.0,5.28,1.0533333333333332,984.0,3.28,36.72,-119.87,0.679
5.0255,45.0,6.487394957983193,1.0252100840336134,614.0,2.5798319327731094,37.93,-122.07,2.26
2.9143,27.0,5.334500875656743,1.0595446584938704,1407.0,2.4640980735551663,40.77,-124.14,0.996
3.3942,21.0,4.792540792540793,1.0745920745920745,1332.0,3.104895104895105,34.15,-117.9,2.128
4.0208,52.0,5.877431906614786,1.1070038910505835,1479.0,2.877431906614786,37.78,-122.47,4.146
3.1061,19.0,5.490066225165563,1.0706401766004414,1110.0,2.450331125827814,39.76,-121.58,1.102
2.1265,32.0,4.436314363143631,1.1111111111111112,2050.0,2.7777777777777777,37.98,-121.26,0.557
2.5158,22.0,4.006151742993849,1.036226930963773,5436.0,3.715652768284347,37.64,-122.07,1.349
3.0962,36.0,4.746421267893661,0.9304703476482618,1168.0,2.388548057259713,39.15,-121.62,0.74
4.125,34.0,4.283464566929134,0.8503937007874016,348.0,2.7401574803149606,33.21,-117.23,1.646
5.0092,17.0,6.117004680187208,1.0202808112324493,1895.0,2.9563182527301093,36.82,-121.66,2.387
3.5187,33.0,5.072727272727272,1.025974025974026,1912.0,2.483116883116883,37.7,-122.06,2.094
3.6375,19.0,5.98639455782313,1.126530612244898,1901.0,2.5863945578231293,33.21,-117.22,1.988
5.3908,8.0,5.396103896103896,1.025974025974026,740.0,4.805194805194805,32.69,-117.05,1.655
5.2662,16.0,5.869337979094077,0.926829268292683,1770.0,3.083623693379791,37.31,-120.44,1.262
6.4588,35.0,5.586605080831409,0.9838337182448036,949.0,2.191685912240185,37.41,-122.14,4.371
3.0989,21.0,4.013341419041844,1.0751970891449365,4396.0,2.6658580958156457,33.87,-118.14,1.714
5.136,15.0,9.466666666666669,1.3777777777777778,133.0,2.955555555555556,33.52,-117.55,4.474
2.6161,30.0,6.833333333333333,1.597938144329897,1387.0,2.3831615120274914,38.49,-123.04,1.325
5.5882,17.0,7.009193776520509,1.0155586987270155,4763.0,3.3684582743988685,32.97,-117.05,1.943
2.9712,52.0,10.105105105105103,1.9339339339339336,796.0,2.3903903903903903,37.0,-122.04,1.166
3.1827,31.0,5.771653543307087,1.0393700787401574,608.0,2.393700787401575,38.02,-121.33,1.621
2.125,37.0,3.657492354740061,1.1131498470948011,1622.0,4.960244648318043,33.98,-118.24,1.089
2.7857,11.0,4.851380042462845,1.059447983014862,1468.0,3.1167728237791934,37.47,-120.84,1.103
2.8812,23.0,5.064272211720227,1.0321361058601135,1424.0,2.6918714555765595,39.93,-120.9,0.819
4.1775,4.0,5.495446265938069,1.0655737704918034,3527.0,3.2122040072859743,34.04,-117.49,1.437
5.3321,7.0,7.830524344569288,1.2303370786516854,3907.0,3.658239700374532,37.73,-121.44,2.081
1.3373,18.0,2.745920745920746,1.020979020979021,1377.0,3.2097902097902096,32.79,-115.56,0.583
1.9886,17.0,3.421926910299004,1.0514950166112955,1251.0,2.0780730897009967,32.75,-117.12,1.192
4.2454,33.0,6.073746312684365,1.064896755162242,1073.0,3.1651917404129795,34.12,-117.87,1.838
4.3512,24.0,4.976100628930817,1.021383647798742,3196.0,4.020125786163522,33.76,-117.95,1.914
5.0029,26.0,5.72626931567329,0.9845474613686536,2341.0,2.5838852097130243,38.1,-122.55,2.556
1.8438,17.0,3.2734375,0.8828125,1093.0,2.8463541666666665,37.78,-122.42,0.725
3.5455,31.0,5.084615384615384,1.0743589743589743,1157.0,2.966666666666667,33.92,-118.09,1.683
0.8075,52.0,2.490322580645161,1.0580645161290323,346.0,2.232258064516129,37.81,-122.28,1.375
5.6629,45.0,5.251082251082251,0.8917748917748918,529.0,2.29004329004329,34.2,-118.13,2.34
2.0074,20.0,5.284327323162275,1.0915395284327325,1993.0,2.764216366158114,41.75,-124.21,0.669
4.3438,16.0,5.941176470588236,0.9584775086505192,903.0,3.124567474048443,36.3,-119.79,0.931
4.9757,35.0,7.049608355091384,1.1018276762402088,1995.0,5.2088772845953,34.47,-119.67,5.00001
3.5586,33.0,5.580882352941177,0.9852941176470588,857.0,3.150735294117647,32.8,-116.92,1.604
1.2222,32.0,4.401305057096248,1.0440456769983686,1953.0,3.1859706362153344,33.92,-118.23,1.072
5.0747,35.0,4.944723618090452,0.8994974874371859,661.0,3.321608040201005,33.84,-117.98,1.896
4.15,46.0,4.03921568627451,0.8627450980392157,134.0,2.627450980392157,37.42,-122.14,2.65
3.3438,31.0,5.40418118466899,1.0313588850174216,1058.0,3.686411149825784,36.59,-119.73,0.926
2.8036,46.0,4.053333333333334,1.072,815.0,2.1733333333333333,37.89,-122.3,2.116
6.3914,8.0,8.356968215158924,1.256723716381418,1312.0,3.207823960880196,38.78,-121.22,2.18
2.4635,41.0,4.312,1.128,1110.0,2.96,34.04,-118.35,1.694
5.8382,30.0,7.425714285714286,1.0457142857142858,922.0,2.6342857142857143,37.72,-122.1,3.302
2.7167,37.0,4.339483394833948,1.0738007380073802,648.0,2.3911439114391144,38.25,-122.04,0.922
5.3446,35.0,5.553752535496957,1.0324543610547667,1545.0,3.133874239350913,37.66,-122.45,2.633
4.05,20.0,6.220264317180617,0.9955947136563876,700.0,3.0837004405286343,38.67,-121.22,1.307
2.8021,33.0,4.794561933534744,1.1299093655589123,1159.0,3.501510574018127,33.84,-117.89,1.951
2.6563,26.0,4.29489291598023,1.1235584843492588,1401.0,2.3080724876441514,37.68,-122.08,1.841
4.2042,20.0,5.241379310344827,1.0524737631184409,3221.0,2.414542728635682,38.0,-122.12,1.664
2.325,52.0,4.473145780051151,1.0792838874680306,837.0,2.1406649616368285,39.22,-121.06,1.097
3.0114,33.0,4.668094218415417,1.1177730192719486,1634.0,3.498929336188437,33.88,-118.16,1.67
4.825,26.0,5.257009345794392,0.9813084112149532,943.0,4.406542056074766,37.32,-121.83,1.81
6.0256,28.0,5.942760942760943,1.0134680134680134,1173.0,3.949494949494949,34.44,-119.85,2.768
1.75,35.0,4.218446601941747,1.1084142394822007,2016.0,3.262135922330097,38.13,-121.27,0.829
1.5809,34.0,3.5180722891566263,1.0602409638554218,625.0,3.765060240963856,33.68,-116.21,1.0
1.7656,42.0,4.144702842377261,1.0310077519379846,1581.0,4.0852713178294575,33.96,-118.28,0.967
4.337,37.0,4.035320088300221,1.0154525386313469,1075.0,2.3730684326710816,33.99,-118.46,3.606
7.2582,4.0,7.376840696117805,1.0475234270414993,3857.0,2.5816599732262384,38.63,-121.24,2.732
3.0147,15.0,15.51127819548872,3.394736842105264,723.0,2.718045112781955,39.27,-120.58,1.188
4.9528,13.0,7.521031207598372,1.162822252374491,2074.0,2.814111261872456,32.76,-116.95,2.662
3.3292,31.0,4.682203389830509,1.0995762711864407,1047.0,2.218220338983051,33.94,-118.12,2.713
3.1563,17.0,6.095384615384615,1.1415384615384616,773.0,2.378461538461538,39.34,-123.81,2.77
1.077,17.0,3.054871220604704,1.0167973124300111,1670.0,1.87010078387458,37.78,-122.43,1.15
6.005,30.0,6.657794676806084,1.0228136882129275,731.0,2.779467680608365,37.7,-122.09,2.639
2.8833,29.0,5.793911007025761,1.0608899297423888,1130.0,2.646370023419204,40.79,-124.13,0.83
5.0629,23.0,5.7381174277726,1.0521901211556384,2817.0,2.625349487418453,33.84,-117.84,2.326
5.4639,35.0,6.057534246575343,0.958904109589041,1004.0,2.750684931506849,37.71,-122.08,2.386
2.4598,36.0,5.358381502890174,1.1059730250481696,1438.0,2.770712909441233,37.76,-122.16,1.555
3.0107,52.0,4.746458923512748,1.018413597733711,2101.0,2.975920679886685,37.72,-122.43,2.42
4.8611,39.0,5.259803921568627,1.0098039215686274,556.0,2.7254901960784315,33.92,-118.37,2.456
4.5096,36.0,5.627403846153846,1.0805288461538465,2143.0,2.5757211538461537,37.03,-122.08,2.037
5.2034,29.0,5.645491803278689,1.040983606557377,2046.0,4.192622950819672,33.81,-118.28,2.124
3.4228,7.0,4.466539196940727,1.0717017208413002,2534.0,2.422562141491396,34.05,-117.3,1.157
2.3229,16.0,5.205357142857143,1.0446428571428572,2372.0,3.5297619047619047,33.85,-117.28,1.18
2.7361,35.0,4.491620111731844,0.888268156424581,727.0,4.06145251396648,34.03,-117.95,1.457
2.2083,47.0,5.167785234899329,1.0827740492170022,1126.0,2.519015659955257,37.5,-120.84,0.973
3.2333,39.0,5.158441558441559,1.1090909090909091,1041.0,2.703896103896104,37.95,-122.34,1.351
2.8611,17.0,5.83265306122449,1.0816326530612246,692.0,2.8244897959183675,40.42,-122.25,0.987
9.8346,13.0,6.013201320132013,1.033003300330033,643.0,2.122112211221122,33.73,-118.07,4.017
3.95,52.0,5.02546689303905,1.0577249575551784,1191.0,2.022071307300509,37.75,-122.43,3.477
2.7562,29.0,4.529639175257732,1.0399484536082475,3572.0,4.603092783505154,37.35,-121.85,1.601
4.6793,14.0,5.833333333333333,1.12,852.0,2.84,33.68,-117.78,2.368
4.1161,34.0,5.46875,1.126953125,1353.0,2.642578125,37.04,-122.08,2.209
4.3438,48.0,5.003846153846154,0.9730769230769232,637.0,2.45,34.16,-118.27,2.527
5.3816,45.0,4.630573248407643,1.0721868365180467,965.0,2.0488322717622083,33.87,-118.4,5.00001
3.2957,35.0,4.7706855791962175,1.0685579196217494,3878.0,4.583924349881797,34.1,-117.96,1.416
4.45,32.0,5.1561866125760645,1.0669371196754565,1278.0,2.5922920892494927,34.24,-118.28,2.636
2.4567,18.0,4.379310344827586,0.9673321234119784,1129.0,2.0490018148820326,32.71,-116.96,1.55
2.7292,32.0,3.722488038277512,1.0861244019138756,933.0,4.464114832535885,33.9,-118.18,1.438
4.1554,33.0,5.664107485604607,1.0153550863723608,1288.0,2.472168905950096,37.28,-121.88,3.131
3.4087,45.0,4.67948717948718,1.0128205128205128,672.0,2.871794871794872,34.15,-118.07,2.092
8.0082,16.0,7.790528233151184,1.029143897996357,1642.0,2.9908925318761383,33.57,-117.66,2.866
5.928,6.0,5.739922694643843,1.0574268360022088,4783.0,2.6410822749861955,33.65,-117.68,2.399
6.3467,44.0,6.994065281899109,1.0148367952522257,891.0,2.643916913946588,34.18,-118.12,3.527
1.9583,41.0,3.719367588932806,0.9209486166007904,973.0,3.8458498023715415,33.9,-118.21,1.023
8.6963,33.0,5.92619926199262,0.9372693726937268,727.0,2.682656826568265,37.43,-122.21,5.00001
2.3833,24.0,5.643382352941177,1.025735294117647,726.0,2.669117647058824,39.59,-121.74,0.951
2.6941,11.0,5.599378881987578,1.0854037267080745,2074.0,3.220496894409938,36.93,-120.04,0.633
2.537,24.0,4.637305699481865,1.1761658031088082,1137.0,2.94559585492228,37.75,-122.16,1.079
4.8224,27.0,5.825072886297376,1.0291545189504374,970.0,2.82798833819242,38.67,-121.31,1.155
5.5362,7.0,7.067741935483871,1.0451612903225806,1156.0,3.729032258064516,33.83,-117.53,1.956
2.5033,44.0,4.106194690265487,1.0199115044247788,1853.0,4.099557522123894,34.06,-118.17,1.319
5.7907,20.0,6.408260524225576,0.966640190627482,3489.0,2.771247021445592,37.67,-121.77,2.642
3.6364,27.0,5.497528830313015,1.0098846787479407,1489.0,2.4530477759472817,37.68,-122.14,2.192
3.35,38.0,4.532915360501567,1.025078369905956,980.0,3.072100313479624,33.8,-118.27,1.777
5.121,25.0,5.353820598006645,1.0166112956810631,1529.0,2.539867109634552,37.33,-121.98,2.876
3.52,32.0,5.897297297297297,1.0972972972972972,1122.0,3.0324324324324325,36.96,-122.03,2.842
4.2066,7.0,5.732931726907631,1.0401606425702812,1748.0,3.5100401606425704,36.8,-119.68,0.884
3.4543,12.0,4.801041666666666,1.046875,2293.0,2.388541666666667,38.32,-122.28,1.945
2.7411,14.0,4.285714285714286,1.4761904761904765,134.0,1.5952380952380951,37.3,-121.87,1.125
4.4375,37.0,5.6015625,1.0234375,786.0,3.0703125,33.94,-118.11,2.449
4.9643,37.0,7.1063829787234045,1.148936170212766,98.0,2.0851063829787235,37.85,-122.24,3.35
9.6062,18.0,8.304878048780488,1.016260162601626,702.0,2.8536585365853657,33.66,-117.93,4.147
4.5402,34.0,6.441791044776119,1.0925373134328358,1046.0,3.1223880597014926,32.84,-117.21,1.821
6.4517,23.0,7.176470588235294,1.2058823529411764,670.0,2.8151260504201683,37.1,-121.9,3.566
4.5,17.0,5.986175115207374,0.9723502304147466,825.0,3.80184331797235,37.3,-121.83,2.358
3.875,32.0,5.361702127659575,1.1094224924012157,924.0,2.8085106382978724,34.14,-117.88,1.867
2.0133,35.0,3.0200803212851404,0.9578313253012049,2059.0,4.134538152610442,34.07,-118.22,1.458
1.4679,26.0,5.90566037735849,1.3342318059299192,679.0,1.830188679245283,39.09,-122.83,0.947
3.0735,23.0,5.334589299171062,1.0406932931424264,3205.0,2.4152223059532782,34.11,-117.78,2.123
4.9044,24.0,4.881889763779528,1.1653543307086611,513.0,2.0196850393700787,33.72,-118.07,4.85
5.0871,7.0,6.401388888888889,1.0291666666666666,1660.0,2.305555555555556,36.81,-121.36,2.905
2.9118,38.0,4.376358695652174,1.0638586956521738,2792.0,3.793478260869565,34.18,-119.17,1.724
4.3077,31.0,4.443661971830986,1.056338028169014,819.0,1.9225352112676053,34.02,-118.38,1.406
2.0292,18.0,4.402750491159136,1.068762278978389,1521.0,2.988212180746562,35.11,-120.62,1.558
4.1094,14.0,5.9937888198757765,1.1273291925465838,990.0,3.074534161490684,38.0,-121.9,1.622
3.65,18.0,4.421733505821475,1.054333764553687,1961.0,2.536869340232859,33.84,-117.95,1.714
2.39,25.0,3.9282868525896415,1.235059760956175,1439.0,5.733067729083666,33.98,-118.23,1.833
4.3103,33.0,5.013189448441247,0.9640287769784172,2049.0,2.4568345323741005,33.91,-117.9,2.016
2.0417,34.0,5.052631578947368,1.0760233918128654,579.0,3.3859649122807016,36.6,-119.44,0.725
3.8819,19.0,4.7552,1.076,2372.0,1.8976,34.17,-118.61,3.289
1.9722,28.0,3.7413793103448274,1.4482758620689655,333.0,1.913793103448276,34.01,-118.49,5.00001
4.6667,43.0,4.741176470588235,0.9058823529411764,156.0,1.8352941176470587,34.27,-119.28,3.846
9.5268,13.0,7.139275766016713,0.99025069637883,2429.0,3.383008356545961,33.67,-118.07,4.379
6.0749,39.0,6.751851851851852,1.0592592592592591,763.0,2.825925925925926,37.76,-122.15,1.969
1.7,48.0,2.86,0.82,222.0,4.44,33.79,-118.22,1.042
2.2019,15.0,10.813218390804598,2.2528735632183907,717.0,2.060344827586207,39.72,-120.66,1.305
2.7546,40.0,3.4215938303341904,0.961439588688946,1276.0,3.2802056555269923,37.32,-121.88,1.725
1.6007,17.0,3.6099290780141846,1.1891252955082745,688.0,1.6264775413711583,34.27,-119.3,1.875
5.0151,33.0,4.8042763157894735,1.0723684210526316,1124.0,1.848684210526316,34.05,-118.42,5.00001
1.4375,48.0,5.017191977077364,1.1174785100286533,935.0,2.679083094555874,37.75,-122.17,0.9
3.025,24.0,5.540443808160344,1.101646385110952,4333.0,3.101646385110952,38.5,-121.42,0.879
3.745,42.0,5.059113300492611,1.116584564860427,1785.0,2.931034482758621,33.98,-118.35,1.708
2.3599,36.0,4.771971496437055,1.2672209026128265,1620.0,1.9239904988123515,32.8,-117.2,1.684
2.2444,20.0,2.9770114942528734,1.1175950486295314,2667.0,2.3580901856763927,34.06,-118.45,5.0
3.4327,52.0,5.126760563380282,1.1338028169014085,313.0,2.204225352112676,36.62,-121.92,2.545
4.8266,13.0,6.746646795827124,1.0625931445603576,2170.0,3.23397913561848,35.37,-119.12,1.462
6.0199,49.0,5.752411575562701,0.9260450160771704,848.0,2.7266881028938905,34.12,-118.15,5.0
5.0779,34.0,5.487179487179487,0.990138067061144,1219.0,2.4043392504930967,37.93,-122.52,3.339
2.7708,34.0,4.345549738219895,1.0785340314136125,1678.0,4.392670157068062,34.09,-118.21,1.482
5.3774,22.0,7.019230769230769,1.0134615384615384,1637.0,3.148076923076923,37.38,-121.79,3.256
3.9,36.0,5.2727272727272725,0.922077922077922,268.0,3.4805194805194803,33.89,-118.25,1.158
3.9549,36.0,4.237894736842105,0.9157894736842104,1476.0,3.107368421052632,33.96,-118.1,1.921
1.2091,39.0,4.282913165266106,1.0028011204481793,1154.0,3.23249299719888,33.95,-118.27,0.979
1.7641,38.0,2.423212192262602,1.071512309495897,2717.0,3.1852286049237986,34.1,-118.3,2.5
2.1842,47.0,5.544502617801047,1.081151832460733,965.0,2.526178010471204,37.76,-122.17,1.079
4.2464,16.0,6.0073664825046045,0.98158379373849,1794.0,3.303867403314917,38.7,-121.25,1.444
2.425,39.0,5.832844574780059,1.1759530791788857,805.0,2.360703812316716,34.14,-117.29,0.9
3.0742,23.0,6.20259319286872,1.1280388978930307,1993.0,3.2301458670988654,35.27,-119.5,0.579
1.84,45.0,3.9836065573770494,1.0585480093676816,1484.0,3.4754098360655736,33.99,-118.3,0.914
4.4958,19.0,5.8997668997669,1.0745920745920745,1206.0,2.811188811188812,38.92,-121.22,1.926
4.0507,34.0,4.984126984126984,1.0595238095238095,638.0,2.531746031746032,37.98,-122.01,1.61
6.4469,29.0,5.536585365853658,1.0975609756097562,112.0,2.731707317073171,36.99,-122.01,2.714
2.3482,22.0,4.001342281879195,1.1718120805369128,1751.0,2.350335570469799,32.8,-117.23,1.906
2.6667,50.0,4.746268656716418,1.079601990049751,546.0,2.716417910447761,37.79,-122.19,1.728
2.582,28.0,4.617801047120419,1.068062827225131,2304.0,3.0157068062827226,33.81,-117.98,1.818
6.3443,39.0,5.508130081300813,0.8699186991869918,682.0,2.772357723577236,37.62,-122.42,3.247
2.3438,42.0,2.886977886977887,1.0515970515970516,1593.0,3.914004914004914,34.07,-118.27,2.133
2.1836,24.0,3.107438016528925,1.0611570247933884,2646.0,4.373553719008265,33.98,-118.18,1.62
3.8125,38.0,5.758720930232558,0.997093023255814,796.0,2.313953488372093,34.15,-117.28,0.974
3.0,5.0,5.484725050916497,1.034623217922607,1785.0,3.635437881873727,36.08,-119.07,0.71
4.8618,22.0,5.018963337547408,1.1011378002528445,1588.0,2.0075853350189634,34.05,-118.44,5.00001
6.0,26.0,5.442666666666667,0.7813333333333333,936.0,2.496,34.15,-117.24,1.402
4.1141,20.0,4.158852344296711,1.0762771168649403,2492.0,1.7438768369489153,34.05,-118.44,3.05
3.0536,17.0,4.72804054054054,1.0760135135135136,2015.0,3.403716216216216,35.1,-120.61,1.436
3.5268,22.0,4.493197278911564,1.08843537414966,1702.0,2.894557823129252,33.81,-118.0,1.747
4.6719,17.0,5.980327868852459,1.140983606557377,934.0,3.062295081967213,38.48,-121.99,2.5
2.2788,47.0,3.7745664739884393,1.130057803468208,1499.0,4.332369942196531,34.04,-118.21,1.396
6.0804,42.0,5.244274809160306,1.0076335877862594,907.0,2.307888040712468,34.01,-118.44,4.2
10.3653,22.0,7.3364705882352945,1.0305882352941176,1147.0,2.6988235294117646,37.29,-122.03,5.00001
5.1242,52.0,5.570909090909091,1.0618181818181818,631.0,2.2945454545454544,34.17,-118.25,3.729
1.528,43.0,4.651515151515151,1.067099567099567,1316.0,2.8484848484848486,33.96,-118.31,1.318
5.3006,9.0,7.329596412556054,1.0706278026905829,2928.0,3.282511210762332,33.85,-117.6,2.214
7.8537,22.0,8.156182212581346,1.0455531453362257,1485.0,3.2212581344902387,33.9,-117.8,3.549
3.6667,40.0,4.299003322259137,1.0232558139534884,1177.0,3.910299003322259,37.66,-122.41,2.188
4.3148,25.0,5.310107948969578,0.9793915603532876,2243.0,2.201177625122669,34.12,-117.75,2.407
4.575,36.0,4.9879154078549846,1.039274924471299,1062.0,3.2084592145015107,37.37,-121.98,2.154
3.2632,52.0,4.745652173913044,1.0108695652173914,1129.0,2.4543478260869565,37.8,-122.22,2.277
4.7543,27.0,5.3568,1.112,1545.0,2.472,33.87,-118.31,2.963
5.1616,29.0,5.518024032042724,0.9933244325767692,2023.0,2.7009345794392523,37.54,-122.0,2.751
2.6087,19.0,4.365747460087083,1.0058055152394776,2341.0,3.397677793904209,32.79,-116.96,1.238
3.6422,19.0,4.344202898550725,0.9094202898550724,730.0,2.6449275362318843,33.82,-117.96,2.094
2.6921,19.0,6.128500823723229,1.0477759472817134,1304.0,2.1482701812191105,39.51,-121.47,0.975
4.1023,46.0,4.80859375,0.90234375,793.0,3.09765625,33.92,-118.36,2.268
2.1154,28.0,5.12156862745098,1.0941176470588236,885.0,3.4705882352941178,34.07,-117.18,0.753
6.5669,43.0,5.055276381909548,1.0100502512562817,520.0,2.613065326633166,34.03,-118.4,3.728
4.4882,15.0,6.573264781491003,1.070694087403599,2418.0,3.107969151670951,38.28,-122.03,1.44
8.4839,9.0,7.912244897959184,1.0,1815.0,3.704081632653061,34.14,-117.65,4.067
3.375,19.0,3.67984693877551,1.0956632653061225,1520.0,1.9387755102040816,37.31,-122.03,2.757
4.5208,10.0,6.233243967828418,1.099195710455764,1016.0,2.7238605898123325,39.37,-120.1,1.173
3.7188,27.0,5.048611111111111,0.9444444444444444,467.0,3.243055555555556,34.28,-118.7,2.5
8.039,20.0,7.432314410480349,1.0363901018922852,4083.0,2.9716157205240177,37.93,-122.1,3.822
5.5061,17.0,6.923128792987188,1.1348617666891436,4956.0,3.341874578556979,34.46,-118.5,2.394
2.1979,8.0,5.642380708055413,1.1313494099538224,5060.0,2.5962031811185224,33.79,-116.95,0.953
4.3232,28.0,3.732021196063588,1.0454201362604087,2232.0,1.6896290688872069,37.75,-122.44,3.162
3.0465,17.0,5.932843651626443,1.1385099685204616,2237.0,2.347324239244492,38.42,-120.72,1.441
7.7108,39.0,6.846607669616519,0.991150442477876,880.0,2.595870206489676,34.18,-118.1,4.5
5.5545,16.0,6.2075,1.1075,1357.0,3.3925,33.57,-117.66,2.142
4.0096,35.0,5.4366925064599485,1.0310077519379846,1659.0,4.286821705426356,33.96,-118.08,1.65
5.5277,30.0,5.781902552204176,0.9419953596287703,1250.0,2.9002320185614847,32.84,-117.19,1.971
1.8929,38.0,3.68936170212766,1.0340425531914894,950.0,4.042553191489362,33.98,-118.2,1.631
4.8036,11.0,6.165432098765432,1.054320987654321,1101.0,2.7185185185185183,36.83,-119.85,1.416
2.2429,15.0,5.539156626506024,1.4728915662650603,887.0,2.671686746987952,39.66,-123.58,1.0
4.7188,29.0,6.511278195488722,1.037593984962406,341.0,2.56390977443609,37.95,-122.04,1.971
4.6225,13.0,6.115695067264574,1.0385650224215246,2828.0,2.536322869955157,38.54,-121.7,2.265
6.6004,17.0,6.087649402390438,1.051792828685259,606.0,2.414342629482072,38.48,-122.6,3.415
5.1021,27.0,5.779582366589327,0.9930394431554525,1171.0,2.7169373549884,37.97,-122.0,2.028
4.5764,18.0,6.777777777777778,1.096774193548387,830.0,2.974910394265233,33.19,-117.25,2.07
3.4671,52.0,3.824324324324324,1.2432432432432432,582.0,2.621621621621621,37.77,-122.41,2.5
2.5598,16.0,5.117808219178082,1.0424657534246575,1942.0,2.66027397260274,37.07,-120.83,1.202
3.2222,24.0,3.836236933797909,1.10801393728223,491.0,1.710801393728223,34.03,-118.4,3.194
3.0252,20.0,4.041095890410959,1.0342465753424657,2898.0,3.308219178082192,33.86,-117.99,1.78
15.0,19.0,7.626262626262626,0.9393939393939394,267.0,2.696969696969697,37.25,-121.98,5.00001
3.5036,29.0,5.0,1.0543478260869563,1278.0,3.472826086956522,34.07,-117.67,1.234
3.5,16.0,9.308383233532934,1.7125748502994012,885.0,2.6497005988023954,38.9,-119.98,1.347
2.5882,33.0,4.144981412639405,1.174721189591078,583.0,2.16728624535316,32.75,-117.19,2.583
2.1062,26.0,3.6942148760330578,1.0764462809917354,2582.0,5.3347107438016526,34.26,-118.42,1.364
6.9742,38.0,6.496183206106871,1.0178117048346056,1042.0,2.651399491094148,33.8,-118.36,5.00001
3.8625,31.0,4.921686746987952,1.1144578313253013,939.0,2.8283132530120483,37.06,-122.07,2.323
2.8372,26.0,5.955523672883787,1.1807747489239595,2822.0,4.048780487804878,32.71,-117.07,1.234
2.1429,38.0,3.740406320541761,1.054176072234763,2033.0,4.589164785553048,33.97,-118.24,1.185
3.0234,31.0,5.464203233256351,1.1131639722863742,1933.0,4.464203233256351,36.86,-119.98,0.65
3.2344,44.0,5.045081967213115,1.0573770491803278,682.0,2.795081967213114,33.85,-117.92,1.701
3.9531,17.0,4.411526794742164,1.0525783619818,1640.0,1.658240647118301,37.89,-122.52,4.176
5.1781,4.0,6.125475285171103,0.9936628643852978,2088.0,2.64638783269962,36.83,-119.87,1.225
2.0114,36.0,4.398706896551724,1.144396551724138,1390.0,2.9956896551724137,33.94,-118.3,0.993
2.5735,20.0,4.742203742203742,0.9230769230769232,1545.0,3.212058212058212,34.05,-117.71,1.305
2.6058,40.0,3.8857142857142857,0.9142857142857144,785.0,4.485714285714286,37.39,-120.71,0.727
4.6324,16.0,5.685410334346504,1.060790273556231,1938.0,2.945288753799392,38.32,-122.69,1.836
2.7679,50.0,5.025821596244131,1.0586854460093895,1777.0,4.171361502347418,34.11,-118.24,1.788
2.4598,36.0,5.358381502890174,1.1059730250481696,1438.0,2.770712909441233,37.76,-122.16,1.555
5.2124,9.0,5.329931972789115,1.0170068027210883,675.0,2.295918367346939,33.67,-117.81,1.996
3.4063,52.0,4.558194774346793,0.9596199524940616,1483.0,3.522565320665083,37.75,-122.41,2.539
1.1868,47.0,3.9124579124579126,1.1077441077441077,3020.0,5.084175084175084,34.06,-118.19,0.938
4.1292,28.0,3.9095238095238094,1.0333333333333334,1575.0,3.75,33.82,-118.27,2.019
3.5893,46.0,5.3457330415754925,1.0415754923413567,939.0,2.054704595185996,38.57,-121.43,1.42
3.556,52.0,4.342105263157895,1.0394736842105263,841.0,2.213157894736842,37.88,-122.29,1.793
3.9063,15.0,4.74306269270298,1.0359712230215827,2549.0,2.619732785200412,34.22,-119.18,1.987
3.1389,14.0,4.578082191780822,1.0493150684931507,1079.0,2.956164383561644,34.4,-119.53,2.487
4.3952,12.0,5.860688550840672,1.0240192153722978,4048.0,3.2409927942353884,32.88,-116.98,1.517
2.3,45.0,3.0,1.0552486187845305,454.0,2.50828729281768,34.14,-118.15,0.55
2.3194,20.0,5.778145695364239,1.152317880794702,1093.0,3.619205298013245,36.77,-120.21,0.906
5.7528,34.0,4.623376623376624,0.8571428571428571,757.0,3.277056277056277,33.91,-118.32,1.805
3.6902,41.0,5.221311475409836,1.040983606557377,1290.0,2.64344262295082,36.99,-122.01,2.33
7.8193,33.0,6.881533101045296,0.9442508710801394,801.0,2.7909407665505226,34.28,-118.52,3.796
1.2542,42.0,3.253571428571429,1.1357142857142857,1372.0,2.45,38.58,-121.51,0.76
6.7247,24.0,6.803030303030303,1.009469696969697,1683.0,3.1875,34.45,-119.82,3.338
5.4127,25.0,6.04179104477612,0.9313432835820896,907.0,2.707462686567164,34.42,-119.73,3.928
1.9402,43.0,2.8190709046454767,1.0048899755501222,1667.0,4.075794621026895,34.05,-118.22,1.393
1.5195,42.0,2.3997539975399755,1.040590405904059,2500.0,3.075030750307503,34.09,-118.31,2.182
3.9818,19.0,5.335106382978723,1.077659574468085,3251.0,3.4585106382978723,36.71,-121.63,1.529
5.3637,28.0,6.693486590038314,1.0842911877394636,1391.0,2.664750957854406,34.11,-117.74,2.147
2.0549,13.0,5.312457454050374,1.085091899251191,3297.0,2.244383934649421,33.93,-116.93,0.956
3.7303,37.0,4.37378640776699,0.9271844660194176,599.0,2.907766990291262,37.66,-122.1,1.497
1.725,52.0,3.765151515151515,0.9772727272727272,623.0,2.359848484848485,37.74,-121.43,1.115
3.3859,18.0,4.612844036697248,1.0605504587155965,2205.0,4.045871559633028,37.43,-121.96,1.58
6.5987,24.0,7.375565610859729,1.0361990950226243,1383.0,3.1289592760180995,33.72,-117.82,2.728
4.4375,49.0,5.439506172839506,1.0049382716049382,1052.0,2.5975308641975308,37.75,-122.48,3.292
2.0186,27.0,3.5267857142857144,1.1383928571428572,1896.0,4.232142857142857,33.79,-118.18,1.3
5.5456,50.0,5.678571428571429,1.0993788819875776,1725.0,2.6785714285714284,34.14,-118.22,2.581
1.6369,15.0,6.003115264797508,1.3302180685358256,810.0,2.5233644859813085,39.13,-122.87,0.865
4.7361,50.0,5.539393939393939,1.0121212121212122,322.0,1.951515151515152,33.76,-118.14,4.188
5.7979,52.0,5.981432360742706,1.0875331564986737,823.0,2.183023872679045,37.88,-122.26,4.153
8.4355,3.0,7.0,1.1063829787234043,2330.0,2.609182530795073,32.96,-117.21,4.676
3.3188,32.0,6.420704845814978,1.0837004405286343,1292.0,2.845814977973568,38.66,-121.3,1.171
1.1917,32.0,4.311111111111111,0.9185185185185184,588.0,2.1777777777777776,34.71,-118.14,0.869
3.3409,8.0,3.849744711889132,1.148796498905908,2389.0,1.7425237053245806,33.68,-117.89,1.813
4.3882,24.0,5.082139446036294,1.0152817574021011,4011.0,3.830945558739255,33.74,-117.92,1.893
2.8929,36.0,4.184549356223176,1.0429184549356223,809.0,3.4721030042918457,34.05,-117.73,1.181
2.8548,6.0,8.095914742451155,1.4280639431616342,1543.0,2.7406749555950265,34.7,-118.09,1.385
2.6442,23.0,4.13425925925926,1.0324074074074074,1149.0,5.319444444444445,33.75,-117.92,1.563
3.6362,6.0,4.871772805507745,1.1075731497418244,2943.0,2.5327022375215145,34.17,-117.32,1.065
0.536,4.0,14.0,3.333333333333333,9.0,3.0,34.14,-116.76,0.425
3.6625,21.0,4.481996726677577,1.0433715220949265,3384.0,2.769230769230769,34.39,-118.52,2.281
4.0139,36.0,5.546052631578948,0.9967105263157896,744.0,2.4473684210526314,38.45,-122.68,1.631
2.49,26.0,4.542808219178082,1.0633561643835616,774.0,1.3253424657534247,33.61,-117.72,0.811
1.7552,24.0,4.418502202643172,1.105726872246696,1098.0,4.837004405286344,39.35,-121.65,0.864
4.125,27.0,4.831460674157303,1.0379213483146068,1827.0,2.566011235955056,34.19,-118.43,2.455
3.2321,20.0,5.3755458515283845,1.0829694323144106,1117.0,2.438864628820961,34.09,-117.66,1.625
6.5755,23.0,5.137640449438202,0.9297752808988764,891.0,2.502808988764045,33.87,-118.37,3.599
3.5066,52.0,5.013921113689095,1.2621809744779582,904.0,2.097447795823666,37.79,-122.41,3.5
2.875,43.0,5.391304347826087,1.072463768115942,801.0,3.869565217391304,37.09,-120.95,0.972
5.225,16.0,5.502906976744186,0.9825581395348836,1461.0,4.247093023255814,37.58,-122.07,2.137
3.3702,52.0,4.576744186046511,1.0976744186046512,784.0,1.8232558139534885,37.76,-122.44,3.7
2.5625,35.0,6.966101694915254,1.2542372881355932,193.0,3.2711864406779663,37.96,-121.18,1.469
1.68,32.0,4.375224416517056,1.0628366247755834,1596.0,2.865350089766607,38.51,-121.46,0.841
4.149,44.0,5.520361990950226,1.0972850678733033,1011.0,2.2873303167420813,34.43,-119.69,4.436
4.192,25.0,4.886756238003839,1.0460652591170825,1543.0,2.9616122840690977,33.79,-117.87,2.199
2.6165,33.0,4.179389312977099,1.0559796437659033,2281.0,2.9020356234096694,34.19,-118.42,2.308
2.9821,46.0,4.398963730569948,0.9922279792746114,726.0,1.8808290155440408,38.55,-121.44,0.97
2.3958,14.0,7.911111111111111,1.4555555555555555,270.0,3.0,40.76,-122.89,1.021
3.0104,15.0,3.855218855218855,1.1144781144781144,1034.0,1.7407407407407407,32.87,-117.23,2.042
1.7276,50.0,4.036363636363636,1.075,1807.0,4.1068181818181815,37.78,-122.22,1.023
2.3594,43.0,3.804560260586319,1.0488599348534202,1203.0,1.9592833876221496,32.76,-117.12,1.278
5.0282,35.0,5.641592920353983,0.9823008849557522,959.0,4.243362831858407,34.22,-118.52,1.954
2.1702,27.0,5.008196721311475,1.1098360655737705,1407.0,2.3065573770491805,35.12,-120.59,1.797
4.0515,26.0,5.291845493562231,0.9599427753934192,2388.0,3.4163090128755367,38.15,-122.26,1.219
3.6389,44.0,6.126436781609195,1.091954022988506,416.0,2.3908045977011496,38.34,-122.28,3.04
2.5343,39.0,4.216931216931217,1.1375661375661377,1668.0,4.412698412698413,34.09,-118.2,1.382
2.2788,28.0,4.792626728110599,0.9838709677419356,1266.0,2.91705069124424,32.63,-117.08,1.463
3.0859,13.0,4.497902097902098,1.06993006993007,1627.0,2.275524475524476,37.95,-121.96,1.678
5.5106,10.0,5.789976133651551,1.0167064439140812,966.0,2.305489260143198,34.6,-120.12,2.909
3.5875,39.0,3.667279411764706,1.036764705882353,1202.0,2.209558823529412,34.17,-118.32,2.5
4.625,44.0,6.163090128755365,1.1030042918454936,745.0,3.1974248927038627,33.86,-118.14,2.134
2.1767,45.0,4.841059602649007,1.0198675496688745,924.0,3.0596026490066226,37.74,-122.39,1.853
3.1275,29.0,4.501564129301356,1.08133472367049,2102.0,2.191866527632951,33.8,-118.32,2.864
3.7132,15.0,5.1907790143084265,1.09697933227345,1629.0,2.589825119236884,38.43,-122.73,1.676
3.5341,52.0,4.929203539823009,1.0508849557522124,1311.0,2.900442477876106,34.13,-118.18,1.821
1.845,24.0,3.1207977207977207,1.0273504273504273,2863.0,1.6313390313390312,34.1,-118.35,2.375
5.0092,24.0,6.487804878048781,0.8926829268292683,656.0,3.2,37.97,-121.97,2.441
5.5959,30.0,5.78239608801956,1.019559902200489,1053.0,2.574572127139364,34.41,-119.74,3.462
1.9531,29.0,4.190972222222222,1.0451388888888888,804.0,2.7916666666666665,32.84,-115.57,0.611
2.2429,52.0,4.638349514563107,1.0072815533980584,777.0,1.8859223300970875,32.73,-117.13,2.211
3.0625,34.0,3.2142857142857144,0.7857142857142857,39.0,2.7857142857142856,34.08,-117.08,5.00001
2.1366,23.0,2.269607843137255,1.0024509803921569,1856.0,4.549019607843137,33.92,-118.22,1.0
3.4205,43.0,4.877149877149877,1.0810810810810811,1085.0,2.6658476658476657,37.78,-122.18,1.367
1.2227,19.0,5.039735099337748,1.3995584988962473,1184.0,2.613686534216336,40.16,-123.82,0.768
3.3214,33.0,4.419811320754717,1.018867924528302,1216.0,5.735849056603773,34.27,-118.42,1.313
2.7981,24.0,4.729237770193402,1.081911262798635,2734.0,3.110352673492605,38.02,-121.31,0.921
1.3801,39.0,3.617543859649123,1.0315789473684212,1933.0,3.3912280701754387,33.98,-118.27,0.97
2.0674,14.0,5.2253668763102725,1.29769392033543,2517.0,2.638364779874214,34.2,-116.38,0.65
4.4545,21.0,5.8375,1.153125,2021.0,3.1578125,34.02,-117.49,1.424
2.4397,14.0,4.261025029797378,1.1823599523241954,1645.0,1.9606674612634087,32.77,-117.19,1.406
2.5,35.0,3.36697247706422,1.036697247706422,398.0,3.651376146788991,37.47,-122.22,1.667
2.0915,16.0,4.523897058823529,1.1130514705882353,2557.0,2.350183823529412,38.39,-122.7,1.681
6.6478,21.0,7.030921052631579,1.013157894736842,4552.0,2.994736842105264,37.55,-121.95,3.334
3.2303,23.0,5.739478957915832,1.0100200400801602,1298.0,2.6012024048096194,38.13,-121.3,1.318
3.6301,7.0,5.766690091356289,1.0702740688685874,4399.0,3.0913562895291635,33.25,-117.32,1.709
2.2333,23.0,6.054313099041534,1.0862619808306708,749.0,2.3929712460063897,36.28,-119.29,1.201
3.0348,20.0,5.325475285171103,1.0714828897338402,3107.0,2.3627376425855515,38.63,-121.32,1.505
4.1118,5.0,4.99009900990099,1.295929592959296,2485.0,2.7337733773377337,34.05,-117.8,1.259
3.7917,40.0,4.959798994974874,1.030150753768844,1039.0,2.610552763819096,38.24,-122.64,1.516
2.8371,43.0,4.372340425531915,1.0851063829787233,1190.0,4.219858156028369,33.96,-118.2,1.613
4.1448,33.0,5.961734693877551,1.0089285714285714,2769.0,3.5318877551020407,34.08,-117.7,1.373
2.1324,36.0,3.671186440677966,1.159322033898305,1023.0,3.467796610169492,34.03,-118.36,1.438
2.7139,30.0,4.099870298313878,1.0544747081712065,1865.0,2.4189364461738,33.73,-118.29,2.317
5.2099,35.0,5.80327868852459,1.009367681498829,1333.0,3.1217798594847777,33.86,-117.95,1.914
3.8534,21.0,6.190804597701149,1.1057471264367815,1337.0,3.0735632183908046,39.09,-121.62,0.997
6.9664,11.0,7.592705167173253,1.03951367781155,4495.0,3.4156534954407296,32.66,-117.01,2.939
4.0,52.0,5.142857142857143,0.9807692307692308,984.0,2.7032967032967035,34.16,-118.13,2.504
3.0221,38.0,4.497584541062802,0.8743961352657005,566.0,2.7342995169082127,38.1,-122.22,0.933
4.0708,28.0,4.6428134556574925,1.0458715596330277,3420.0,2.091743119266055,33.82,-118.35,3.289
0.7403,37.0,4.491428571428571,1.1485714285714286,1046.0,2.9885714285714284,37.96,-122.37,0.686
5.4333,29.0,7.233766233766234,1.0584415584415583,385.0,2.5,32.78,-116.99,2.228
3.6382,25.0,7.772189349112426,1.1449704142011834,1059.0,3.133136094674556,34.66,-118.23,1.382
1.725,52.0,3.386215864759428,1.0884265279583876,1798.0,2.3381014304291288,37.88,-122.26,2.875
4.2206,40.0,5.164835164835165,0.934065934065934,932.0,3.413919413919414,33.98,-118.06,1.78
5.1909,16.0,6.671779141104294,1.003067484662577,1037.0,3.1809815950920246,32.99,-117.09,2.014
2.8333,15.0,3.708955223880597,1.1074626865671642,1994.0,2.976119402985075,34.23,-118.36,1.832
1.3801,36.0,4.5664160401002505,1.1253132832080202,930.0,2.330827067669173,40.68,-122.35,0.566
3.9844,18.0,5.54983388704319,1.0149501661129567,1952.0,3.242524916943521,32.74,-116.99,2.153
2.3454,33.0,2.8876404494382024,1.0589887640449438,753.0,2.115168539325843,34.43,-119.72,2.438
5.6629,33.0,5.556053811659193,1.0246636771300448,1567.0,3.513452914798206,34.23,-118.42,1.867
5.777,23.0,6.552301255230126,0.9811715481171548,1646.0,3.4435146443514646,33.85,-118.04,3.159
4.25,35.0,5.481037924151696,0.9540918163672656,1779.0,3.5508982035928143,34.1,-117.91,1.667
4.4038,33.0,5.975929978118162,1.0415754923413567,3527.0,3.858862144420131,34.0,-117.96,1.867
1.625,29.0,6.65,1.05,136.0,3.4,33.94,-117.56,1.643
5.9328,24.0,7.02317880794702,0.9801324503311258,913.0,3.02317880794702,34.13,-117.65,2.559
4.3111,3.0,7.219685039370079,1.190551181102362,3838.0,3.0220472440944883,33.84,-116.47,1.425
3.25,38.0,5.978021978021978,0.978021978021978,240.0,2.6373626373626373,40.55,-124.13,0.948
5.1775,35.0,5.875881523272215,1.005641748942172,2354.0,3.3201692524682653,33.84,-118.01,2.134
1.7143,34.0,3.114864864864865,1.0472972972972974,2450.0,3.310810810810811,34.01,-118.28,1.32
3.375,52.0,4.011904761904762,1.0714285714285714,647.0,3.851190476190476,37.79,-122.24,1.161
1.5132,28.0,2.567219152854512,1.0718232044198894,716.0,1.3186003683241252,34.02,-118.49,4.5
5.2374,26.0,5.2405063291139244,0.9430379746835444,508.0,3.2151898734177213,34.45,-118.53,1.855
4.4375,37.0,5.6015625,1.0234375,786.0,3.0703125,33.94,-118.11,2.449
2.5197,15.0,3.8697318007662833,1.049808429118774,649.0,2.4865900383141764,33.67,-117.82,3.5
4.3523,42.0,5.588652482269503,1.1099290780141844,697.0,2.471631205673759,34.1,-118.06,2.836
3.0625,8.0,5.283194057567316,1.1039925719591457,2887.0,2.680594243268338,39.73,-121.79,1.163
2.4811,17.0,5.202401372212693,1.012006861063465,1319.0,2.262435677530017,39.21,-121.08,1.118
15.0001,40.0,8.584541062801932,1.0,577.0,2.78743961352657,37.46,-122.21,5.00001
5.5,17.0,7.066037735849057,1.069182389937107,973.0,3.059748427672956,32.8,-117.06,2.22
2.8125,29.0,6.078571428571428,1.075,914.0,3.2642857142857142,36.46,-119.69,0.792
5.6558,38.0,6.154471544715447,1.008130081300813,319.0,2.5934959349593494,37.89,-122.07,2.633
5.7361,39.0,6.451612903225806,1.0026881720430108,877.0,2.35752688172043,33.81,-118.38,5.00001
2.05,11.0,3.571111111111111,1.0622222222222222,1384.0,3.075555555555556,32.75,-117.11,1.0
5.2289,41.0,5.569105691056911,1.146341463414634,266.0,2.16260162601626,37.87,-122.25,3.846
3.0069,25.0,3.0643776824034337,1.0271816881258942,1390.0,1.988555078683834,34.04,-118.46,3.25
2.6563,29.0,4.243478260869566,0.9391304347826088,308.0,2.678260869565217,37.87,-121.29,1.031
4.5568,36.0,5.750561797752809,1.053932584269663,1358.0,3.051685393258427,34.2,-118.57,2.015
5.308,15.0,6.147668393782383,0.9430051813471504,1280.0,3.316062176165803,36.89,-119.67,1.675
2.6184,25.0,3.622950819672131,1.1454918032786885,983.0,2.014344262295082,33.88,-118.12,2.438
4.6349,31.0,6.052795031055901,1.0683229813664596,986.0,3.062111801242236,37.54,-121.97,1.962
2.2466,30.0,5.277258566978193,0.97196261682243,1008.0,3.1401869158878504,36.64,-119.82,0.96
5.75,2.0,10.223744292237445,1.4657534246575343,766.0,3.497716894977169,37.72,-121.45,2.402
3.4911,26.0,5.915119363395226,1.0875331564986737,1155.0,3.0636604774535807,38.7,-121.37,0.882
2.945,52.0,4.27456647398844,1.0404624277456649,652.0,1.884393063583815,34.08,-118.38,4.314
2.3169,28.0,3.680473372781065,1.0562130177514792,2891.0,4.276627218934912,33.72,-116.21,0.689
5.5381,36.0,6.07488986784141,1.0044052863436124,750.0,3.303964757709251,37.56,-122.3,2.82
3.2594,36.0,4.05958549222798,0.9378238341968912,1054.0,2.7305699481865284,33.88,-118.35,2.339
3.425,28.0,4.841726618705036,1.0467625899280577,1575.0,5.66546762589928,33.75,-117.9,1.595
5.6013,35.0,5.771428571428571,0.9938775510204082,1439.0,2.936734693877551,33.83,-118.36,3.502
3.5268,23.0,4.894308943089431,1.0975609756097562,409.0,3.3252032520325203,34.09,-118.05,1.464
3.5227,19.0,5.40122199592668,1.0590631364562118,1421.0,2.894093686354379,32.61,-116.79,2.061
4.3714,23.0,6.202672605790646,1.042316258351893,1456.0,3.242761692650334,32.7,-117.0,1.31
3.3661,31.0,5.58648111332008,1.0298210735586482,1640.0,3.2604373757455267,38.05,-121.98,0.985
3.185,30.0,4.7633262260127935,1.0223880597014925,4027.0,4.29317697228145,34.04,-117.99,1.683
5.6949,21.0,6.402208201892744,0.943217665615142,2133.0,3.364353312302839,34.28,-118.67,2.353
3.5988,9.0,5.715633423180593,1.1212938005390836,1929.0,2.5997304582210243,35.61,-117.68,0.845
3.625,16.0,4.404833836858006,0.8912386706948641,912.0,2.7552870090634443,34.06,-117.71,1.604
5.7358,7.0,6.450746268656716,0.9711442786069652,3269.0,3.25273631840796,32.63,-117.01,2.216
4.5402,34.0,6.441791044776119,1.0925373134328358,1046.0,3.1223880597014926,32.84,-117.21,1.821
2.6208,52.0,3.820338983050848,1.088135593220339,1237.0,2.0966101694915253,35.27,-120.65,2.271
2.8247,15.0,4.953029759770527,1.0354965937612048,6583.0,2.360344209394048,33.15,-117.04,1.5
3.9196,25.0,7.214477211796247,1.6032171581769437,964.0,2.584450402144772,39.18,-120.87,1.427
5.2719,46.0,5.406698564593301,1.0956937799043065,698.0,3.339712918660287,34.07,-118.11,2.444
6.1383,23.0,7.203562340966921,1.0330788804071247,1284.0,3.267175572519084,34.3,-118.7,2.441
2.1,17.0,4.335740072202166,0.967509025270758,555.0,2.003610108303249,39.51,-122.22,0.669
2.225,21.0,4.68561872909699,1.1070234113712374,651.0,2.177257525083612,40.17,-122.23,0.647
3.1462,19.0,2.76530612244898,1.119047619047619,2079.0,1.4142857142857144,37.78,-122.42,1.875
1.1635,39.0,3.7808988764044944,1.0674157303370786,1520.0,4.269662921348314,33.97,-118.25,1.087
4.1862,15.0,5.538551401869159,1.116822429906542,2043.0,2.3866822429906542,38.33,-122.3,1.836
2.7399,18.0,3.480611045828437,1.1104582843713278,1639.0,1.9259694477085785,37.52,-122.21,0.875
3.9167,28.0,8.839142091152816,1.8123324396782845,923.0,2.474530831099196,38.38,-123.08,2.326
2.0425,35.0,5.556306306306307,1.0563063063063065,1194.0,2.689189189189189,40.19,-122.26,0.637
4.7446,15.0,5.164102564102564,1.0743589743589743,839.0,2.151282051282051,33.93,-117.96,1.754
2.5938,48.0,6.225563909774436,1.368421052631579,392.0,2.9473684210526314,37.81,-122.3,0.735
6.3467,44.0,6.994065281899109,1.0148367952522257,891.0,2.643916913946588,34.18,-118.12,3.527
5.2361,16.0,5.123583934088568,0.9773429454170958,2537.0,2.612770339855819,34.21,-118.84,2.247
6.0274,36.0,6.2075471698113205,1.026954177897574,862.0,2.3234501347708894,37.75,-122.45,3.49
1.7411,52.0,5.435540069686411,1.2299651567944252,670.0,2.334494773519164,38.11,-122.26,0.984
2.8458,52.0,4.00355871886121,1.00711743772242,1051.0,1.870106761565836,37.76,-122.43,3.5
3.3844,6.0,5.420807453416149,1.0201863354037266,2075.0,3.222049689440994,37.67,-120.93,1.385
4.4474,42.0,4.176829268292683,0.9115853658536586,1018.0,3.1036585365853657,33.83,-118.22,1.602
1.6198,30.0,4.357142857142857,1.0357142857142858,425.0,3.0357142857142856,37.79,-122.23,1.227
10.3599,31.0,8.403967538322814,1.030658250676285,2980.0,2.6871055004508566,34.14,-118.48,5.00001
5.8541,22.0,6.448105436573312,0.9884678747940692,1871.0,3.0823723228995057,33.66,-117.97,2.815
4.1552,34.0,4.64,1.032,1249.0,3.3306666666666667,33.89,-118.35,2.339
2.3859,31.0,3.735218508997429,1.038560411311054,1486.0,3.820051413881748,34.07,-118.21,1.531
2.7201,52.0,4.939338235294118,1.1029411764705883,1716.0,3.1544117647058822,34.17,-118.14,2.057
3.8893,25.0,4.576399394856279,1.042360060514372,1755.0,2.655068078668684,37.26,-121.88,2.186
4.175,14.0,5.604698672114402,1.0459652706843718,2823.0,2.8835546475995915,37.14,-121.64,2.298
4.9444,12.0,12.447368421052632,2.210526315789474,1179.0,2.068421052631579,33.79,-116.42,2.85
4.3,27.0,4.7063953488372094,1.0232558139534884,831.0,2.4156976744186047,36.61,-121.92,2.264
5.6063,16.0,6.417391304347826,0.9695652173913044,1525.0,3.315217391304348,37.45,-121.9,3.205
1.9875,18.0,3.481375358166189,0.9169054441260746,1195.0,3.424068767908309,32.56,-117.05,1.149
4.5263,33.0,6.552380952380952,1.0285714285714285,1384.0,4.393650793650794,33.79,-117.99,1.69
2.2083,44.0,8.280701754385966,1.4210526315789471,206.0,3.6140350877192975,32.8,-115.73,0.938
1.6178,21.0,3.487562189054726,1.2056384742951909,1064.0,1.7645107794361523,33.77,-118.19,1.375
3.9489,21.0,4.753794266441822,1.092748735244519,1435.0,2.4198988195615514,34.04,-118.45,3.602
5.9114,46.0,6.079470198675497,1.0562913907284768,767.0,2.5397350993377485,37.72,-122.47,3.99
3.8929,52.0,4.730120481927711,1.036144578313253,1197.0,2.8843373493975903,33.79,-117.85,2.11
5.7524,52.0,5.794466403162056,1.0039525691699605,600.0,2.3715415019762847,34.08,-118.37,3.936
2.125,37.0,3.657492354740061,1.1131498470948011,1622.0,4.960244648318043,33.98,-118.24,1.089
6.706,49.0,6.802020202020202,1.0565656565656565,1317.0,2.6606060606060606,34.11,-118.1,3.514
3.9219,37.0,5.953191489361702,0.9531914893617022,530.0,2.25531914893617,37.73,-122.49,4.333
1.975,30.0,4.808917197452229,1.0870488322717622,1402.0,2.976645435244161,34.65,-120.44,1.34
12.5,7.0,4.444444444444445,0.7777777777777778,50.0,1.851851851851852,37.64,-122.48,2.81
3.0107,52.0,4.746458923512748,1.018413597733711,2101.0,2.975920679886685,37.72,-122.43,2.42
3.1304,42.0,4.073717948717949,0.9647435897435898,574.0,1.8397435897435896,34.0,-118.47,3.405
6.7741,9.0,6.922063666300768,1.0559824368825466,2581.0,2.8331503841931944,37.96,-122.2,3.107
1.8095,39.0,4.403100775193798,0.9844961240310076,267.0,2.069767441860465,39.75,-121.85,0.781
8.5425,35.0,7.508403361344538,1.01890756302521,1325.0,2.783613445378151,37.24,-121.98,5.00001
7.0844,11.0,7.83585313174946,1.0129589632829374,1488.0,3.2138228941684663,34.14,-117.66,3.25
3.1857,24.0,4.90249433106576,1.0408163265306123,1468.0,3.328798185941043,37.67,-121.03,0.983
5.6293,15.0,6.4192307692307695,1.023076923076923,1834.0,3.526923076923077,38.03,-122.25,1.976
2.3438,26.0,4.616438356164384,0.9452054794520548,277.0,3.7945205479452055,36.47,-119.37,1.0
8.0103,20.0,8.856140350877194,1.0912280701754389,965.0,3.3859649122807016,34.15,-117.66,3.955
3.7891,16.0,10.375478927203066,1.842911877394636,712.0,2.727969348659004,38.86,-120.04,1.177
0.8246,18.0,4.65,0.9833333333333332,188.0,3.1333333333333333,34.55,-117.32,0.917
3.8796,32.0,5.76510067114094,1.0246085011185682,1172.0,2.621923937360179,38.31,-122.31,1.755
4.665,23.0,5.84,1.0847058823529412,1048.0,2.4658823529411764,33.42,-117.6,2.806
2.6736,52.0,3.692934782608696,1.0733695652173914,521.0,1.4157608695652173,34.0,-118.48,5.00001
3.1397,33.0,4.4,0.9701492537313432,1205.0,3.5970149253731343,33.93,-118.1,1.668
3.369,25.0,4.610512129380054,1.082210242587601,1681.0,2.265498652291105,32.8,-116.96,1.344
1.875,48.0,8.8,2.013793103448276,358.0,2.46896551724138,39.56,-120.92,0.666
2.2348,33.0,3.6658259773013873,1.005044136191677,3212.0,4.050441361916771,34.09,-118.17,1.466
4.1734,39.0,6.396825396825397,1.0634920634920637,640.0,2.031746031746032,38.45,-122.7,2.405
1.998,27.0,21.80565371024735,4.646643109540636,1300.0,2.2968197879858656,34.24,-116.94,1.535
2.25,15.0,6.11214953271028,1.2554517133956389,730.0,2.2741433021806854,35.68,-118.06,0.675
4.6087,36.0,5.790067720090294,1.0338600451467268,1155.0,2.6072234762979685,33.81,-118.12,2.246
7.0935,22.0,6.349367088607595,1.017721518987342,1254.0,3.174683544303797,33.82,-118.32,3.795
4.0223,34.0,4.0,1.0,1994.0,3.067692307692308,37.39,-122.03,2.502
3.0341,27.0,4.541554959785523,1.0536193029490617,1890.0,5.067024128686327,33.91,-118.23,0.891
3.2591,33.0,4.128133704735376,1.0403899721448469,2235.0,3.1128133704735377,33.77,-117.94,1.759
3.4773,31.0,4.611898016997167,1.028328611898017,1595.0,2.259206798866856,32.79,-117.0,1.558
2.5437,6.0,4.506134969325154,1.0782208588957056,2877.0,2.206288343558282,35.46,-120.64,1.464
4.6953,18.0,7.051851851851852,1.2666666666666666,1027.0,2.5358024691358025,38.77,-122.85,2.417
5.749,36.0,5.822368421052632,0.9736842105263158,938.0,3.085526315789474,34.26,-118.48,2.38
3.4184,20.0,4.721481481481481,1.045925925925926,3690.0,2.7333333333333334,34.03,-117.69,1.625
4.7566,23.0,5.762917933130699,0.9483282674772036,1988.0,3.021276595744681,33.09,-117.08,1.783
1.2716,19.0,3.4779026217228464,1.0704119850187266,4638.0,3.4741573033707867,36.81,-119.76,0.694
3.4318,31.0,5.199186991869919,1.0406504065040652,1164.0,2.365853658536585,32.83,-117.22,2.004
6.396,35.0,5.863636363636363,0.9829545454545454,453.0,2.573863636363636,37.62,-122.04,2.085
4.0391,33.0,5.196141479099678,1.0353697749196142,580.0,1.864951768488746,34.16,-118.44,3.375
3.6645,16.0,6.014018691588785,1.030373831775701,1041.0,2.432242990654206,38.47,-121.13,2.034
6.3516,40.0,5.943231441048035,1.0480349344978166,559.0,2.441048034934498,34.01,-118.45,3.543
3.7969,14.0,5.105603448275862,1.3017241379310345,1546.0,3.331896551724138,33.91,-118.09,1.594
1.9911,10.0,5.57566765578635,1.1483679525222552,1376.0,4.083086053412463,32.97,-115.52,0.675
4.3654,31.0,5.155555555555556,1.0277777777777777,990.0,2.75,34.19,-118.55,2.238
6.4685,22.0,6.721374045801527,1.036259541984733,1706.0,3.2557251908396947,33.83,-117.88,2.412
7.5337,29.0,6.233812949640288,0.9172661870503596,679.0,2.4424460431654675,37.36,-122.05,4.068
1.2647,22.0,4.997214484679666,1.2116991643454038,1127.0,3.139275766016713,36.58,-119.63,0.553
1.7472,25.0,4.594017094017094,1.017094017094017,434.0,1.8547008547008548,32.6,-117.06,0.946
2.7632,16.0,3.305851063829788,0.9707446808510638,1925.0,5.11968085106383,33.74,-117.87,1.589
2.1042,19.0,5.884758364312268,1.4572490706319703,704.0,2.617100371747212,35.1,-120.66,2.683
2.875,26.0,3.980494148244473,1.0975292587776333,2135.0,2.776332899869961,33.79,-118.16,1.64
4.95,45.0,5.507598784194529,1.0212765957446808,752.0,2.2857142857142856,37.5,-122.25,3.45
4.7813,17.0,7.31767955801105,1.0662983425414363,1057.0,2.9198895027624308,34.9,-120.37,3.268
2.1354,29.0,5.096085409252669,1.0676156583629892,1314.0,2.3380782918149468,40.57,-124.14,0.751
2.2156,26.0,3.773076923076923,1.0384615384615383,1236.0,2.376923076923077,33.94,-117.94,1.45
1.6452,32.0,4.324705882352941,1.0376470588235294,1628.0,3.8305882352941176,36.06,-119.14,0.415
4.2206,40.0,5.164835164835165,0.934065934065934,932.0,3.413919413919414,33.98,-118.06,1.78
7.0897,52.0,6.876237623762377,0.9455445544554456,514.0,2.5445544554455446,37.86,-122.25,4.462
4.0417,43.0,5.2,1.0169491525423728,826.0,2.8,37.74,-122.16,1.094
7.6486,17.0,7.043879907621247,0.9942263279445728,2771.0,3.199769053117783,33.93,-117.88,3.067
12.2092,20.0,8.836990595611285,1.0,1019.0,3.19435736677116,33.82,-117.81,5.00001
4.375,33.0,4.888040712468193,1.010178117048346,1492.0,3.796437659033079,34.1,-117.92,1.505
1.4665,16.0,4.340106007067138,1.232332155477032,2518.0,2.224381625441696,33.96,-116.51,0.611
3.3182,19.0,6.283236994219653,0.9884393063583816,649.0,3.7514450867052025,32.86,-115.4,1.138
3.0192,24.0,4.214750542299349,0.9696312364425164,1844.0,4.0,36.93,-121.77,1.843
6.0256,28.0,5.942760942760943,1.0134680134680134,1173.0,3.949494949494949,34.44,-119.85,2.768
3.3187,10.0,5.292391304347826,1.1576086956521738,4936.0,2.6826086956521737,33.9,-117.46,1.448
4.3036,36.0,5.065630397236615,1.069084628670121,1115.0,1.92573402417962,34.15,-118.38,3.659
3.6301,7.0,5.766690091356289,1.0702740688685874,4399.0,3.0913562895291635,33.25,-117.32,1.709
5.0766,40.0,5.6,1.0980392156862746,708.0,2.776470588235294,38.01,-122.65,3.054
2.754,21.0,2.642540620384047,1.0029542097488922,2300.0,3.397341211225997,34.2,-118.59,1.798
2.3882,43.0,3.5902255639097747,1.0676691729323309,585.0,2.199248120300752,37.77,-122.24,1.625
4.1786,42.0,4.611494252873563,0.9540229885057472,1230.0,2.827586206896552,37.74,-122.54,2.711
5.282,31.0,6.227848101265823,1.018987341772152,422.0,2.670886075949367,32.79,-117.14,1.83
2.875,24.0,5.344827586206897,1.1422413793103448,1035.0,4.461206896551724,36.72,-119.76,0.606
2.8348,18.0,4.766816143497758,0.937219730941704,462.0,2.071748878923767,33.84,-117.97,2.19
6.0,22.0,4.88425925925926,0.9444444444444444,682.0,3.1574074074074074,33.85,-118.08,1.913
3.6937,33.0,6.563318777292577,1.2314410480349345,652.0,2.8471615720524017,38.64,-121.39,0.993
4.0625,52.0,3.645161290322581,0.9301075268817204,791.0,4.252688172043011,34.11,-118.2,1.713
2.8229,16.0,4.700389105058366,1.0992217898832686,1750.0,3.404669260700389,34.06,-118.11,1.637
3.0208,36.0,3.902173913043478,1.0615942028985508,518.0,1.8768115942028984,37.89,-122.3,2.063
0.7591,16.0,3.42,1.084,486.0,1.944,33.74,-118.28,3.5
2.1094,27.0,6.958860759493671,1.6677215189873418,744.0,2.354430379746836,39.02,-122.69,0.724
3.2462,37.0,4.191219512195122,1.062439024390244,2100.0,2.048780487804878,37.97,-122.51,3.294
4.4306,14.0,5.355191256830601,0.9344262295081968,659.0,3.601092896174863,38.28,-121.33,1.701
6.6818,25.0,6.345,1.0,1678.0,2.796666666666667,37.3,-122.04,4.113
3.7917,32.0,5.133709981167608,1.0470809792843692,1513.0,2.849340866290019,33.82,-117.96,1.974
2.4113,23.0,4.7565445026178015,1.0471204188481675,1376.0,3.602094240837696,37.7,-122.41,2.142
1.1917,32.0,4.311111111111111,0.9185185185185184,588.0,2.1777777777777776,34.71,-118.14,0.869
3.9464,40.0,5.821428571428571,1.086734693877551,434.0,2.2142857142857144,37.93,-122.32,1.869
7.7197,4.0,6.153846153846154,0.7692307692307693,55.0,4.230769230769231,33.89,-117.42,1.938
4.0926,42.0,4.525114155251141,0.9817351598173516,717.0,3.2739726027397262,33.89,-118.09,1.644
2.6745,5.0,4.332298136645963,1.1583850931677018,638.0,1.9813664596273293,38.61,-121.5,2.25
2.1667,11.0,5.5285714285714285,1.119047619047619,640.0,3.0476190476190474,33.72,-117.28,1.146
2.165,34.0,5.304950495049505,1.0554455445544555,1287.0,2.548514851485149,39.53,-122.19,0.587
3.017,31.0,5.036559139784946,0.9440860215053763,1411.0,3.034408602150537,36.55,-119.38,0.72
1.5809,34.0,3.5180722891566263,1.0602409638554218,625.0,3.765060240963856,33.68,-116.21,1.0
4.7024,21.0,5.22392135445112,1.2501365374112507,3162.0,1.7269251774986347,33.63,-117.88,3.454
3.5529,43.0,5.865761689291101,1.0723981900452488,1466.0,2.211161387631976,32.76,-117.09,2.23
2.6094,52.0,6.98639455782313,1.6598639455782314,492.0,3.346938775510204,37.8,-122.29,0.813
3.2235,52.0,4.317596566523605,1.0772532188841202,349.0,1.497854077253219,37.8,-122.43,5.0
5.482,49.0,6.131696428571429,1.0535714285714286,1281.0,2.859375,37.75,-122.47,3.663
7.0245,31.0,6.581005586592179,1.1312849162011174,921.0,2.5726256983240225,37.4,-122.12,5.00001
1.7426,33.0,4.993318485523385,1.1514476614699332,1160.0,2.583518930957684,39.73,-121.82,0.603
5.9053,16.0,6.577464788732394,1.0035211267605637,995.0,3.5035211267605635,37.26,-121.8,2.605
5.4223,52.0,7.112612612612613,1.0337837837837838,1229.0,2.768018018018018,34.16,-118.11,3.256
4.106,10.0,5.7818012999071495,1.0807799442896937,2909.0,2.701021355617456,38.55,-121.55,1.159
4.6053,30.0,4.467954345917471,1.0623353819139596,1935.0,1.6988586479367866,37.76,-122.44,3.861
2.6437,19.0,3.531096563011457,1.067103109656301,2490.0,2.037643207855974,34.2,-118.52,1.95
1.5882,50.0,4.599337748344371,1.205298013245033,976.0,3.2317880794701987,34.05,-118.32,3.273
3.2386,13.0,3.537142857142857,1.0895238095238096,838.0,1.5961904761904762,33.7,-117.89,1.292
2.625,42.0,4.152777777777778,1.0208333333333333,312.0,2.1666666666666665,34.1,-118.25,1.643
4.1699,47.0,5.309278350515464,1.120274914089347,1105.0,1.8986254295532643,33.54,-117.77,3.737
2.1458,29.0,5.848484848484849,1.1717171717171715,218.0,2.202020202020202,36.18,-120.43,1.042
6.4696,10.0,7.217391304347826,0.9710144927536232,1700.0,3.519668737060041,32.97,-117.13,2.495
1.6154,17.0,62.422222222222224,14.11111111111111,83.0,1.8444444444444448,33.97,-114.49,0.875
4.2917,13.0,6.4605263157894735,1.162280701754386,597.0,2.6184210526315788,38.44,-120.69,1.213
2.1125,26.0,4.690821256038648,1.183574879227053,592.0,2.859903381642512,34.07,-117.32,0.84
3.375,35.0,4.967479674796748,1.0308943089430895,3738.0,6.078048780487805,34.01,-117.92,1.272
1.6812,25.0,4.192200557103064,1.0222841225626742,1392.0,3.877437325905293,36.06,-119.01,0.477
5.1498,35.0,7.256130790190736,1.0544959128065394,1086.0,2.959128065395096,37.71,-122.09,2.664
1.6369,39.0,4.91131498470948,1.0091743119266054,731.0,2.235474006116208,40.78,-124.17,0.683
1.3963,41.0,2.746765249537893,0.9408502772643254,2312.0,4.273567467652495,33.99,-118.25,0.929
3.6923,18.0,3.652037617554859,1.0438871473354232,855.0,2.6802507836990594,37.59,-122.02,2.132
4.8214,35.0,5.523668639053255,1.014792899408284,1213.0,3.588757396449704,37.54,-122.03,1.86
2.3886,16.0,5.254716981132075,1.1622641509433962,1387.0,2.616981132075472,39.37,-121.24,0.894
4.224,43.0,5.655097613882863,1.03470715835141,1225.0,2.6572668112798263,37.49,-122.25,3.496
5.6139,19.0,6.8088235294117645,0.9852941176470588,866.0,3.1838235294117645,37.27,-121.86,2.795
0.8362,17.0,8.471698113207546,2.849056603773585,141.0,2.660377358490566,40.07,-123.41,0.875
3.3864,45.0,4.824175824175824,1.0615384615384615,1265.0,2.78021978021978,34.08,-118.36,3.979
3.4506,10.0,5.356715141146279,1.0932420872540634,2954.0,2.526946107784432,38.68,-121.22,1.39
3.825,28.0,6.306930693069307,1.0643564356435644,572.0,2.8316831683168315,36.59,-119.45,0.842
3.5313,15.0,5.306425041186161,1.085667215815486,1390.0,2.28995057660626,34.27,-118.67,1.918
2.0074,40.0,5.394805194805195,1.12987012987013,1454.0,3.7766233766233768,38.55,-121.46,0.57
4.5833,39.0,4.911111111111111,1.0733333333333333,1023.0,2.273333333333333,37.39,-122.08,3.424
5.9094,5.0,6.5742154368108565,1.1081424936386768,7417.0,3.145462256149279,33.0,-117.1,2.611
4.5052,32.0,4.636363636363637,0.922077922077922,654.0,4.246753246753247,33.77,-117.94,1.708
2.0655,37.0,4.684210526315789,1.1345029239766082,1553.0,4.54093567251462,33.96,-118.24,0.934
2.4219,24.0,3.7145969498910674,1.0435729847494553,2037.0,4.437908496732026,33.99,-118.12,1.375
4.3714,23.0,6.202672605790646,1.042316258351893,1456.0,3.242761692650334,32.7,-117.0,1.31
10.1454,26.0,8.171220400728597,1.0091074681238617,1598.0,2.9107468123861566,33.63,-117.9,5.00001
15.0001,33.0,7.446511627906977,1.0372093023255815,629.0,2.925581395348837,37.43,-122.27,5.00001
2.25,31.0,3.558558558558558,1.0855855855855856,1095.0,4.9324324324324325,34.28,-119.14,0.75
3.9506,11.0,5.516746411483253,1.0047846889952152,1308.0,3.129186602870813,38.72,-121.31,1.222
8.3474,33.0,8.124087591240876,1.0583941605839415,424.0,3.0948905109489053,33.97,-117.95,5.00001
3.1378,13.0,4.135957066189624,1.0590339892665477,2038.0,3.645796064400716,33.92,-117.95,1.37
2.151,33.0,4.861244019138756,0.985645933014354,617.0,2.952153110047847,37.59,-120.89,1.958
4.0945,13.0,5.733197556008147,1.089613034623218,1492.0,3.038696537678208,34.53,-117.98,1.357
9.8589,18.0,7.100719424460432,0.935251798561151,808.0,2.906474820143885,33.64,-117.82,5.00001
1.125,36.0,4.4409090909090905,1.165909090909091,1437.0,3.265909090909091,37.91,-122.33,0.938
7.9338,4.0,7.9296,1.1088,1802.0,2.8832,33.54,-117.7,3.547
2.5029,43.0,3.922920892494929,1.0365111561866125,1895.0,3.843813387423935,33.94,-118.2,1.597
4.0368,33.0,5.308457711442786,0.965174129353234,600.0,2.985074626865672,34.08,-117.75,1.391
2.9191,19.0,4.457386363636363,0.9971590909090908,1035.0,2.940340909090909,33.19,-117.24,1.594
6.4246,25.0,6.051808406647116,1.056695992179863,2297.0,2.2453567937438903,33.72,-118.33,4.467
2.4006,24.0,5.700507614213198,1.1725888324873095,1291.0,3.2766497461928936,36.6,-119.81,0.764
2.55,38.0,4.438356164383562,0.958904109589041,268.0,3.671232876712329,34.0,-118.41,2.714
5.259,13.0,6.733133433283358,1.0329835082458771,1657.0,2.484257871064468,38.64,-121.24,2.494
5.1991,39.0,6.309446254071661,1.0944625407166124,742.0,2.416938110749186,37.73,-122.49,3.694
5.1701,37.0,5.598870056497175,1.0169491525423728,463.0,2.615819209039548,37.54,-122.28,2.942
6.5413,12.0,7.489655172413793,0.967816091954023,1464.0,3.3655172413793104,33.6,-117.69,3.32
2.2109,23.0,5.363128491620111,1.2681564245810055,1161.0,3.2430167597765363,34.11,-117.24,0.732
7.4382,11.0,10.822651448639157,1.7559262510974538,2450.0,2.151009657594381,33.72,-116.33,3.531
2.375,33.0,4.378612716763006,1.199421965317919,1345.0,3.88728323699422,34.09,-118.16,1.75
3.145,37.0,5.3478260869565215,1.034324942791762,948.0,2.1693363844393594,33.98,-117.39,1.691
2.2155,31.0,4.98469387755102,1.217687074829932,1969.0,3.348639455782313,35.35,-119.0,0.621
2.4583,26.0,4.361643835616438,1.1753424657534246,1182.0,3.238356164383561,34.06,-117.67,1.104
4.125,19.0,5.373737373737374,1.0303030303030305,1317.0,2.217171717171717,37.94,-122.02,2.671
2.1354,44.0,4.613157894736842,1.018421052631579,1165.0,3.0657894736842106,34.0,-118.29,1.058
3.142,23.0,4.538277511961723,1.0526315789473684,1109.0,2.65311004784689,37.64,-122.08,1.795
4.26,46.0,5.959785522788204,0.967828418230563,968.0,2.5951742627345844,34.02,-118.33,1.826
5.0699,25.0,5.293361884368308,0.9635974304068522,1301.0,2.7858672376873663,33.73,-118.05,2.661
4.6076,6.0,4.665773011617516,1.0875781948168006,2597.0,2.320822162645219,33.66,-117.64,2.04
1.6071,27.0,4.190476190476191,1.0389610389610389,587.0,2.5411255411255413,36.97,-120.07,0.55
3.5054,33.0,3.99375,0.971875,1157.0,3.615625,33.82,-118.21,1.468
1.9615,43.0,3.844884488448845,1.046204620462046,1279.0,4.221122112211221,34.05,-118.2,1.417
5.3244,28.0,5.197513812154696,1.0524861878453038,1967.0,2.7168508287292816,33.87,-118.32,2.719
1.8672,43.0,3.988095238095238,0.9126984126984128,548.0,2.1746031746031744,32.64,-117.08,1.458
3.9167,52.0,5.376146788990826,0.9862385321100916,489.0,2.243119266055046,37.88,-122.28,2.356
5.2548,35.0,6.018115942028985,0.9855072463768116,949.0,3.438405797101449,33.85,-117.99,1.926
3.8906,31.0,4.767258382642998,1.0059171597633136,1102.0,2.173570019723866,34.18,-118.43,2.822
6.5648,32.0,7.355844155844156,1.0207792207792208,1033.0,2.6831168831168832,34.03,-117.15,2.372
3.1071,40.0,3.951923076923077,1.1322115384615383,780.0,1.875,33.71,-118.29,4.643
3.1196,16.0,5.306089743589744,1.125,1627.0,2.6073717948717947,32.84,-116.76,1.872
2.4583,29.0,3.6506849315068495,1.047945205479452,1143.0,2.6095890410958904,34.19,-118.44,1.991
5.1228,17.0,5.189822294022617,1.024232633279483,3934.0,3.1777059773828755,37.24,-121.85,2.376
2.425,46.0,4.927710843373494,1.0180722891566265,772.0,2.325301204819277,36.33,-119.31,0.849
4.6985,12.0,5.702054794520548,1.0273972602739727,1577.0,2.7003424657534247,34.27,-118.8,2.641
6.101,42.0,6.496815286624204,0.9936305732484076,398.0,2.535031847133758,34.16,-118.0,3.118
4.0156,9.0,4.677631578947368,0.9144736842105264,316.0,2.0789473684210527,34.16,-117.32,1.31
6.5901,17.0,6.729400749063671,1.0046816479400749,3844.0,3.599250936329588,33.88,-118.06,3.374
5.8703,5.0,6.535603715170279,1.1021671826625388,2024.0,3.1331269349845203,34.36,-118.52,5.00001
4.5893,39.0,5.711688311688311,1.0077922077922077,1025.0,2.6623376623376624,37.95,-122.07,1.9
2.7865,17.0,3.703703703703704,1.0601851851851851,1803.0,4.173611111111111,33.71,-117.99,2.167
5.4224,37.0,6.620947630922693,1.0349127182044888,1056.0,2.633416458852868,34.15,-117.87,2.695
2.7352,46.0,3.934973637961336,0.8927943760984183,1390.0,2.4428822495606326,37.78,-122.21,1.373
5.0544,29.0,5.875555555555556,1.031111111111111,1372.0,3.048888888888889,38.24,-122.67,2.618
6.9794,15.0,8.593607305936073,1.0639269406392695,704.0,3.2146118721461185,32.95,-117.26,5.00001
2.5083,41.0,4.268965517241379,0.9517241379310344,636.0,4.386206896551724,33.93,-118.21,1.181
15.0001,40.0,8.584541062801932,1.0,577.0,2.78743961352657,37.46,-122.21,5.00001
4.1477,32.0,4.879098360655738,0.956967213114754,1264.0,2.5901639344262297,33.79,-118.32,3.151
3.5313,15.0,4.516913319238901,1.0496828752642706,2300.0,2.431289640591966,33.78,-117.99,2.13
2.503,17.0,6.935960591133005,1.5738916256157636,1027.0,2.5295566502463056,40.77,-121.86,0.656
3.1875,5.0,5.3788927335640135,1.0968858131487889,1823.0,3.1539792387543253,33.24,-117.29,1.538
4.9219,35.0,6.930232558139535,1.1686046511627908,535.0,3.11046511627907,37.98,-122.0,1.82
1.9135,16.0,4.833333333333333,1.1136363636363635,380.0,2.878787878787879,37.36,-120.61,0.875
3.5938,36.0,5.74384236453202,1.064039408866995,504.0,2.4827586206896552,39.15,-123.22,1.221
3.968,8.0,5.995402298850575,0.9839080459770116,1530.0,3.5172413793103448,37.37,-120.62,1.021
5.1377,34.0,6.113924050632911,0.9968354430379748,1053.0,3.3322784810126582,33.89,-118.0,2.133
10.2264,52.0,4.8,0.6,41.0,4.1,34.06,-118.22,1.125
2.7179,46.0,3.694103194103194,1.049140049140049,2587.0,3.178132678132678,34.08,-118.27,1.843
3.3917,25.0,4.770114942528736,1.3103448275862069,368.0,2.1149425287356323,37.38,-122.08,3.429
5.3767,20.0,6.359550561797753,0.99438202247191,518.0,2.9101123595505616,36.35,-119.37,2.313
3.4213,4.0,5.472645739910314,0.9991031390134528,3406.0,3.054708520179372,36.78,-119.87,0.845
4.6534,24.0,6.596685082872928,0.988950276243094,1187.0,3.2790055248618786,38.25,-122.62,1.965
10.0765,3.0,7.674358974358975,1.1,991.0,2.541025641025641,33.61,-117.59,3.782
3.4327,31.0,4.342939481268012,1.063400576368876,1548.0,4.461095100864553,34.07,-117.99,1.472
2.3912,34.0,5.652960526315789,1.144736842105263,1783.0,2.932565789473684,35.16,-119.45,0.529
11.2866,14.0,7.271897810218978,1.041970802919708,2926.0,2.6697080291970803,34.09,-118.57,5.00001
2.888,50.0,5.105812220566319,1.1460506706408349,2261.0,3.369597615499255,37.73,-122.42,2.464
5.4688,38.0,6.262135922330097,1.203883495145631,265.0,2.5728155339805827,37.47,-122.25,3.05
7.2623,52.0,4.287822878228782,1.041820418204182,1248.0,1.5350553505535056,37.79,-122.43,5.00001
4.575,36.0,5.625,0.9852941176470588,306.0,2.25,37.36,-121.97,2.476
4.4375,43.0,5.710344827586207,1.0413793103448277,446.0,3.075862068965517,37.3,-121.91,3.276
4.4306,21.0,5.904225352112676,1.0591549295774647,2101.0,2.9591549295774646,32.78,-116.92,1.591
2.875,26.0,5.1697612732095495,1.0503978779840848,1575.0,4.177718832891247,34.96,-120.45,1.214
3.8269,29.0,5.767543859649122,1.0526315789473684,650.0,2.8508771929824563,38.25,-122.68,3.06
2.655,22.0,4.305555555555555,1.0208333333333333,768.0,2.6666666666666665,35.12,-120.62,1.6
3.7813,14.0,5.826196473551637,1.035264483627204,954.0,2.403022670025189,38.35,-122.7,1.465
2.6765,26.0,5.415349887133183,1.1693002257336342,1037.0,2.340857787810384,40.26,-120.2,0.476
2.4722,52.0,2.767871485943775,1.0923694779116466,1768.0,1.4200803212851405,34.06,-118.35,5.00001
5.6197,3.0,7.465875370919881,1.2729970326409497,781.0,2.3175074183976263,33.49,-117.64,2.716
1.4653,7.0,3.5257936507936507,1.0178571428571428,4479.0,8.886904761904763,38.54,-121.79,3.1
1.76,29.0,3.664335664335664,1.062937062937063,1697.0,3.955710955710956,37.3,-120.5,0.632
4.2188,28.0,6.132007233273056,0.9945750452079566,1546.0,2.7956600361663653,38.66,-121.3,1.392
1.375,20.0,4.1,1.8,94.0,9.4,38.91,-122.71,0.55
4.0288,35.0,5.333333333333333,0.986842105263158,893.0,3.9166666666666665,33.86,-117.93,1.84
4.1289,13.0,4.572038420490928,1.112059765208111,2146.0,2.290288153681964,38.03,-122.44,1.792
8.163,10.0,6.0,1.0,128.0,2.098360655737705,33.49,-117.67,2.5
11.6648,27.0,8.920833333333333,1.0833333333333333,635.0,2.645833333333333,33.79,-118.44,5.00001
2.3438,42.0,3.7797783933518008,1.0041551246537397,3004.0,4.160664819944598,34.02,-118.15,1.543
2.5455,32.0,3.878787878787879,1.0389610389610389,548.0,2.3722943722943723,35.28,-120.65,1.659
5.2732,15.0,4.81145584725537,1.0572792362768495,1015.0,2.4224343675417663,33.65,-117.94,2.097
2.7875,35.0,4.48371335504886,1.1433224755700326,1592.0,2.592833876221498,33.95,-118.15,2.09
4.5185,30.0,5.828767123287672,1.058904109589041,2129.0,2.916438356164384,34.08,-117.69,1.425
4.0703,10.0,6.343575418994414,1.111731843575419,986.0,2.7541899441340782,36.32,-118.94,1.471
1.365,40.0,4.756676557863502,1.1097922848664687,1026.0,3.0445103857566767,35.37,-118.96,0.543
5.2809,28.0,6.872727272727273,1.018181818181818,752.0,2.278787878787879,36.82,-119.82,1.515
6.799,21.0,7.077452667814113,0.9982788296041308,1886.0,3.2461273666092945,33.69,-117.97,2.92
2.225,41.0,5.157894736842105,1.0526315789473684,68.0,3.5789473684210527,37.64,-122.42,2.125
6.887,37.0,5.915094339622642,0.8962264150943396,259.0,2.443396226415094,33.77,-118.32,5.00001
3.5227,19.0,5.40122199592668,1.0590631364562118,1421.0,2.894093686354379,32.61,-116.79,2.061
6.1731,26.0,8.146496815286625,1.038216560509554,412.0,2.624203821656051,34.12,-117.73,2.938
4.0,47.0,5.414893617021277,1.00354609929078,1102.0,3.907801418439716,37.71,-122.46,2.316
1.7206,21.0,3.4833333333333334,1.1,401.0,3.341666666666667,34.07,-117.27,0.821
1.8472,36.0,5.46524064171123,1.195187165775401,1021.0,2.729946524064171,35.42,-119.02,0.574
3.1908,15.0,5.665768194070081,0.9649595687331536,957.0,2.579514824797844,40.26,-122.2,1.379
3.8646,36.0,4.975395430579965,1.0070298769771528,1462.0,2.5694200351493848,33.84,-118.16,2.146
4.4437,16.0,5.9326599326599325,0.9865319865319864,810.0,2.727272727272727,38.37,-122.85,3.05
4.0721,52.0,6.298076923076923,1.2644230769230769,689.0,3.3125,34.1,-118.26,3.5
3.7067,18.0,4.886486486486486,1.0810810810810811,968.0,2.616216216216216,38.41,-122.36,1.75
5.5196,46.0,5.400568181818182,0.8380681818181818,833.0,2.366477272727273,37.94,-122.32,2.108
6.3191,36.0,6.680327868852459,1.0327868852459017,353.0,2.89344262295082,37.35,-121.97,2.583
2.4185,48.0,4.168571428571428,0.9257142857142856,902.0,2.577142857142857,34.36,-119.06,1.899
2.5428,45.0,3.903052064631957,1.125673249551167,1992.0,3.576301615798923,34.08,-118.26,1.678
3.5391,30.0,5.229468599033816,1.2946859903381642,1500.0,3.6231884057971016,37.75,-119.55,0.559
3.5982,35.0,5.1976401179941005,1.0324483775811208,686.0,2.023598820058997,38.29,-122.46,2.717
2.6053,33.0,4.786632390745501,1.102827763496144,971.0,2.4961439588688945,37.8,-121.21,0.992
7.6348,4.0,6.534079348931841,1.0600203458799593,2607.0,2.6520854526958293,32.98,-117.24,3.37
5.606,32.0,5.365155131264917,1.097852028639618,1191.0,2.8424821002386635,37.31,-121.98,2.889
3.4455,10.0,5.512027491408935,1.092783505154639,1395.0,2.3969072164948453,33.14,-117.11,1.905
7.0215,6.0,6.534090909090909,0.8295454545454546,318.0,3.613636363636364,33.94,-117.56,2.571
2.3472,52.0,3.812807881773399,1.0295566502463054,813.0,4.004926108374384,34.03,-118.2,1.352
2.6442,34.0,3.1272727272727274,0.6909090909090909,149.0,2.709090909090909,38.61,-121.44,0.55
4.6833,17.0,5.235831809872029,0.8903107861060329,1482.0,2.709323583180987,38.26,-122.61,2.152
5.17,39.0,6.190804597701149,1.0988505747126436,1219.0,2.802298850574713,34.16,-118.52,3.354
2.4632,35.0,5.56043956043956,0.9862637362637364,786.0,2.159340659340659,38.61,-121.39,1.569
4.89,52.0,6.060679611650485,0.9854368932038836,1030.0,2.5,34.07,-118.35,5.00001
2.2794,23.0,5.763414634146342,1.0951219512195125,1168.0,2.848780487804878,36.99,-120.64,0.757
7.9943,16.0,8.367609254498715,1.0501285347043705,2304.0,2.961439588688946,34.2,-118.9,4.521
5.7763,14.0,6.847746650426309,1.048721071863581,3108.0,3.785627283800244,33.99,-117.72,2.067
5.4127,25.0,6.04179104477612,0.9313432835820896,907.0,2.707462686567164,34.42,-119.73,3.928
0.8894,20.0,2.46875,1.1026785714285714,851.0,1.899553571428572,37.34,-121.89,3.5
1.75,50.0,4.096385542168675,0.891566265060241,235.0,2.8313253012048194,40.81,-124.15,0.675
2.8348,8.0,3.7813370473537606,1.0445682451253482,2580.0,3.5933147632311977,36.91,-121.77,1.62
7.5791,18.0,6.783904619970194,1.052160953800298,1918.0,2.8584202682563338,33.59,-117.66,2.881
4.7831,24.0,5.303875968992248,1.0170542635658917,2220.0,3.441860465116279,34.22,-119.03,2.142
6.9742,38.0,6.496183206106871,1.0178117048346056,1042.0,2.651399491094148,33.8,-118.36,5.00001
6.7694,29.0,6.654605263157895,1.0855263157894737,747.0,2.457236842105264,34.15,-118.59,3.697
2.2813,22.0,3.855882352941177,0.9382352941176472,1455.0,4.279411764705882,37.38,-120.72,0.673
3.9375,21.0,36.715384615384615,8.053846153846154,337.0,2.5923076923076924,34.24,-117.07,1.15
6.7395,26.0,7.929078014184397,0.9929078014184396,809.0,2.868794326241135,33.73,-118.0,3.428
3.875,27.0,3.620772946859904,1.0289855072463767,755.0,1.8236714975845407,34.14,-118.15,2.583
1.8854,30.0,3.798479087452472,1.0038022813688212,1011.0,3.844106463878327,37.79,-122.23,1.375
3.238,40.0,4.177619893428064,1.0621669626998225,1133.0,2.0124333925399647,34.05,-118.38,2.875
0.7917,52.0,2.018867924528302,1.490566037735849,167.0,3.150943396226415,37.95,-121.29,0.225
3.1393,14.0,6.31079478054567,1.1553973902728352,1947.0,2.3096085409252667,33.97,-116.95,1.163
5.1752,16.0,6.04578313253012,1.027710843373494,2524.0,3.040963855421687,34.26,-119.19,2.18
3.0313,40.0,4.91919191919192,1.042929292929293,1434.0,3.621212121212121,37.72,-122.4,2.191
6.5743,10.0,7.07286432160804,1.0829145728643217,1181.0,2.9673366834170856,33.72,-117.77,2.787
10.7237,21.0,8.837606837606838,1.0,323.0,2.7606837606837606,37.41,-122.18,5.00001
3.7857,16.0,5.077504725897921,0.9754253308128544,1553.0,2.935727788279773,38.69,-121.34,1.127
4.2109,14.0,4.98974358974359,1.1871794871794872,1205.0,3.08974358974359,32.93,-117.14,1.712
5.8527,22.0,6.309486780715397,0.9704510108864696,2204.0,3.4276827371695178,33.81,-118.04,2.41
2.4038,46.0,3.6126543209876543,1.0848765432098766,2371.0,3.658950617283951,34.07,-118.26,1.817
10.06,22.0,7.985200845665962,1.047568710359408,2808.0,2.968287526427061,33.77,-118.41,5.00001
1.7562,30.0,3.4423076923076925,1.0692307692307692,1827.0,3.5134615384615384,33.97,-118.19,1.813
0.977,40.0,2.3157894736842106,1.186842105263158,582.0,1.5315789473684212,37.81,-122.27,1.188
3.148,22.0,5.170542635658915,1.0,1520.0,3.9276485788113695,37.64,-121.03,1.023
8.9248,37.0,6.463087248322148,0.9731543624161074,721.0,2.4194630872483223,37.92,-122.56,5.00001
1.9932,29.0,4.32994923857868,1.0532994923857868,990.0,2.512690355329949,38.47,-122.72,1.648
7.1221,34.0,6.930417495029821,1.0079522862823065,1311.0,2.606361829025845,33.8,-118.07,3.845
2.2115,20.0,7.768115942028985,1.736231884057971,918.0,2.6608695652173915,40.88,-123.53,0.75
1.6645,20.0,5.671814671814672,1.16988416988417,1031.0,3.980694980694981,36.35,-119.42,0.48
2.4896,33.0,5.711864406779661,0.9915254237288136,573.0,2.4279661016949152,40.57,-124.11,0.741
3.5352,17.0,6.228540772532189,1.177038626609442,1919.0,2.0590128755364807,35.14,-120.7,3.578
1.8162,50.0,3.5025641025641026,0.9692307692307692,459.0,2.353846153846154,37.64,-120.99,0.7
2.1389,16.0,4.31665228645384,1.0181190681622088,4145.0,3.576358930112166,33.89,-118.23,1.334
3.9099,33.0,4.55108877721943,1.1088777219430486,1546.0,2.589614740368509,34.18,-118.43,2.675
1.3125,37.0,3.25,0.967391304347826,318.0,3.4565217391304346,34.1,-118.17,1.458
2.7437,18.0,5.535776614310646,1.1029668411867364,1621.0,2.8289703315881325,34.09,-117.43,1.202
2.6129,52.0,5.777777777777778,1.0857142857142856,601.0,1.907936507936508,34.05,-117.18,1.37
6.4265,16.0,6.909565217391305,1.0347826086956522,1971.0,3.4278260869565216,33.87,-117.76,2.637
4.8047,15.0,4.93351548269581,1.0919854280510015,2593.0,2.3615664845173043,37.53,-122.28,4.38
3.0132,44.0,4.094545454545455,1.0763636363636364,989.0,1.798181818181818,37.88,-122.27,2.729
2.1419,30.0,5.006864988558353,1.0411899313501145,1033.0,2.3638443935926774,39.22,-121.08,1.052
3.89,7.0,4.689458689458689,0.9943019943019944,1911.0,2.7222222222222223,38.34,-121.96,1.403
2.3864,11.0,1.9853372434017595,1.0850439882697946,1143.0,3.3519061583577714,34.05,-118.29,3.5
9.2225,42.0,6.193236714975845,1.1111111111111112,913.0,2.205314009661836,34.07,-118.46,5.00001
5.482,49.0,6.131696428571429,1.0535714285714286,1281.0,2.859375,37.75,-122.47,3.663
4.5129,16.0,6.174757281553398,1.046116504854369,1199.0,2.9101941747572817,38.95,-121.19,1.963
2.5521,38.0,2.859848484848485,1.0113636363636365,2899.0,3.660353535353536,34.08,-118.27,1.575
5.1271,36.0,6.026706231454006,1.0059347181008902,817.0,2.4243323442136497,33.81,-118.37,4.583
7.4029,52.0,6.752631578947368,0.9105263157894736,436.0,2.294736842105263,32.74,-117.22,3.457
8.565,31.0,8.107438016528926,1.0041322314049588,697.0,2.8801652892561984,34.25,-118.56,5.00001
6.0531,26.0,6.685840707964601,1.0530973451327434,1852.0,4.097345132743363,33.86,-118.25,1.864
3.6333,7.0,7.2434554973821985,1.1073298429319371,1143.0,2.992146596858639,39.11,-121.05,1.702
2.7301,16.0,4.894436519258202,1.028530670470756,1777.0,2.5349500713266764,35.13,-120.61,1.904
5.1585,18.0,6.48015873015873,0.9642857142857144,750.0,2.9761904761904763,40.57,-122.23,1.508
2.069,43.0,4.863849765258216,1.0938967136150235,652.0,3.061032863849765,37.75,-122.18,0.846
4.1767,34.0,5.356060606060606,0.9962121212121212,983.0,3.7234848484848486,33.92,-118.11,1.566
6.7496,36.0,5.411616161616162,1.095959595959596,751.0,1.8964646464646464,34.05,-118.48,5.00001
3.1719,14.0,4.590782122905028,1.1075418994413408,1601.0,2.2360335195530725,37.95,-122.03,2.205
2.75,27.0,5.003086419753086,0.9969135802469136,882.0,2.7222222222222223,36.55,-119.43,0.935
3.55,17.0,4.794007490636704,0.951310861423221,707.0,2.647940074906367,37.09,-119.65,1.063
4.8264,36.0,5.059259259259259,0.8296296296296296,719.0,2.662962962962963,34.18,-118.56,2.51
2.5625,49.0,4.615384615384615,0.8461538461538461,76.0,5.846153846153846,34.1,-117.3,0.75
4.1837,22.0,5.670781893004115,1.0617283950617284,1849.0,3.8045267489711936,32.7,-117.02,1.254
5.6485,26.0,7.629787234042553,1.0382978723404257,653.0,2.77872340425532,38.57,-121.36,1.295
4.5022,2.0,4.529356943150047,1.1118359739049395,2332.0,2.173345759552656,33.65,-117.59,1.519
10.0285,22.0,8.95766129032258,1.1290322580645162,1573.0,3.1713709677419355,34.41,-118.4,5.00001
2.1905,17.0,4.7973856209150325,1.0212418300653594,5034.0,4.112745098039215,36.71,-119.74,0.618
3.7933,34.0,5.327868852459017,1.0491803278688523,870.0,4.754098360655738,34.07,-117.79,1.161
1.6081,35.0,3.354131534569983,1.069139966273187,1108.0,1.8684654300168635,34.09,-118.35,2.889
2.5263,52.0,5.81981981981982,1.3490990990990992,790.0,1.779279279279279,36.62,-121.92,2.864
1.119,9.0,3.569230769230769,1.1323076923076922,735.0,2.261538461538461,33.83,-117.91,1.75
2.2437,9.0,4.114213197969543,1.0862944162436547,678.0,1.7208121827411167,36.73,-119.73,0.542
11.0911,20.0,8.259803921568627,1.0612745098039216,1020.0,2.5,33.03,-117.21,5.00001
2.8594,22.0,4.715214564369311,1.071521456436931,1800.0,2.340702210663199,32.76,-117.01,1.896
1.4107,29.0,4.247443762781186,1.071574642126789,1887.0,3.858895705521472,36.76,-119.75,0.598
5.4011,15.0,5.385744234800838,1.70230607966457,785.0,1.6457023060796645,33.75,-118.11,3.464
6.5173,24.0,6.4526315789473685,0.9947368421052633,1554.0,2.726315789473684,34.45,-119.81,3.34
3.6083,15.0,4.050675675675675,1.016891891891892,510.0,1.722972972972973,32.86,-117.23,1.801
6.6453,25.0,6.618249534450651,0.9832402234636872,1600.0,2.97951582867784,33.78,-118.03,2.701
2.6403,31.0,3.7816711590296497,1.045822102425876,724.0,1.9514824797843664,32.8,-117.23,2.161
6.0531,34.0,7.081967213114754,0.9770491803278688,852.0,2.79344262295082,33.84,-117.93,2.871
4.125,52.0,5.036144578313253,1.0542168674698795,747.0,4.5,33.95,-118.37,1.74
5.7021,15.0,6.437007874015748,0.9330708661417324,2711.0,3.557742782152231,34.0,-117.7,1.931
5.623,34.0,6.239754098360656,1.1680327868852458,1002.0,2.05327868852459,34.43,-119.64,5.00001
8.735,10.0,6.343373493975903,0.960843373493976,1002.0,3.0180722891566263,33.68,-117.79,3.753
5.0081,39.0,5.013745704467354,0.979381443298969,761.0,2.6151202749140894,37.54,-122.29,2.981
3.7969,14.0,5.105603448275862,1.3017241379310345,1546.0,3.331896551724138,33.91,-118.09,1.594
5.1064,16.0,4.142141863699583,1.1082058414464535,6270.0,1.7440890125173854,33.96,-118.43,2.832
2.8828,36.0,5.7,1.0666666666666669,861.0,2.87,37.94,-121.7,1.311
3.5833,16.0,6.887179487179488,1.235897435897436,732.0,3.753846153846154,37.73,-120.76,1.875
5.1061,26.0,6.714765100671141,1.0134228187919463,836.0,2.8053691275167787,33.78,-118.03,2.575
3.4107,13.0,5.15625,1.125,822.0,12.84375,32.75,-115.5,1.425
7.1576,52.0,10.344827586206897,1.2137931034482758,384.0,2.648275862068965,34.08,-118.45,5.00001
4.1806,44.0,6.470046082949309,1.055299539170507,513.0,2.3640552995391704,32.74,-117.23,2.638
1.5026,38.0,3.1928166351606806,0.994328922495274,1071.0,2.0245746691871456,38.43,-122.71,1.24
2.4137,21.0,5.386075949367089,1.1329113924050631,1347.0,4.262658227848101,36.73,-119.83,0.621
3.0021,19.0,5.934803451581975,1.299137104506232,2242.0,2.149568552253116,33.72,-116.37,1.523
4.7143,35.0,6.103092783505154,1.0309278350515465,572.0,2.948453608247423,37.65,-122.09,1.938
4.125,18.0,5.583815028901734,1.0115606936416186,1071.0,3.0953757225433525,34.97,-120.42,1.398
4.4167,28.0,4.282846715328467,1.1094890510948905,785.0,1.4324817518248176,34.09,-118.39,4.25
1.5313,19.0,5.609489051094891,1.2007299270072993,617.0,2.2518248175182483,39.49,-121.53,0.503
4.0982,36.0,5.880769230769231,1.023076923076923,683.0,2.626923076923077,32.79,-117.09,1.712
3.0625,14.0,5.48695652173913,1.1356521739130434,951.0,1.653913043478261,33.66,-117.99,2.688
4.5828,17.0,5.361788617886178,1.0365853658536586,4066.0,4.132113821138211,34.16,-119.17,2.054
3.7143,39.0,4.994186046511628,0.9534883720930232,673.0,3.9127906976744176,33.93,-118.08,1.582
5.0524,18.0,5.187869822485207,1.051775147928994,1224.0,1.8106508875739644,37.91,-122.38,2.698
4.1375,28.0,6.105162523900574,1.0038240917782026,1750.0,3.3460803059273423,34.09,-117.42,1.283
4.4427,31.0,5.633228840125392,1.025078369905956,796.0,2.4952978056426334,37.65,-122.1,2.045
2.4207,31.0,3.850202429149797,1.1214574898785423,1485.0,3.006072874493927,37.32,-121.92,1.656
2.7461,17.0,5.4261904761904765,1.0666666666666669,1200.0,2.857142857142857,36.15,-120.38,0.7
6.3088,6.0,7.038608400509122,1.1438268985999152,6223.0,2.640220619431481,33.48,-117.7,3.403
5.061,34.0,5.081553398058253,1.083495145631068,1396.0,2.7106796116504857,33.84,-118.29,2.18
2.6016,14.0,4.6989733059548255,1.104722792607803,6068.0,2.491991786447638,38.68,-121.28,1.212
4.5432,2.0,7.6216498433693,1.222763661677689,8652.0,3.011486251305256,38.72,-121.35,1.513
2.2672,16.0,5.32518337408313,1.0770171149144254,1629.0,1.9914425427872864,38.03,-121.29,0.911
3.0859,13.0,4.497902097902098,1.06993006993007,1627.0,2.275524475524476,37.95,-121.96,1.678
2.1542,17.0,7.045045045045045,1.554054054054054,517.0,2.328828828828829,41.01,-123.52,0.838
3.4643,36.0,4.970149253731344,0.9850746268656716,366.0,2.7313432835820897,37.71,-122.16,1.75
1.6118,39.0,3.730434782608696,1.0231884057971017,1171.0,3.3942028985507244,34.09,-118.21,1.385
0.9797,32.0,4.843283582089552,1.3544776119402986,716.0,2.671641791044776,37.95,-122.37,0.764
2.4952,14.0,5.708609271523179,1.043046357615894,939.0,3.109271523178808,39.47,-121.54,0.539
1.7813,33.0,4.356435643564357,1.0,1048.0,3.458745874587459,39.13,-123.16,0.947
4.7804,17.0,5.305128205128205,1.0320512820512822,2442.0,3.1307692307692307,33.78,-117.8,2.42
3.0833,29.0,5.434108527131783,0.9819121447028424,1124.0,2.904392764857881,38.69,-121.37,0.87
4.05,33.0,5.556400506970849,0.9860583016476552,1775.0,2.249683143219265,38.74,-121.28,1.347
2.2344,34.0,3.20414201183432,1.0769230769230769,1132.0,3.3491124260355027,34.06,-118.22,1.531
3.125,42.0,4.012820512820513,0.9166666666666666,625.0,4.006410256410256,33.98,-118.22,1.663
4.7034,5.0,4.85781990521327,0.999210110584518,3188.0,2.5181674565560823,34.28,-118.68,2.23
2.7813,19.0,5.310476190476191,1.1695238095238096,1365.0,2.6,36.74,-119.67,1.203
4.8,34.0,5.223880597014926,1.044776119402985,723.0,3.5970149253731343,33.76,-117.89,1.927
2.5719,35.0,5.133738601823708,1.127659574468085,1475.0,4.4832826747720365,36.5,-119.26,0.743
1.6652,48.0,4.767379679144385,1.0668449197860963,938.0,2.508021390374332,39.15,-121.59,0.589
5.1009,52.0,6.123333333333333,1.0433333333333332,668.0,2.2266666666666666,32.69,-117.18,5.00001
3.8505,10.0,5.412126068376068,1.0456730769230769,9716.0,2.59508547008547,34.13,-117.59,1.696
4.8693,44.0,6.181434599156118,1.042194092827004,817.0,3.4472573839662446,38.02,-122.02,1.569
3.0491,34.0,4.498721227621483,1.10230179028133,1282.0,3.278772378516624,33.97,-118.04,1.582
7.1674,26.0,5.307807807807808,1.1231231231231231,1322.0,1.984984984984985,34.07,-118.44,5.00001
3.1062,11.0,5.140302613480055,1.0412654745529573,2212.0,3.0426409903713894,33.23,-117.34,1.41
8.1714,23.0,7.883597883597884,0.9576719576719576,1208.0,3.195767195767196,34.24,-118.56,5.00001
1.2269,28.0,4.873663751214772,1.2050534499514092,3900.0,3.7900874635568513,37.71,-122.41,1.819
3.526,17.0,5.733606557377049,1.0956284153005464,1656.0,2.262295081967213,35.32,-120.84,1.839
1.3668,52.0,2.673635307781649,1.089430894308943,1515.0,1.759581881533101,37.79,-122.41,0.55
4.3229,7.0,5.623569794050344,1.0125858123569793,2833.0,3.24141876430206,34.7,-118.12,1.3
3.9837,31.0,5.018651362984218,1.0444763271162123,2098.0,3.010043041606887,33.87,-118.09,2.46
3.7143,35.0,5.205882352941177,0.9595588235294118,995.0,3.6580882352941178,34.24,-118.43,1.787
1.869,43.0,5.966911764705882,1.0808823529411764,781.0,2.8713235294117645,36.76,-119.77,0.56
5.0,20.0,6.46530612244898,1.0489795918367346,1390.0,2.836734693877551,38.13,-121.29,1.548
4.6312,30.0,5.377567140600316,1.09478672985782,1794.0,2.834123222748816,37.3,-121.98,2.832
1.7,30.0,3.758695652173913,0.9934782608695653,1673.0,3.63695652173913,32.71,-117.11,0.859
2.625,23.0,5.101176470588236,1.183529411764706,1190.0,2.8,36.77,-119.83,0.716
3.125,38.0,6.020408163265306,1.0903790087463556,812.0,2.36734693877551,32.77,-117.09,2.165
4.1389,19.0,4.47872340425532,1.0292553191489362,1224.0,3.25531914893617,37.42,-121.91,1.741
5.2887,25.0,6.344488188976378,1.031496062992126,1763.0,3.470472440944882,34.42,-118.47,1.83
4.0446,40.0,5.608391608391608,1.041958041958042,445.0,3.111888111888112,37.37,-121.82,1.963
1.4946,34.0,4.340694006309148,1.1861198738170349,702.0,2.214511041009464,39.15,-121.58,0.555
4.3056,44.0,6.134020618556701,1.0549828178694158,779.0,2.676975945017182,33.82,-118.13,2.286
4.8917,45.0,5.918088737201365,1.129692832764505,797.0,2.720136518771331,33.83,-118.12,2.228
5.7407,25.0,7.405882352941177,1.0823529411764703,599.0,3.523529411764706,33.98,-117.96,3.022
4.725,44.0,5.969945355191257,0.9754098360655736,943.0,2.576502732240437,37.94,-122.08,2.321
5.6785,20.0,6.051640667025282,1.0182894029047875,4952.0,2.6637977407208178,34.12,-117.71,2.395
2.1029,11.0,23.994152046783626,5.157894736842105,356.0,2.08187134502924,36.12,-118.54,0.991
3.5562,32.0,5.052777777777778,1.0722222222222222,1679.0,4.663888888888889,33.89,-118.07,1.46
4.0,38.0,5.1658536585365855,1.0634146341463415,561.0,2.7365853658536587,33.86,-118.33,2.486
3.7041,11.0,7.260932944606414,1.186588921282799,1934.0,2.8192419825072887,37.62,-120.95,1.748
3.6412,15.0,5.3442088091354,1.0929853181076672,1520.0,2.4796084828711256,35.33,-120.84,2.078
1.95,19.0,3.218390804597701,0.9655172413793104,483.0,5.551724137931035,34.25,-118.41,1.375
1.4529,25.0,4.087478559176672,0.9879931389365352,1234.0,2.1166380789022297,37.49,-120.84,0.861
1.6635,14.0,3.740576496674058,1.124168514412417,762.0,1.689578713968958,32.79,-115.58,0.644
6.6321,36.0,5.7346437346437344,1.0565110565110565,1033.0,2.538083538083538,33.89,-118.4,4.815
5.5563,52.0,5.159663865546219,0.9495798319327732,1032.0,2.8907563025210083,37.74,-122.41,2.508
4.869,35.0,5.372596153846154,0.9375,1148.0,2.7596153846153846,34.27,-118.5,2.216
2.3812,35.0,6.289473684210527,1.1096491228070176,753.0,3.3026315789473686,32.74,-117.08,1.351
2.0398,46.0,4.911528150134048,0.9785522788203752,975.0,2.613941018766756,37.96,-121.32,0.881
3.1642,24.0,3.2353966870095903,1.0392327811682651,1764.0,1.5379250217959894,34.03,-118.41,3.667
4.2898,40.0,5.224867724867725,1.029100529100529,1116.0,2.952380952380953,34.09,-118.06,2.516
4.6912,50.0,4.87984496124031,0.9825581395348836,979.0,1.8972868217054264,37.76,-122.45,5.00001
1.7238,33.0,1.9268774703557312,1.034584980237154,3707.0,3.6630434782608696,34.06,-118.26,1.1
2.0,10.0,3.911392405063291,1.0717299578059072,2855.0,3.011603375527426,33.79,-118.29,1.654
0.7007,30.0,3.64,1.0242857142857142,2086.0,2.98,33.85,-118.18,1.344
4.3438,19.0,5.181500872600349,1.0558464223385688,1326.0,2.3141361256544504,34.1,-117.67,1.557
5.4399,4.0,7.388888888888889,1.0867003367003367,4010.0,3.3754208754208754,38.29,-121.98,1.871
3.1212,39.0,4.535897435897436,1.051282051282051,1499.0,3.843589743589744,34.29,-118.43,1.535
2.9853,7.0,4.472945891783567,0.9819639278557114,1274.0,2.55310621242485,36.78,-119.86,0.747
5.756,13.0,6.965517241379311,1.303448275862069,679.0,2.3413793103448275,33.47,-117.69,3.056
4.0972,52.0,2.1481481481481484,1.9259259259259256,41.0,1.5185185185185186,34.05,-118.26,5.00001
3.0263,29.0,3.948207171314741,1.00199203187251,1426.0,2.840637450199204,33.76,-118.0,1.942
4.3636,33.0,5.510204081632653,1.0148423005565863,1869.0,3.467532467532468,33.81,-118.0,2.018
2.4875,26.0,4.556476683937824,1.033160621761658,2539.0,2.6310880829015546,38.09,-122.23,0.9
3.5625,17.0,4.776523702031603,1.069977426636569,662.0,1.4943566591422122,33.61,-117.74,1.808
5.8142,28.0,7.648648648648648,1.237837837837838,898.0,2.427027027027027,36.49,-121.88,5.00001
6.8109,35.0,6.71830985915493,0.9859154929577464,505.0,2.3708920187793425,33.95,-118.0,4.01
7.7108,39.0,6.846607669616519,0.991150442477876,880.0,2.595870206489676,34.18,-118.1,4.5
5.4618,13.0,36.06060606060606,7.106060606060606,309.0,2.340909090909091,34.23,-116.86,1.478
1.2321,35.0,3.062256809338521,1.1731517509727627,820.0,1.595330739299611,33.77,-118.19,1.375
4.8152,36.0,5.637323943661972,1.0211267605633805,715.0,2.517605633802817,33.97,-118.03,2.324
4.9904,36.0,6.004366812227074,1.0633187772925763,1386.0,3.0262008733624453,33.86,-118.11,2.217
3.7368,37.0,5.281914893617022,0.9875886524822696,1285.0,2.278368794326241,32.76,-117.04,1.522
5.5148,15.0,5.706783369803063,1.0021881838074398,1531.0,3.350109409190372,36.89,-121.66,2.535
4.0,24.0,5.982456140350878,1.1228070175438596,146.0,2.56140350877193,39.08,-122.92,1.663
3.415,29.0,4.128205128205129,1.098793363499246,2352.0,1.7737556561085972,34.15,-118.44,3.825
3.4312,18.0,5.188916876574307,0.964735516372796,1348.0,3.395465994962217,36.36,-119.32,0.684
5.3925,51.0,5.0067796610169495,0.9491525423728814,750.0,2.542372881355932,34.2,-118.23,3.179
3.0893,22.0,3.859300476947536,1.0731319554848966,2519.0,2.0023847376788555,34.2,-118.46,2.056
2.5898,43.0,5.425974025974026,1.0363636363636364,955.0,2.4805194805194803,38.52,-121.43,0.721
3.3438,8.0,6.096871846619576,0.987891019172553,3031.0,3.058526740665994,34.4,-117.27,1.244
3.46,31.0,4.457575757575758,0.9727272727272728,841.0,2.5484848484848484,33.93,-117.96,2.328
5.0603,26.0,6.304,1.016,346.0,2.768,32.81,-117.17,1.857
3.65,10.0,5.502092050209205,1.0603705917513448,5935.0,3.547519426180514,37.82,-121.28,1.194
3.2656,29.0,5.621621621621622,1.0926640926640927,2188.0,4.223938223938224,34.11,-117.34,0.906
2.125,29.0,5.335714285714285,1.0214285714285714,991.0,3.539285714285714,34.13,-117.34,0.706
3.994,29.0,5.502747252747253,1.1016483516483515,1520.0,4.175824175824176,34.08,-118.0,1.953
5.2955,23.0,6.831168831168832,1.0493506493506493,1184.0,3.0753246753246755,34.17,-118.95,2.476
3.9674,52.0,4.542253521126761,1.0746478873239436,1559.0,2.195774647887324,34.09,-118.27,2.688
3.0288,19.0,3.373529411764706,1.0529411764705885,1686.0,2.4794117647058824,34.15,-118.23,2.583
3.5388,32.0,5.031390134529148,1.0448430493273542,557.0,2.497757847533632,33.63,-117.91,4.07
2.9735,24.0,4.478260869565218,1.1270022883295194,2147.0,2.4565217391304346,32.75,-117.22,2.25
5.2853,31.0,5.169444444444444,1.1944444444444444,736.0,2.0444444444444443,34.15,-118.42,3.559
1.9176,24.0,4.23469387755102,0.9693877551020408,279.0,1.423469387755102,33.02,-117.06,1.211
4.4667,34.0,5.812375249500998,1.037924151696607,1625.0,3.2435129740518964,33.79,-117.95,1.906
3.5909,46.0,5.913725490196079,1.0235294117647058,674.0,2.6431372549019607,34.17,-118.16,1.554
3.4792,13.0,4.914163090128755,1.0128755364806867,1761.0,2.51931330472103,32.58,-117.06,1.076
1.7714,27.0,2.5325,0.985,1067.0,2.6675,33.9,-118.29,1.594
4.3393,52.0,5.272536687631027,1.0356394129979036,1583.0,3.318658280922432,37.75,-122.48,3.176
1.5347,31.0,4.987068965517241,1.1896551724137931,956.0,4.120689655172414,37.96,-122.36,0.804
4.5086,16.0,5.7156398104265405,0.9928909952606636,1612.0,3.8199052132701423,32.93,-117.14,1.711
4.0156,34.0,5.471590909090909,0.9034090909090908,392.0,2.227272727272727,38.14,-122.26,1.347
4.5399,52.0,4.898601398601398,1.0874125874125875,954.0,1.667832167832168,37.8,-122.43,5.00001
2.0,5.0,4.572668112798264,1.075921908893709,1666.0,3.613882863340564,33.77,-117.23,0.83
1.8,32.0,3.9397590361445785,0.9518072289156626,736.0,2.9558232931726907,36.72,-120.06,0.604
6.1321,27.0,6.708185053380783,1.019572953736655,1606.0,2.857651245551601,34.13,-117.82,3.097
3.428,15.0,5.572317262830482,1.0015552099533438,2183.0,3.3950233281493003,38.02,-121.35,1.407
3.8819,39.0,5.5559701492537314,1.1343283582089552,700.0,2.611940298507463,34.44,-119.72,2.899
3.6429,28.0,5.249180327868852,1.0098360655737706,848.0,2.780327868852459,38.69,-121.41,1.052
4.3021,15.0,5.101083032490974,1.0072202166064983,803.0,2.898916967509025,32.78,-115.57,0.875
6.6779,5.0,7.507177033492823,0.9521531100478468,713.0,3.411483253588517,38.3,-122.03,2.239
1.6369,39.0,4.91131498470948,1.0091743119266054,731.0,2.235474006116208,40.78,-124.17,0.683
6.323,19.0,6.813953488372093,0.9953488372093025,1481.0,3.444186046511628,33.51,-117.68,4.808
5.1017,17.0,5.895104895104895,0.986013986013986,1756.0,4.093240093240094,37.35,-121.8,2.407
1.4089,22.0,4.1678200692041525,1.0069204152249136,1887.0,3.264705882352941,32.7,-117.09,0.942
8.4331,36.0,6.266871165644171,1.4325153374233128,606.0,1.8588957055214723,34.02,-118.6,5.00001
3.6875,34.0,4.419664268585132,1.0599520383693046,861.0,2.064748201438849,34.18,-118.45,2.464
5.7321,18.0,6.814953271028037,0.9981308411214952,1651.0,3.085981308411215,37.99,-121.79,1.647
3.66,34.0,4.670588235294118,1.0588235294117647,1080.0,3.176470588235294,34.22,-118.43,1.846
3.4074,16.0,5.960251046025105,1.0585774058577406,1508.0,3.154811715481172,36.8,-119.84,0.727
5.1583,8.0,4.83743842364532,1.0172413793103448,913.0,2.248768472906404,33.68,-117.81,1.922
2.3886,16.0,5.254716981132075,1.1622641509433962,1387.0,2.616981132075472,39.37,-121.24,0.894
3.1875,30.0,4.171487603305785,1.1384297520661155,2481.0,5.12603305785124,34.06,-118.04,1.542
4.7557,7.0,6.874717832957111,1.0395033860045146,2916.0,3.291196388261851,38.41,-121.38,1.504
4.3214,35.0,5.655844155844156,0.9415584415584416,354.0,2.2987012987012987,34.41,-119.72,3.418
5.2838,36.0,5.9,1.06,664.0,3.32,37.64,-122.09,1.726
3.8259,52.0,6.3156146179402,1.1129568106312293,955.0,3.1727574750830563,36.97,-122.04,2.531
4.0524,13.0,4.074949358541526,1.047265361242404,2946.0,1.9891964888588791,37.31,-121.92,2.139
6.0918,21.0,7.661788617886179,1.0146341463414634,1773.0,2.8829268292682926,37.93,-122.03,3.448
4.6094,26.0,4.726114649681529,1.0732484076433122,1655.0,2.6353503184713376,33.9,-118.01,2.01
1.8281,44.0,3.78,0.8933333333333333,565.0,3.7666666666666666,34.11,-117.27,0.629
2.5787,35.0,4.14662273476112,1.0906095551894563,1883.0,3.102141680395387,34.08,-118.13,2.23
3.0856,49.0,3.717171717171717,0.8956228956228957,668.0,2.249158249158249,34.04,-118.35,1.516
3.875,19.0,4.951754385964913,1.131578947368421,900.0,3.947368421052632,34.02,-117.95,1.356
4.7188,52.0,7.068535825545172,1.0062305295950156,805.0,2.5077881619937696,37.76,-122.23,3.353
2.2141,25.0,4.375757575757576,0.990909090909091,2940.0,4.454545454545454,33.67,-116.18,0.667
4.3816,28.0,4.87146529562982,1.0796915167095116,1422.0,3.6555269922879177,33.79,-118.28,1.913
2.8258,37.0,4.238670694864048,1.1148036253776434,1587.0,4.794561933534744,37.47,-122.2,2.328
5.779,39.0,6.309255079006772,1.0474040632054176,1183.0,2.670428893905192,37.53,-122.32,3.871
2.5721,52.0,4.306213017751479,1.113905325443787,1696.0,2.5088757396449703,37.78,-122.44,4.75
4.5179,35.0,6.780487804878049,1.113821138211382,392.0,3.186991869918699,34.07,-117.89,2.188
3.4777,47.0,4.873180873180873,1.0665280665280663,1537.0,3.1954261954261955,34.18,-118.12,2.306
3.7,35.0,4.50997150997151,0.9230769230769232,1481.0,4.219373219373219,34.25,-118.44,1.76
2.875,13.0,5.248484848484848,1.5272727272727271,369.0,2.2363636363636363,37.69,-120.15,0.702
5.4876,35.0,6.163265306122449,0.9941690962099126,1077.0,3.139941690962099,33.8,-117.98,2.275
2.6385,26.0,3.676025917926566,0.9848812095032398,2776.0,5.995680345572354,33.73,-117.86,1.802
5.4031,4.0,5.445977011494253,1.3011494252873563,996.0,2.289655172413793,33.45,-117.6,2.438
5.606,32.0,5.365155131264917,1.097852028639618,1191.0,2.8424821002386635,37.31,-121.98,2.889
4.125,34.0,4.283464566929134,0.8503937007874016,348.0,2.7401574803149606,33.21,-117.23,1.646
5.5388,25.0,6.104536489151874,1.0138067061143985,1251.0,2.467455621301775,37.35,-122.03,3.521
4.0,4.0,5.268041237113402,1.0738831615120277,1164.0,2.0,33.16,-117.23,2.281
8.163,10.0,6.0,1.0,128.0,2.098360655737705,33.49,-117.67,2.5
1.685,44.0,4.168181818181818,1.018181818181818,666.0,3.027272727272728,33.99,-117.37,1.142
5.785,25.0,5.5718533201189295,0.9890981169474728,2537.0,2.5143706640237857,33.85,-118.37,3.953
3.6417,52.0,4.587131367292225,1.03485254691689,885.0,2.3726541554959786,37.77,-122.24,2.063
2.4722,23.0,5.430703624733476,1.0746268656716418,1235.0,2.633262260127932,38.61,-121.28,1.033
5.7778,41.0,5.274398868458275,1.0466760961810466,1364.0,1.9292786421499293,34.1,-118.27,4.127
4.7222,30.0,6.424691358024691,0.9901234567901236,981.0,2.422222222222222,38.67,-121.79,1.672
2.5902,14.0,5.202608695652174,1.0643478260869563,3255.0,2.8304347826086955,34.09,-117.35,1.115
5.0,26.0,5.599173553719008,1.0289256198347108,1439.0,2.9731404958677685,38.32,-122.32,1.752
2.6509,25.0,3.74295010845987,1.1594360086767896,3136.0,1.700650759219089,34.05,-118.46,4.1
2.1944,27.0,4.02,1.0342857142857145,1684.0,4.811428571428571,34.05,-117.64,0.957
4.6852,34.0,5.332599118942731,1.0462555066079295,1232.0,2.7136563876651985,34.23,-118.25,2.962
1.8654,38.0,4.990074441687345,1.1116625310173698,1190.0,2.9528535980148884,34.14,-117.31,0.894
1.6295,33.0,4.27208480565371,1.204946996466431,1097.0,3.876325088339223,34.27,-118.42,1.343
2.1991,44.0,3.08,0.87,301.0,3.01,33.87,-117.92,1.911
3.6453,32.0,5.278532608695652,1.03125,2504.0,3.402173913043478,34.37,-119.06,2.017
6.6319,16.0,6.863134657836644,0.9933774834437086,1433.0,3.163355408388521,33.04,-117.26,2.696
3.5227,8.0,6.779245283018868,1.2433962264150944,1710.0,3.2264150943396226,38.48,-121.46,0.931
3.1921,27.0,3.957627118644068,1.023728813559322,982.0,1.664406779661017,32.74,-117.16,2.615
1.6955,29.0,3.2230971128608923,1.1382327209098864,3891.0,3.404199475065617,33.78,-118.16,1.797
4.9335,13.0,6.719399538106235,1.0612009237875288,2228.0,2.572748267898384,33.23,-117.11,2.981
2.485,20.0,5.147058823529412,1.035294117647059,834.0,2.4529411764705884,40.51,-122.4,1.006
2.6471,16.0,4.0986666666666665,0.9706666666666668,1125.0,3.0,38.58,-121.3,0.907
3.6422,26.0,4.3539094650205765,0.9547325102880658,891.0,3.6666666666666665,34.94,-120.45,1.206
3.5573,21.0,4.104494382022472,1.0741573033707863,1510.0,1.696629213483146,34.07,-118.38,5.00001
0.9283,10.0,6.463157894736842,1.4842105263157894,195.0,2.0526315789473686,39.33,-120.17,1.163
4.918,36.0,6.169491525423729,1.0610169491525423,899.0,3.047457627118644,33.83,-118.11,2.252
3.1827,31.0,5.771653543307087,1.0393700787401574,608.0,2.393700787401575,38.02,-121.33,1.621
2.7125,35.0,4.443037974683544,1.109704641350211,552.0,2.329113924050633,36.98,-122.02,2.175
4.2361,35.0,5.340974212034384,1.0229226361031518,1189.0,3.4068767908309456,37.68,-121.76,1.775
4.4722,44.0,5.485380116959064,1.0584795321637428,502.0,2.935672514619883,33.92,-118.37,2.183
1.6552,32.0,4.865853658536586,1.275609756097561,1069.0,2.607317073170732,33.24,-115.51,0.433
5.4089,16.0,4.728026533996683,1.0381426202321724,1985.0,3.2918739635157546,33.86,-118.05,2.656
2.2885,38.0,5.433155080213904,1.0802139037433156,540.0,2.8877005347593583,36.41,-119.69,0.75
5.0346,10.0,7.106598984771574,1.076142131979695,2573.0,3.265228426395939,33.88,-117.36,2.405
3.5,10.0,5.72791519434629,1.1236749116607774,866.0,3.060070671378092,40.25,-122.35,1.043
3.119,34.0,4.130890052356021,1.0471204188481675,1041.0,5.450261780104712,33.91,-118.23,0.903
2.5313,46.0,4.816115702479339,1.0495867768595042,1210.0,2.5,37.62,-121.03,0.777
2.7413,13.0,5.571741511500548,1.0744797371303396,2284.0,2.501642935377875,37.27,-119.67,1.231
3.5,24.0,5.926470588235294,1.2352941176470589,323.0,2.375,34.82,-118.93,1.139
4.2679,36.0,5.373134328358209,1.0,719.0,3.577114427860697,33.91,-118.1,1.758
3.6393,30.0,5.612813370473537,1.075208913649025,1777.0,2.474930362116992,37.97,-122.3,1.84
3.6667,45.0,5.891402714932127,1.0271493212669682,988.0,2.235294117647059,37.97,-121.31,1.231
4.3429,33.0,5.4012066365007545,1.107088989441931,1780.0,2.6847662141779787,37.07,-122.09,2.143
2.0729,25.0,5.566037735849057,1.0471698113207548,611.0,2.8820754716981134,36.56,-119.38,0.847
2.7188,14.0,7.972746331236897,1.4444444444444444,1129.0,2.3668763102725365,38.05,-120.22,1.37
0.9563,52.0,1.7845303867403317,1.1933701657458564,2081.0,2.874309392265193,34.05,-118.27,2.75
5.0457,34.0,6.328787878787879,1.0954545454545457,1586.0,2.403030303030303,37.45,-122.23,3.951
3.3906,20.0,4.504118616144975,1.0840197693574958,1562.0,2.57331136738056,34.15,-118.24,2.841
6.907,16.0,6.644539614561028,1.032119914346895,1567.0,3.355460385438972,34.3,-118.96,5.00001
2.0332,33.0,2.248154981549816,1.183579335793358,3906.0,3.603321033210332,34.06,-118.3,2.7
3.1127,29.0,4.2087227414330215,1.059190031152648,1360.0,2.118380062305296,37.66,-121.88,2.33
3.1563,18.0,6.235294117647059,1.1932773109243695,343.0,2.8823529411764706,38.68,-122.27,0.984
4.1339,34.0,4.950413223140496,1.0,948.0,2.6115702479338845,34.26,-118.31,1.873
4.2944,37.0,4.893246187363834,1.0479302832244008,995.0,2.167755991285403,34.12,-118.17,3.547
5.6999,21.0,4.385365853658537,0.973170731707317,837.0,2.0414634146341464,37.38,-122.06,4.7
3.775,9.0,6.103626943005182,1.2150259067357514,1556.0,4.0310880829015545,34.43,-118.66,1.55
3.0033,52.0,5.223796033994335,1.1104815864022664,667.0,1.8895184135977336,38.56,-121.49,1.035
3.9808,35.0,5.3099630996309966,0.96309963099631,804.0,2.9667896678966788,34.07,-117.89,1.886
2.7461,17.0,5.4261904761904765,1.0666666666666669,1200.0,2.857142857142857,36.15,-120.38,0.7
2.3108,28.0,5.134357005758157,1.0115163147792707,1392.0,2.671785028790787,36.76,-119.71,0.72
4.1719,17.0,6.348242811501597,1.0702875399361025,1152.0,3.680511182108626,36.76,-119.89,1.264
2.5428,31.0,5.693208430913349,1.199063231850117,1026.0,2.4028103044496487,39.76,-121.61,0.85
2.0976,29.0,4.987938596491228,1.0043859649122806,2494.0,2.7346491228070176,33.93,-116.89,0.726
5.485,33.0,5.057823129251701,1.0595238095238095,1435.0,2.4404761904761907,37.44,-122.12,4.063
5.5875,3.0,6.875930521091812,1.0272952853598014,2506.0,3.109181141439206,34.07,-117.14,1.62
6.234,7.0,6.511551155115511,1.0825082508250825,1047.0,3.4554455445544554,37.31,-121.78,2.922
1.7829,47.0,5.128878281622912,1.0883054892601431,965.0,2.303102625298329,39.8,-120.45,0.559
1.6821,18.0,4.93569844789357,1.0864745011086474,859.0,1.9046563192904653,40.57,-122.35,0.694
4.475,5.0,5.629370629370629,1.0,458.0,3.202797202797203,32.81,-115.58,0.963
2.9965,20.0,5.839160839160839,1.0909090909090908,1174.0,2.7365967365967365,39.49,-121.49,0.889
2.7933,51.0,5.560919540229885,1.1149425287356325,1078.0,2.47816091954023,37.12,-122.12,2.069
6.4599,15.0,7.8125,1.0220588235294117,857.0,3.150735294117647,38.07,-122.17,2.197
3.9,36.0,5.2727272727272725,0.922077922077922,268.0,3.4805194805194803,33.89,-118.25,1.158
2.4708,22.0,5.645328719723183,1.3823529411764706,1384.0,2.394463667820069,41.13,-124.06,1.194
4.625,20.0,6.25,0.9935897435897436,1054.0,3.378205128205128,34.04,-117.71,2.221
2.1513,52.0,4.141176470588236,1.0745098039215686,584.0,2.2901960784313724,37.98,-120.39,0.867
4.1071,11.0,5.813953488372093,1.0105708245243128,2827.0,2.988372093023256,38.67,-121.21,1.458
2.6908,24.0,5.855203619909502,1.004524886877828,684.0,3.095022624434389,37.37,-120.88,1.031
1.9107,37.0,4.53954802259887,1.0875706214689265,972.0,2.7457627118644066,38.62,-121.44,0.647
0.5495,38.0,4.249056603773585,1.018867924528302,999.0,3.769811320754717,33.96,-118.27,0.917
1.9286,38.0,2.7142857142857144,0.9285714285714286,445.0,3.1785714285714284,34.08,-118.29,1.375
6.2917,14.0,7.310262529832936,1.0167064439140812,1570.0,3.747016706443914,34.04,-117.21,2.247
2.875,16.0,4.808344198174707,1.0651890482398958,1969.0,2.5671447196870925,32.82,-116.77,2.229
3.7857,16.0,5.077504725897921,0.9754253308128544,1553.0,2.935727788279773,38.69,-121.34,1.127
1.5923,52.0,5.537423312883435,1.2085889570552146,1926.0,2.36319018404908,41.2,-122.27,0.56
3.975,52.0,3.731006160164271,1.0985626283367556,800.0,1.6427104722792607,37.79,-122.44,5.00001
3.2442,32.0,6.167630057803469,1.0443159922928709,1869.0,3.601156069364162,38.29,-122.77,2.68
2.2019,13.0,4.333333333333333,1.150462962962963,1927.0,4.460648148148148,34.25,-118.4,1.342
3.4559,44.0,5.884765625,1.099609375,1353.0,2.642578125,38.1,-122.22,1.119
2.1875,19.0,4.197309417040358,1.0964125560538116,1859.0,4.168161434977579,33.21,-117.24,1.217
1.5611,29.0,4.462915601023018,1.1278772378516624,1530.0,3.9130434782608696,36.71,-119.76,0.444
3.3995,30.0,3.84257602862254,1.0679785330948122,1341.0,2.3989266547406083,34.0,-118.43,3.24
6.6897,22.0,7.408783783783784,1.0016891891891893,1915.0,3.2347972972972974,33.89,-117.86,2.898
2.8352,20.0,4.502688172043011,1.1169354838709675,1816.0,2.4408602150537635,34.14,-118.01,1.617
4.8536,23.0,5.554455445544554,1.0297029702970295,1984.0,2.8062234794908063,34.37,-118.56,2.026
2.5042,52.0,4.763374485596708,1.1440329218106997,1113.0,2.2901234567901234,38.1,-122.25,1.479
3.0724,45.0,3.0350877192982457,0.7368421052631579,230.0,4.035087719298246,33.98,-118.24,1.107
5.0782,28.0,5.747983870967742,1.0,1287.0,2.594758064516129,33.94,-117.95,2.641
4.7026,34.0,4.530737704918033,1.028688524590164,1113.0,2.2807377049180326,33.81,-118.36,3.568
0.4999,16.0,21.63157894736842,6.0,26.0,1.368421052631579,39.42,-122.89,0.735
2.69,20.0,5.6438127090301,1.0535117056856187,1505.0,2.516722408026756,37.64,-120.82,2.013
2.7857,14.0,7.334346504559271,1.5927051671732524,805.0,2.4468085106382977,40.48,-121.55,0.774
2.6806,52.0,5.313207547169811,1.0566037735849056,718.0,2.709433962264151,37.78,-122.27,2.079
8.7657,24.0,8.093117408906883,0.9878542510121456,759.0,3.072874493927125,34.14,-118.85,3.663
2.809,20.0,4.305135951661631,1.1132930513595165,1855.0,2.802114803625378,33.9,-118.15,1.446
3.942,47.0,5.379069767441861,1.0069767441860464,947.0,2.202325581395349,37.94,-122.34,1.433
2.4701,28.0,3.622262773722628,1.062043795620438,1092.0,1.9927007299270072,34.44,-119.76,2.909
3.9963,4.0,6.761377613776138,1.2469249692496924,8824.0,2.713407134071341,33.49,-117.12,1.911
4.4625,32.0,5.374340949033392,0.9876977152899824,1475.0,2.592267135325132,33.67,-117.91,2.535
8.5326,7.0,8.469738030713641,1.066847335140018,3570.0,3.224932249322493,33.92,-117.36,3.152
2.3304,24.0,4.524390243902439,1.0146341463414634,1520.0,3.707317073170732,36.35,-119.3,0.649
5.3602,36.0,8.258064516129032,1.0,229.0,2.462365591397849,37.75,-122.13,3.3
1.4375,36.0,4.417322834645669,1.4173228346456692,340.0,2.677165354330709,34.09,-118.33,1.65
6.9712,5.0,7.241805635422657,1.0123634272570443,11956.0,3.437607820586544,34.26,-118.9,3.213
4.1685,20.0,6.70063694267516,1.178343949044586,745.0,2.372611464968153,38.8,-121.15,2.175
6.5615,8.0,6.270485859318347,1.0203045685279188,5019.0,3.6395939086294415,37.57,-122.07,3.183
5.5845,20.0,5.677644710578842,0.9900199600798404,3752.0,3.744510978043912,37.67,-122.47,3.043
4.4083,17.0,6.551181102362205,0.9960629921259844,736.0,2.8976377952755907,37.51,-120.82,1.658
2.3444,30.0,3.18348623853211,1.0513761467889908,2237.0,4.104587155963303,33.98,-118.18,1.561
5.195,23.0,6.182389937106918,0.9916142557651992,1671.0,3.50314465408805,33.86,-117.6,1.61
3.3169,15.0,5.81505728314239,1.0785597381342062,1684.0,2.756137479541735,37.78,-120.85,1.312
3.8984,30.0,4.390702274975272,1.09297725024728,1749.0,1.7299703264094954,33.77,-118.16,3.063
2.1042,16.0,24.5,6.071428571428571,29.0,2.071428571428572,33.82,-116.5,0.875
3.4265,36.0,4.843971631205674,1.127659574468085,505.0,3.5815602836879434,38.0,-121.12,1.589
6.1089,38.0,6.8,1.056140350877193,823.0,2.887719298245614,38.31,-122.24,2.808
1.5132,37.0,4.141129032258065,1.0403225806451613,824.0,3.3225806451612905,33.93,-118.24,0.863
3.25,27.0,5.252559726962457,1.0187713310580204,1411.0,2.407849829351536,38.31,-122.49,1.955
3.5562,32.0,5.052777777777778,1.0722222222222222,1679.0,4.663888888888889,33.89,-118.07,1.46
4.7426,19.0,5.871428571428571,1.022857142857143,1064.0,3.04,37.93,-121.66,2.631
1.4189,43.0,2.455384615384616,0.9476923076923076,1417.0,4.36,34.04,-118.22,1.417
2.9958,37.0,3.857657657657658,0.963963963963964,1093.0,1.9693693693693688,37.69,-122.14,1.784
3.1719,8.0,6.979220779220779,1.2857142857142858,5087.0,13.212987012987012,37.79,-120.45,1.154
4.3111,3.0,7.219685039370079,1.190551181102362,3838.0,3.0220472440944883,33.84,-116.47,1.425
3.2383,18.0,4.4557926829268295,1.021341463414634,1751.0,2.669207317073171,34.11,-117.88,1.57
2.3804,40.0,3.872023809523809,1.0178571428571428,954.0,2.8392857142857144,33.86,-118.17,1.58
3.6196,5.0,4.991044776119403,1.1940298507462686,1341.0,2.0014925373134327,38.49,-121.52,1.528
6.1527,40.0,5.472014925373134,1.0541044776119404,1077.0,2.0093283582089554,34.06,-118.42,5.00001
1.9342,32.0,4.89957264957265,0.9957264957264956,1538.0,3.286324786324786,36.39,-119.31,0.686
3.675,52.0,5.814814814814815,1.037037037037037,88.0,3.259259259259259,37.76,-122.39,1.625
4.2386,25.0,6.010840108401084,1.02710027100271,1997.0,2.705962059620596,32.81,-116.99,2.01
4.025,24.0,5.976086956521739,1.082608695652174,1367.0,2.9717391304347824,33.81,-117.95,2.407
6.0609,25.0,6.582792207792208,1.025974025974026,3613.0,2.9326298701298703,33.74,-118.01,2.649
4.6912,50.0,4.87984496124031,0.9825581395348836,979.0,1.8972868217054264,37.76,-122.45,5.00001
1.7213,44.0,4.894353369763206,1.1293260473588342,1521.0,2.7704918032786887,35.37,-119.02,0.616
3.7059,17.0,5.199029126213592,1.058252427184466,946.0,2.296116504854369,33.81,-118.0,1.463
3.5255,13.0,3.648379052369077,1.0174563591022443,1867.0,2.327930174563591,34.2,-118.46,2.027
3.375,42.0,5.095541401273885,1.0907643312101911,1668.0,2.656050955414013,34.14,-118.07,2.604
2.3571,23.0,6.489499192245558,1.2794830371567043,1634.0,2.639741518578352,41.7,-122.92,0.62
4.8516,13.0,6.15014164305949,0.9603399433427762,951.0,2.6940509915014164,40.75,-124.17,1.161
7.5696,4.0,8.026178010471204,1.1570680628272252,545.0,2.8534031413612566,34.87,-120.45,3.287
4.0972,32.0,4.716981132075472,0.8867924528301887,663.0,3.1273584905660377,38.01,-121.89,0.992
2.8679,44.0,4.951554591467824,1.1453362255965294,3269.0,2.363702096890817,37.75,-122.4,2.433
4.2292,33.0,5.841911764705882,1.1286764705882353,853.0,3.136029411764706,34.99,-117.68,0.644
6.8004,3.0,7.789022298456261,1.234991423670669,1600.0,2.74442538593482,33.67,-117.61,2.849
2.9821,29.0,4.827160493827161,1.037037037037037,1815.0,2.800925925925926,34.34,-119.22,1.757
5.0662,46.0,6.224056603773585,1.0566037735849056,938.0,2.212264150943396,37.3,-121.89,3.316
2.5821,20.0,3.5811051693404634,1.0873440285204992,1570.0,1.3992869875222815,38.58,-121.5,1.25
1.9286,26.0,4.212643678160919,1.071264367816092,2775.0,3.189655172413793,34.29,-119.3,1.605
6.6453,25.0,6.618249534450651,0.9832402234636872,1600.0,2.97951582867784,33.78,-118.03,2.701
3.86,36.0,5.742307692307692,0.9923076923076924,899.0,3.457692307692308,34.58,-118.06,1.093
5.2887,25.0,6.344488188976378,1.031496062992126,1763.0,3.470472440944882,34.42,-118.47,1.83
4.4875,52.0,5.210016155088853,1.0775444264943457,1494.0,2.4135702746365104,37.77,-122.44,5.00001
4.8365,35.0,5.720634920634921,0.923809523809524,841.0,2.6698412698412697,37.33,-121.99,3.139
1.7596,26.0,5.103448275862069,1.043103448275862,268.0,2.310344827586207,36.32,-119.68,1.208
4.601,34.0,6.320328542094456,0.9794661190965092,1226.0,2.517453798767967,37.51,-120.83,1.5
7.2559,20.0,7.364179104477612,0.991044776119403,731.0,2.182089552238806,32.82,-117.24,3.923
3.7083,31.0,4.8814935064935066,1.0600649350649352,1766.0,2.866883116883117,34.1,-117.9,1.66
4.2083,14.0,4.825737265415549,0.970509383378016,874.0,2.3431635388739944,33.69,-117.8,2.51
4.0791,11.0,5.878902045209904,1.0984930032292788,4773.0,2.568891280947255,33.17,-117.33,2.813
2.0938,16.0,2.74585635359116,1.0828729281767957,800.0,2.209944751381216,37.8,-122.27,1.625
2.7273,25.0,3.6015452538631347,1.0496688741721854,5917.0,3.2654525386313464,37.97,-122.5,1.875
3.7306,34.0,3.864297253634895,1.0549273021001615,933.0,1.507269789983845,32.83,-117.28,5.0
5.5106,50.0,5.509984639016897,1.064516129032258,1513.0,2.324116743471582,33.82,-118.17,2.522
9.5908,37.0,4.352941176470588,1.1176470588235294,63.0,3.7058823529411766,37.14,-121.98,3.5
3.9063,25.0,5.079069767441861,0.8837209302325582,702.0,3.265116279069768,34.31,-119.29,1.927
4.6923,44.0,5.322222222222222,1.0177777777777777,1287.0,2.86,33.96,-118.38,2.99
3.0208,27.0,5.640963855421687,1.0072289156626506,1272.0,3.0650602409638554,33.96,-117.41,1.127
3.5096,34.0,5.1525,0.9775,1169.0,2.9225,32.73,-117.03,1.42
3.7266,16.0,4.702564102564103,1.0025641025641026,994.0,2.5487179487179485,38.47,-122.73,1.565
2.2765,38.0,5.603174603174603,1.199546485260771,1661.0,3.766439909297052,34.16,-118.15,1.466
3.0125,40.0,3.8513513513513513,0.9369369369369368,745.0,3.355855855855856,34.09,-118.09,2.24
3.9241,16.0,5.298245614035087,0.93734335839599,1463.0,3.6666666666666665,34.11,-117.54,1.315
3.1115,39.0,4.328451882845188,1.0460251046025104,1408.0,2.9456066945606696,37.67,-122.09,1.535
1.2347,41.0,3.836518046709129,1.0467091295116773,1731.0,3.6751592356687897,34.0,-118.29,1.117
3.0284,25.0,4.240802675585284,0.94314381270903,991.0,3.31438127090301,32.57,-117.06,1.236
2.1221,50.0,5.509708737864078,1.0946601941747574,1000.0,2.4271844660194173,33.97,-118.3,1.194
5.1182,17.0,6.00250626566416,1.0275689223057645,1224.0,3.0676691729323307,33.84,-117.87,2.492
8.1657,32.0,7.2166584035696575,1.029747149231532,5459.0,2.7064947942488846,34.18,-118.26,5.00001
4.81,15.0,6.54059405940594,1.013861386138614,1687.0,3.3405940594059405,36.82,-119.69,0.936
2.2417,30.0,3.420135527589545,1.027105517909003,2678.0,2.5924491771539206,33.85,-118.19,1.519
3.7667,27.0,7.305555555555555,1.9259259259259256,295.0,2.7314814814814814,39.05,-122.91,0.95
2.108,52.0,5.24468085106383,0.946808510638298,189.0,2.0106382978723403,38.75,-121.28,0.838
3.5039,19.0,5.0233644859813085,1.1191588785046729,1052.0,2.457943925233645,36.48,-121.7,2.884
2.15,37.0,3.75320970042796,1.0470756062767477,3228.0,4.604850213980028,34.02,-118.18,1.322
5.4746,30.0,5.998745294855709,1.0426599749058971,2568.0,3.2220828105395234,33.84,-118.03,2.264
2.875,17.0,4.417040358744394,1.0448430493273542,811.0,3.636771300448431,32.56,-117.05,1.345
2.8406,34.0,3.281721632196758,1.0698714365567357,2689.0,1.5030743432084963,37.81,-122.26,3.357
5.8659,52.0,6.399317406143345,1.0341296928327646,735.0,2.508532423208191,34.11,-118.31,4.333
4.4387,20.0,5.563876651982379,1.0469897209985315,3637.0,2.670337738619677,37.94,-122.29,1.9
3.6806,22.0,4.666666666666667,0.9629629629629628,196.0,2.419753086419753,33.76,-117.84,2.194
2.3887,52.0,4.0879864636209815,1.0490693739424704,1188.0,2.010152284263959,37.77,-122.43,3.375
4.2098,35.0,5.673151750972763,1.019455252918288,723.0,2.813229571984436,32.79,-117.13,1.741
3.3977,34.0,5.1611721611721615,1.1172161172161172,819.0,3.0,34.07,-117.93,1.888
3.4861,32.0,5.11139896373057,1.038860103626943,1322.0,3.424870466321244,34.01,-118.08,1.581
5.4218,16.0,6.071022727272728,1.015625,2240.0,3.1818181818181817,37.23,-121.76,2.339
3.3274,26.0,3.9134615384615374,1.0560897435897436,1134.0,1.8173076923076923,32.8,-117.25,2.955
5.4609,23.0,6.165837479270315,1.102819237147595,4076.0,2.2531785516860143,34.16,-118.51,5.00001
4.3897,35.0,6.141304347826087,1.0434782608695652,543.0,2.9510869565217392,37.65,-122.09,1.906
5.9838,21.0,6.646840148698884,1.029739776951673,1846.0,3.431226765799257,33.74,-117.95,2.719
4.375,33.0,6.039647577092511,1.039647577092511,715.0,3.149779735682819,33.93,-117.44,1.299
3.1979,32.0,4.516871165644171,0.9984662576687116,2044.0,3.1349693251533743,34.02,-117.98,1.839
2.6346,44.0,5.013586956521739,1.0991847826086956,1922.0,2.6114130434782608,38.3,-122.3,1.398
4.2054,10.0,5.515837104072398,1.048265460030166,2079.0,3.1357466063348416,34.04,-117.66,1.599
4.337,34.0,5.953727506426735,0.9383033419023136,956.0,2.4575835475578405,33.97,-117.41,1.578
4.6389,17.0,5.6683168316831685,1.034653465346535,499.0,2.4702970297029703,33.94,-118.17,1.655
3.5909,46.0,5.913725490196079,1.0235294117647058,674.0,2.6431372549019607,34.17,-118.16,1.554
3.139,25.0,4.240480961923848,1.0788243152972612,4188.0,2.7975951903807617,33.87,-118.01,1.857
7.9611,31.0,6.147058823529412,1.0336134453781514,1149.0,2.413865546218488,33.89,-118.4,5.00001
2.1094,29.0,4.0,1.0623052959501558,1191.0,1.855140186915888,32.76,-117.13,1.625
3.5288,11.0,5.016260162601626,0.9539295392953928,1049.0,2.8428184281842817,38.78,-121.24,1.411
1.4556,32.0,4.356449375866852,1.1262135922330097,2589.0,3.590846047156727,33.93,-116.87,0.546
4.6477,52.0,4.625396825396826,0.926984126984127,621.0,1.9714285714285715,37.76,-122.45,4.5
4.7391,35.0,5.94919168591224,1.023094688221709,1273.0,2.9399538106235568,37.69,-122.49,2.728
1.3092,5.0,3.295663600525624,1.0867279894875164,2066.0,2.7148488830486204,32.71,-117.16,3.25
3.5296,7.0,5.484025559105431,1.0,1793.0,2.864217252396166,36.34,-119.27,0.837
1.4301,47.0,3.26372155287818,1.0763052208835342,1148.0,1.536813922356091,38.57,-121.48,1.417
3.8147,19.0,5.024813895781637,1.0272952853598014,1663.0,4.126550868486352,33.14,-117.2,1.392
1.8238,14.0,4.606635071090047,1.0545023696682465,1830.0,2.1682464454976302,38.95,-121.11,1.586
3.2011,48.0,4.941463414634146,0.946341463414634,464.0,2.2634146341463413,37.78,-122.45,4.283
2.7614,18.0,3.4558058925476605,1.001733102253033,3031.0,5.253032928942807,33.71,-117.99,2.375
3.1917,35.0,3.908759124087591,1.0583941605839415,1412.0,5.153284671532846,33.89,-118.08,1.149
9.459,47.0,8.198581560283689,1.177304964539007,1044.0,3.702127659574468,37.46,-122.17,5.00001
5.7104,5.0,6.526867627785059,1.0144167758846658,2399.0,3.144167758846658,37.95,-121.74,1.863
4.6458,24.0,6.24294670846395,1.0579937304075235,1568.0,2.457680250783699,33.82,-118.06,2.134
3.3182,35.0,3.9047619047619047,0.7891156462585034,610.0,4.149659863945578,33.91,-118.15,1.333
3.6118,34.0,5.459363957597173,1.047703180212014,1588.0,2.8056537102473498,38.0,-121.79,1.247
3.0571,49.0,4.426829268292683,1.2073170731707317,601.0,1.4658536585365851,32.74,-117.16,4.188
4.6937,33.0,5.316666666666666,0.9733333333333334,991.0,3.303333333333333,37.97,-122.32,1.341
2.9,22.0,6.776942355889724,1.2456140350877194,1432.0,3.588972431077694,37.51,-120.46,0.831
1.5531,15.0,4.02491103202847,1.0142348754448398,728.0,2.590747330960854,37.51,-120.85,0.931
4.2639,26.0,5.901075268817205,1.0623655913978494,1411.0,3.034408602150537,34.08,-117.71,1.542
5.0709,33.0,6.048421052631579,1.0294736842105263,1946.0,4.096842105263158,37.28,-121.82,1.764
3.8776,11.0,6.131555555555556,1.0542222222222222,6000.0,2.6666666666666665,38.69,-121.32,1.245
4.3452,49.0,5.642307692307693,0.9961538461538462,688.0,2.646153846153846,34.15,-118.09,2.601
6.8226,26.0,7.977678571428571,1.0133928571428572,639.0,2.852678571428572,33.66,-117.95,3.298
4.4784,35.0,4.866141732283465,1.005249343832021,1115.0,2.926509186351706,33.87,-117.95,1.852
3.4187,26.0,5.230769230769231,0.9423076923076924,194.0,3.730769230769231,38.83,-122.0,0.984
2.8929,36.0,4.184549356223176,1.0429184549356223,809.0,3.4721030042918457,34.05,-117.73,1.181
3.7635,14.0,5.401898734177215,1.268987341772152,1236.0,1.9556962025316456,35.19,-120.81,3.362
3.7235,48.0,4.662393162393163,1.0085470085470083,632.0,2.700854700854701,34.11,-118.16,2.636
6.5,20.0,6.451612903225806,0.8064516129032258,83.0,2.677419354838709,37.69,-122.03,3.4
1.8208,26.0,4.738430583501006,1.06841046277666,1047.0,2.106639839034205,39.13,-121.63,0.795
2.5172,24.0,5.367875647668394,1.0699481865284974,2127.0,2.755181347150259,34.03,-117.1,0.96
6.4313,17.0,6.548198636806232,1.0233690360272638,3439.0,3.34858812074002,37.08,-121.56,3.931
3.3831,41.0,4.752650176678445,0.96113074204947,718.0,2.537102473498233,38.01,-122.11,1.294
2.6937,45.0,5.060640732265446,1.1453089244851258,2109.0,2.4130434782608696,38.12,-122.27,1.118
2.9643,37.0,5.316326530612245,1.086734693877551,699.0,3.566326530612245,33.89,-118.25,1.032
2.0878,16.0,5.277064220183486,1.0568807339449542,1859.0,3.411009174311926,33.77,-117.27,1.013
2.0094,19.0,4.351529694061187,1.0707858428314336,4030.0,2.41751649670066,39.76,-121.86,0.873
5.6529,14.0,6.817821782178218,1.00990099009901,1413.0,2.798019801980198,38.65,-121.21,1.96
5.1333,22.0,5.955696202531645,1.0738396624472577,1271.0,2.681434599156118,37.97,-121.99,2.072
1.7171,17.0,5.155038759689923,1.050387596899225,408.0,1.5813953488372092,37.27,-121.95,1.813
1.6477,32.0,3.7478991596638656,1.0273109243697478,1472.0,3.092436974789916,33.98,-118.33,1.089
3.5393,15.0,5.460504201680672,1.030252100840336,1569.0,2.6369747899159663,37.35,-120.59,0.88
3.25,29.0,5.325259515570934,1.1903114186851211,556.0,1.9238754325259515,32.68,-117.18,5.00001
3.1905,36.0,4.884858044164038,1.0520504731861198,1484.0,2.3406940063091484,34.14,-117.86,2.353
2.6,36.0,3.766899766899767,1.083916083916084,773.0,1.8018648018648016,34.09,-118.36,3.136
6.439,6.0,7.037116345467523,1.033547466095646,4194.0,2.993576017130621,33.06,-117.25,2.962
2.4814,20.0,5.389972144846797,1.011142061281337,1319.0,3.6740947075208914,36.58,-119.9,0.746
2.503,17.0,6.935960591133005,1.5738916256157636,1027.0,2.5295566502463056,40.77,-121.86,0.656
1.9821,43.0,5.186274509803922,1.0457516339869282,907.0,2.9640522875816995,37.75,-122.17,0.983
4.6,30.0,6.246732026143791,1.2091503267973855,1449.0,2.367647058823529,34.16,-118.47,3.925
3.9934,41.0,5.004830917874396,1.1859903381642511,742.0,1.792270531400966,33.75,-118.12,5.00001
2.5985,34.0,4.110157367668097,1.0271816881258942,2758.0,3.945636623748212,34.06,-118.07,1.686
2.6299,35.0,4.042402826855124,1.0901060070671378,2222.0,3.9257950530035335,34.22,-118.46,1.707
1.0349,19.0,4.563106796116505,1.225242718446602,1291.0,2.5067961165048542,34.96,-120.43,1.308
2.3929,16.0,5.327127659574468,1.059840425531915,2028.0,2.6968085106382977,39.91,-122.12,0.772
3.2279,48.0,4.2938331318016925,0.9987908101571948,1601.0,1.935912938331318,34.06,-118.35,4.0
3.46,32.0,6.8843137254901965,1.2666666666666666,1733.0,3.3980392156862744,34.71,-117.96,1.239
0.536,4.0,14.0,3.333333333333333,9.0,3.0,34.14,-116.76,0.425
2.809,34.0,4.846153846153846,0.9842209072978304,1538.0,3.0335305719921104,34.12,-117.22,0.825
5.8407,18.0,7.510416666666667,1.1125,1682.0,3.504166666666667,34.12,-117.64,2.029
3.6389,34.0,3.868544600938967,1.051643192488263,430.0,2.0187793427230045,34.13,-118.15,2.15
2.683,15.0,6.365714285714286,1.3485714285714283,653.0,1.8657142857142857,33.83,-116.98,1.393
4.5682,21.0,5.905982905982906,1.017094017094017,1044.0,2.9743589743589745,37.01,-121.97,3.716
4.7396,25.0,5.453389830508475,0.9491525423728814,727.0,3.080508474576271,38.73,-121.44,1.355
5.7049,9.0,6.699570815450644,1.0858369098712446,731.0,3.1373390557939915,34.66,-118.17,1.732
6.3892,17.0,6.438953488372093,1.001937984496124,2557.0,2.477713178294574,37.52,-122.32,4.808
5.3062,16.0,6.572072072072072,1.0,1697.0,3.822072072072072,32.93,-117.13,1.955
4.6875,26.0,6.359073359073359,1.0077220077220077,694.0,2.6795366795366795,32.85,-117.22,2.744
1.8144,19.0,4.3485576923076925,1.1466346153846154,2051.0,4.930288461538462,35.79,-119.1,0.498
2.6765,26.0,5.415349887133183,1.1693002257336342,1037.0,2.340857787810384,40.26,-120.2,0.476
4.7222,30.0,6.424691358024691,0.9901234567901236,981.0,2.422222222222222,38.67,-121.79,1.672
10.4415,7.0,8.825539568345324,1.037769784172662,1883.0,3.3866906474820144,33.54,-117.71,4.538
6.6633,10.0,6.289272030651341,1.053639846743295,2491.0,4.772030651340996,37.33,-121.79,2.837
3.6964,39.0,7.160377358490566,1.330188679245283,252.0,2.3773584905660377,37.37,-121.55,2.625
3.6694,52.0,5.0583941605839415,1.0072992700729928,729.0,2.6605839416058394,37.73,-122.43,2.755
2.5267,14.0,3.359570661896244,1.0983899821109124,1874.0,3.3524150268336315,34.2,-118.36,2.318
5.2113,19.0,6.330494037478705,0.959114139693356,1788.0,3.0459965928449746,32.86,-117.19,2.674
2.9643,41.0,4.828877005347594,1.0909090909090908,1146.0,3.064171122994652,33.91,-118.16,1.622
8.9063,5.0,8.944642857142858,1.1008928571428571,4253.0,3.7973214285714287,34.24,-118.94,5.00001
3.2792,40.0,4.452975047984645,1.0786948176583493,1499.0,2.8771593090211134,37.76,-122.51,2.608
2.561,27.0,4.233862433862434,1.0571428571428572,1808.0,1.9132275132275127,36.96,-121.97,2.346
1.9135,18.0,5.192028985507246,0.960144927536232,1092.0,3.9565217391304346,36.3,-119.21,0.494
3.2027,11.0,5.276073619631902,1.0582822085889572,850.0,2.607361963190184,38.86,-120.92,1.286
3.1369,19.0,4.129729729729729,1.0256756756756755,1561.0,2.10945945945946,33.91,-118.11,1.969
5.4847,36.0,5.735562310030395,1.0911854103343466,761.0,2.31306990881459,34.17,-118.59,2.96
5.4042,34.0,5.945205479452055,1.0171232876712328,823.0,2.818493150684932,33.97,-118.13,2.416
7.2675,11.0,6.876889848812095,1.3844492440604752,911.0,1.9676025917926565,34.06,-118.43,5.00001
5.033,36.0,5.332432432432433,0.9513513513513514,1169.0,3.1594594594594594,37.57,-122.3,2.709
5.1282,35.0,5.543388429752066,0.981404958677686,1498.0,3.0950413223140494,37.59,-122.49,2.625
4.2414,49.0,4.857142857142857,0.984375,1040.0,2.321428571428572,37.78,-122.49,5.00001
1.7059,26.0,4.494565217391305,1.1231884057971016,2411.0,4.367753623188406,33.94,-117.46,0.858
3.6219,29.0,4.698234349919743,1.0176565008025682,1710.0,2.744783306581059,34.11,-117.65,1.766
11.0911,20.0,8.259803921568627,1.0612745098039216,1020.0,2.5,33.03,-117.21,5.00001
6.6345,52.0,5.603092783505154,0.8556701030927835,650.0,3.350515463917526,37.34,-121.87,3.09
3.4198,27.0,3.44804318488529,1.0789473684210529,2764.0,1.8650472334682864,37.41,-122.11,3.519
4.0231,31.0,4.003322259136213,0.9302325581395348,1476.0,4.903654485049834,33.75,-117.89,1.392
2.025,20.0,3.745014245014245,1.0783475783475784,3780.0,2.6923076923076925,34.06,-117.27,0.857
4.0982,11.0,5.7898550724637685,1.0434782608695652,1757.0,3.182971014492753,33.8,-117.32,1.733
1.4896,39.0,4.381615598885793,1.1643454038997214,1258.0,3.5041782729805013,34.11,-117.28,0.695
4.1417,38.0,4.954802259887006,1.07909604519774,928.0,2.621468926553672,37.74,-122.41,2.708
2.7679,39.0,6.103448275862069,1.2586206896551724,184.0,3.1724137931034484,33.93,-118.21,1.089
4.2569,23.0,5.643659711075442,1.0609951845906902,1465.0,2.351524879614767,37.94,-122.02,2.131
5.756,16.0,6.117493472584856,1.0261096605744124,2007.0,5.240208877284595,34.22,-118.88,3.027
2.6205,27.0,5.371482176360225,1.3339587242026267,930.0,1.74484052532833,35.35,-120.84,2.211
4.6028,18.0,6.31630648330059,1.1552062868369353,1618.0,3.178781925343811,32.99,-117.09,2.168
3.2083,21.0,4.150273224043716,1.0601092896174864,1203.0,3.28688524590164,33.87,-117.88,1.453
4.125,12.0,4.37219730941704,1.095291479820628,1690.0,1.8946188340807173,32.98,-117.26,2.269
0.536,33.0,4.928571428571429,2.0,47.0,3.357142857142857,37.44,-121.31,1.125
7.0879,16.0,6.96969696969697,0.8855218855218855,878.0,2.9562289562289563,33.76,-118.04,3.388
2.0781,41.0,4.7981220657277,0.9812206572769951,741.0,3.4788732394366195,36.75,-119.82,0.488
3.4952,19.0,4.603854389721628,1.164882226980728,1510.0,3.233404710920771,34.07,-118.17,1.5
5.5882,17.0,7.009193776520509,1.0155586987270155,4763.0,3.3684582743988685,32.97,-117.05,1.943
3.9583,35.0,5.3828125,1.0,379.0,2.9609375,34.08,-117.93,2.06
3.3906,27.0,5.074324324324325,1.0444015444015444,3496.0,3.3745173745173744,34.06,-118.14,2.372
4.825,45.0,5.426829268292683,0.8810975609756098,755.0,2.301829268292683,34.11,-118.13,3.511
4.4,52.0,6.128851540616247,1.011204481792717,917.0,2.5686274509803924,37.58,-122.37,5.0
4.3269,34.0,5.5344827586206895,1.0531609195402298,1661.0,2.386494252873564,36.59,-121.84,2.213
2.8493,23.0,5.090311986863711,0.9901477832512317,1515.0,2.48768472906404,35.31,-120.84,1.961
3.9808,20.0,5.678688524590164,1.0065573770491802,999.0,3.275409836065574,38.28,-121.2,1.602
5.8123,29.0,6.404517453798768,1.0410677618069817,1476.0,3.030800821355236,36.99,-121.99,2.815
3.0184,9.0,5.420863309352518,1.0539568345323742,761.0,2.737410071942446,34.87,-118.17,0.879
4.419,7.0,5.496458087367178,1.0053128689492326,7302.0,4.310507674144038,32.7,-117.04,1.569
4.6932,40.0,4.492424242424242,1.0378787878787878,371.0,2.810606060606061,34.02,-118.4,3.328
3.8333,24.0,7.572413793103448,1.331034482758621,353.0,2.43448275862069,39.12,-123.07,0.926
3.8187,20.0,5.099173553719008,1.3636363636363635,792.0,2.1818181818181817,33.64,-117.98,1.375
2.3077,36.0,4.432926829268292,1.1280487804878048,1404.0,2.8536585365853657,34.9,-117.01,0.555
3.8203,11.0,6.113695090439276,1.028423772609819,1046.0,2.702842377260982,38.02,-120.31,1.397
3.0909,30.0,4.447368421052632,1.105263157894737,1314.0,3.1435406698564594,33.75,-117.99,1.844
4.6852,52.0,5.509687034277198,1.029806259314456,1436.0,2.140089418777944,33.77,-118.13,3.952
2.925,29.0,5.017021276595744,1.048936170212766,1071.0,2.27872340425532,38.54,-121.42,0.943
4.0313,35.0,3.996794871794872,1.1057692307692308,1126.0,1.8044871794871795,32.77,-117.25,3.853
4.65,25.0,5.109411764705882,0.996470588235294,3872.0,4.555294117647059,33.72,-117.89,1.978
4.375,38.0,4.8977272727272725,1.0113636363636365,484.0,2.75,33.99,-118.06,1.862
1.875,33.0,14.77777777777778,3.2222222222222223,71.0,2.6296296296296298,34.3,-117.18,0.713
1.5203,27.0,4.65311004784689,1.0669856459330145,859.0,2.055023923444976,34.03,-117.06,1.262
3.238,40.0,4.177619893428064,1.0621669626998225,1133.0,2.0124333925399647,34.05,-118.38,2.875
3.6429,52.0,5.157894736842105,1.0,1208.0,3.027568922305764,37.74,-122.41,2.3
3.9219,37.0,4.024024024024024,0.975975975975976,928.0,2.7867867867867866,34.12,-118.0,1.75
3.1625,24.0,6.572972972972973,1.5621621621621622,421.0,2.2756756756756755,38.94,-119.99,1.036
5.4896,5.0,7.061051004636785,1.0571870170015456,3667.0,2.833848531684698,38.75,-121.24,2.296
3.7036,52.0,5.11353711790393,1.0,1170.0,2.554585152838428,37.77,-122.49,3.692
4.5721,22.0,4.563139931740614,1.0955631399317407,2206.0,2.50967007963595,37.33,-122.04,3.512
2.5104,36.0,3.932330827067669,1.0268528464017186,3816.0,4.098818474758325,34.07,-118.1,1.85
3.46,31.0,4.457575757575758,0.9727272727272728,841.0,2.5484848484848484,33.93,-117.96,2.328
1.0962,11.0,4.092651757188499,0.9297124600638976,861.0,2.7507987220447285,36.19,-119.32,0.723
2.9471,33.0,6.68,1.024,528.0,2.112,36.8,-119.82,0.995
3.59,35.0,4.675540765391015,1.021630615640599,1578.0,2.625623960066556,33.89,-118.29,2.006
3.2405,16.0,6.11377245508982,1.215568862275449,2033.0,3.0434131736526946,35.12,-118.46,0.855
5.7942,36.0,6.008108108108108,1.0,1039.0,2.808108108108108,33.79,-118.11,2.57
9.5908,37.0,4.352941176470588,1.1176470588235294,63.0,3.7058823529411766,37.14,-121.98,3.5
5.2066,4.0,10.5,1.4456521739130437,311.0,3.380434782608696,33.51,-117.32,5.00001
3.6458,37.0,5.182080924855492,1.0520231213872833,1534.0,4.433526011560693,37.63,-122.08,1.566
1.7422,21.0,5.011299435028248,1.0451977401129944,875.0,2.4717514124293785,40.69,-122.38,0.615
3.2464,26.0,5.496774193548387,1.0161290322580645,918.0,2.9612903225806453,35.26,-120.68,2.08
2.8676,30.0,6.205882352941177,1.241176470588235,629.0,3.7,37.95,-121.22,0.769
1.525,34.0,2.8176470588235296,1.0705882352941176,557.0,3.276470588235294,34.08,-118.29,2.1
2.2679,32.0,3.549019607843137,0.9803921568627452,348.0,3.411764705882353,34.22,-118.38,1.5
4.0694,16.0,5.651408450704225,0.9929577464788732,866.0,3.0492957746478875,37.36,-120.63,1.102
3.15,49.0,5.83,1.0466666666666666,705.0,2.35,36.77,-119.81,0.722
3.0375,25.0,18.71551724137931,3.327586206896552,248.0,2.1379310344827585,39.14,-120.18,1.719
2.375,37.0,4.1440677966101696,1.2485875706214689,651.0,1.8389830508474576,32.79,-117.25,3.404
3.5083,52.0,4.047835990888383,1.0341685649202734,671.0,1.5284738041002277,34.08,-118.33,5.00001
7.2379,15.0,6.472222222222222,0.9409722222222222,1006.0,3.493055555555556,33.91,-117.6,2.51
5.7295,25.0,6.032040472175379,0.9797639123102868,1753.0,2.9561551433389543,38.0,-122.03,1.783
1.6678,27.0,4.736413043478261,1.0326086956521738,697.0,1.8940217391304348,38.62,-121.37,1.661
2.8214,29.0,4.763527054108216,0.9539078156312624,1669.0,3.344689378757515,36.94,-121.8,1.901
6.213,50.0,6.866666666666666,1.0444444444444445,121.0,2.688888888888889,34.21,-118.23,2.85
4.875,25.0,5.78125,1.0,85.0,2.65625,38.31,-121.93,2.5
7.8139,9.0,6.645061728395062,0.9753086419753086,954.0,2.9444444444444446,33.72,-117.77,3.047
3.1607,42.0,3.6772727272727272,1.1863636363636365,1454.0,3.3045454545454547,34.08,-118.28,1.82
3.2813,17.0,4.98014888337469,0.9925558312655088,895.0,2.220843672456576,38.43,-122.67,2.027
3.5227,8.0,6.779245283018868,1.2433962264150944,1710.0,3.2264150943396226,38.48,-121.46,0.931
3.755,40.0,3.876543209876543,1.0776014109347445,1023.0,1.804232804232804,34.01,-118.48,3.983
3.7413,24.0,5.555555555555555,1.034608378870674,1743.0,3.1748633879781423,38.03,-121.31,1.053
3.5855,35.0,4.473544973544974,0.9708994708994708,1265.0,3.3465608465608465,33.86,-117.97,1.743
2.7045,38.0,4.454545454545454,1.1618625277161865,1449.0,3.212860310421286,33.86,-118.19,1.554
5.4746,30.0,5.998745294855709,1.0426599749058971,2568.0,3.2220828105395234,33.84,-118.03,2.264
4.74,42.0,5.105540897097625,1.0237467018469657,1136.0,2.9973614775725594,33.9,-118.36,2.3
6.9014,21.0,8.379576107899807,1.0655105973025047,1680.0,3.23699421965318,33.77,-117.79,4.39
3.3889,10.0,4.472602739726027,0.821917808219178,407.0,2.787671232876712,38.89,-121.29,1.108
1.724,52.0,2.2785657998423954,1.0823483057525611,4518.0,1.7801418439716312,37.79,-122.41,2.25
4.9844,29.0,6.002247191011236,0.9820224719101124,1484.0,3.3348314606741574,34.11,-117.83,2.03
6.7919,19.0,7.377981651376147,1.0220183486238532,1872.0,3.434862385321101,33.73,-117.93,2.956
2.8783,5.0,5.821086261980831,1.172523961661342,798.0,2.549520766773163,33.95,-117.02,1.052
3.125,39.0,4.380281690140845,0.9964788732394366,886.0,3.119718309859155,34.03,-118.46,3.25
2.0562,41.0,4.536656891495602,1.217008797653959,1024.0,3.002932551319648,37.77,-122.2,1.02
3.7917,15.0,6.402255639097745,1.0263157894736843,847.0,3.1842105263157894,34.39,-117.31,1.234
2.4524,41.0,5.340116279069767,1.188953488372093,1430.0,4.156976744186046,34.13,-117.32,0.704
4.218,52.0,5.396761133603239,1.04251012145749,1362.0,2.757085020242915,37.78,-122.48,3.938
3.0125,37.0,6.0814814814814815,1.1111111111111112,404.0,2.9925925925925925,32.74,-117.03,1.304
2.5192,47.0,5.721393034825871,1.2139303482587065,552.0,2.746268656716418,39.46,-123.84,1.104
1.448,37.0,4.327433628318584,1.0265486725663715,1316.0,3.882005899705015,34.06,-117.19,0.728
7.0318,40.0,6.541353383458647,1.1473684210526316,1551.0,2.3323308270676693,34.03,-118.53,5.00001
2.625,17.0,8.0920245398773,1.638036809815951,393.0,2.411042944785276,40.06,-124.08,1.356
3.1679,21.0,5.080962800875273,1.1334792122538293,662.0,1.4485776805251642,33.62,-117.72,1.1
2.8711,48.0,4.419700214132762,1.0364025695931478,1055.0,2.259100642398287,37.76,-122.47,3.296
2.1912,42.0,4.122093023255814,1.058139534883721,547.0,3.1802325581395348,38.44,-122.7,1.65
5.2909,52.0,6.051724137931035,1.0718390804597702,743.0,2.135057471264368,37.79,-122.46,5.00001
3.875,31.0,7.1158940397351,1.5397350993377483,966.0,3.198675496688742,33.85,-117.93,1.839
2.2393,16.0,5.409259259259259,1.1833333333333331,1838.0,3.403703703703704,33.31,-116.95,1.17
5.6482,35.0,6.551587301587301,1.0674603174603174,707.0,2.805555555555556,33.9,-118.37,2.948
6.8374,27.0,6.972527472527473,1.021978021978022,464.0,2.5494505494505493,37.37,-122.09,5.00001
2.6997,52.0,4.062745098039216,1.0627450980392157,1623.0,2.1215686274509804,37.83,-122.28,1.269
4.5,28.0,5.102117061021171,1.0435865504358657,2112.0,2.6301369863013697,33.84,-118.01,2.021
3.2344,52.0,5.563953488372093,1.0930232558139534,403.0,2.3430232558139537,37.88,-122.28,2.455
4.6833,17.0,6.077961019490255,0.9805097451274364,2034.0,3.049475262368816,37.61,-120.95,1.422
4.1103,8.0,5.385964912280702,1.0676691729323309,950.0,2.380952380952381,33.65,-117.83,2.504
3.6832,20.0,4.231794871794872,1.0574358974358975,2079.0,2.1323076923076925,37.58,-121.98,2.169
2.1773,17.0,4.04,1.068,1529.0,3.058,32.59,-117.11,1.432
1.4766,23.0,4.143947655398037,1.0937840785169028,3786.0,4.128680479825518,36.76,-119.76,0.506
8.0287,11.0,8.007211538461538,0.9855769230769232,1460.0,3.5096153846153846,33.92,-117.85,3.718
3.5331,30.0,5.539115646258503,0.9761904761904762,1804.0,3.068027210884354,37.6,-120.94,1.029
1.8571,31.0,3.468468468468469,1.018018018018018,1079.0,2.43018018018018,38.63,-121.4,0.987
4.0313,35.0,4.746268656716418,1.044776119402985,1299.0,3.8776119402985074,33.91,-118.15,1.632
7.8915,3.0,7.7997557997558,1.123321123321123,2129.0,2.5995115995116,33.53,-117.73,4.206
3.0806,52.0,6.193103448275863,1.0413793103448277,1152.0,2.648275862068965,40.54,-124.23,1.067
4.038,52.0,3.878832116788321,1.127007299270073,1014.0,1.4802919708029196,37.8,-122.42,5.00001
4.4107,22.0,4.1257861635220126,1.173584905660377,1842.0,2.316981132075472,37.39,-122.03,2.327
2.189,40.0,5.217582417582418,1.098901098901099,1772.0,3.8945054945054944,34.07,-117.19,0.725
7.9393,8.0,6.870503597122302,0.9328537170263788,1376.0,3.2997601918465227,37.74,-121.98,3.993
4.4,52.0,6.128851540616247,1.011204481792717,917.0,2.5686274509803924,37.58,-122.37,5.0
3.691,30.0,4.975609756097561,1.0,989.0,3.445993031358885,37.86,-121.61,1.544
3.4812,52.0,4.520689655172414,1.0689655172413792,707.0,2.4379310344827587,34.06,-118.34,4.328
2.9306,48.0,5.083950617283951,0.9580246913580248,834.0,2.05925925925926,36.76,-119.81,0.679
5.7361,39.0,6.451612903225806,1.0026881720430108,877.0,2.35752688172043,33.81,-118.38,5.00001
1.0539,30.0,2.934322033898305,1.097457627118644,1730.0,3.665254237288136,34.01,-118.29,1.425
1.8519,52.0,2.654450261780105,1.1047120418848169,1055.0,2.761780104712042,37.78,-122.41,0.325
1.5417,18.0,7.666666666666667,1.5925925925925926,98.0,1.8148148148148149,32.69,-115.9,0.575
3.425,6.0,4.221774193548387,1.092741935483871,740.0,2.9838709677419355,33.92,-118.34,1.938
5.1384,24.0,6.048249763481552,1.0794701986754969,2743.0,2.595080416272469,33.73,-118.02,3.369
1.9187,29.0,3.936936936936937,0.9774774774774776,788.0,3.5495495495495497,37.96,-121.24,0.577
3.6167,17.0,3.1549295774647885,0.9859154929577464,147.0,2.0704225352112675,34.12,-119.16,2.8
2.6908,24.0,5.855203619909502,1.004524886877828,684.0,3.095022624434389,37.37,-120.88,1.031
1.59,49.0,4.39186295503212,1.0706638115631693,1525.0,3.2655246252676657,37.63,-121.0,0.809
1.8438,32.0,5.139817629179332,1.0729483282674772,1457.0,4.428571428571429,34.14,-117.32,0.666
5.1221,4.0,6.176178660049628,1.0252274607113316,6945.0,2.872208436724566,32.75,-116.94,2.297
2.5083,21.0,4.604784688995215,1.0688995215311006,1985.0,1.8995215311004785,38.75,-121.27,1.285
1.8158,33.0,5.690721649484536,1.2371134020618555,347.0,3.577319587628866,34.75,-117.14,1.0
4.54,23.0,5.347878787878788,1.103030303030303,2380.0,2.8848484848484848,33.84,-118.09,2.131
1.7976,40.0,3.2188449848024314,1.209726443768997,2195.0,3.335866261398176,34.03,-118.28,1.646
4.3667,52.0,4.908963585434174,1.0434173669467788,1374.0,1.92436974789916,37.77,-122.44,5.00001
3.0804,14.0,6.162280701754386,1.1798245614035088,660.0,2.894736842105264,39.11,-121.22,1.568
6.7027,8.0,6.601410934744268,1.0246913580246917,1633.0,2.880070546737213,37.76,-121.97,3.819
2.2625,17.0,4.9800399201596806,1.0459081836327346,1292.0,2.5788423153692617,35.11,-120.6,1.53
5.5631,4.0,5.486666666666666,1.07,859.0,2.8633333333333333,33.71,-117.77,2.278
2.3224,18.0,3.711237553342817,1.0256045519203414,2221.0,3.159317211948791,34.06,-118.11,1.923
2.3594,26.0,4.978062157221206,1.0073126142595978,1326.0,2.424131627056673,40.47,-122.31,0.66
5.6233,21.0,6.605113636363637,1.041193181818182,2014.0,2.8607954545454546,37.03,-122.03,3.22
6.3624,30.0,5.615384615384615,0.7307692307692307,126.0,2.423076923076923,37.81,-122.18,4.833
2.8788,38.0,5.86219739292365,1.0577281191806331,1378.0,2.5661080074487894,36.35,-119.65,0.855
3.1667,44.0,4.716374269005848,1.0087719298245614,1227.0,3.587719298245614,33.93,-118.19,1.457
2.532,39.0,3.734256926952141,1.022670025188917,2638.0,3.322418136020151,34.04,-118.32,1.727
3.3036,24.0,3.75,0.9915254237288136,1519.0,2.1454802259887007,33.88,-117.87,1.839
3.5694,40.0,4.391156462585034,1.030612244897959,1304.0,2.217687074829932,33.73,-118.3,2.764
3.0526,37.0,4.068459657701712,0.980440097799511,1316.0,3.21760391198044,33.9,-118.32,2.164
2.6667,35.0,3.8959537572254335,0.884393063583815,808.0,4.670520231213873,34.27,-118.42,1.478
2.1046,35.0,3.981273408239701,1.16729088639201,2221.0,2.772784019975031,34.03,-118.32,1.14
5.159,18.0,5.944272445820434,1.0309597523219811,890.0,2.7554179566563466,34.14,-117.2,1.448
4.325,43.0,5.028455284552845,0.9878048780487804,776.0,3.154471544715447,33.9,-118.1,1.66
4.3292,14.0,5.048054919908467,1.0892448512585813,1656.0,1.894736842105263,33.77,-117.84,2.065
2.8152,36.0,3.532286212914485,1.029668411867365,2028.0,3.5392670157068062,33.99,-118.08,1.639
6.2236,32.0,6.488789237668161,0.9573991031390134,1151.0,2.580717488789237,34.16,-117.27,1.597
1.5489,13.0,5.65,1.284375,735.0,2.296875,34.15,-116.33,0.574
2.2574,37.0,4.702576112412178,1.0913348946135832,1261.0,2.9531615925058547,38.52,-121.5,0.591
2.8298,37.0,5.3497267759562845,1.0027322404371584,1171.0,3.199453551912568,38.53,-121.42,0.712
2.8456,30.0,4.970588235294118,1.156862745098039,537.0,2.6323529411764706,37.92,-122.31,1.833
2.0329,30.0,3.9058380414312617,1.0037664783427496,1311.0,2.468926553672316,33.74,-118.29,2.258
3.2794,7.0,5.546473302570863,1.044166117336849,5146.0,3.3922214897824654,34.46,-117.2,0.925
2.8438,38.0,4.779527559055119,0.9606299212598424,632.0,2.4881889763779528,38.25,-122.04,0.942
2.4519,25.0,4.430147058823529,0.9558823529411764,608.0,2.235294117647059,37.95,-122.02,2.083
1.8407,49.0,5.117516629711751,1.0022172949002215,1299.0,2.8802660753880267,37.76,-122.18,0.967
4.9743,19.0,5.412935323383085,1.0298507462686568,1002.0,2.492537313432836,33.9,-117.9,1.935
3.2344,14.0,5.248730964467005,1.1243654822335023,2026.0,2.571065989847716,34.08,-117.69,1.282
2.7138,8.0,6.931897150799166,1.2112578179291174,6835.0,4.749826268241835,35.43,-116.57,0.225
4.1912,52.0,5.763285024154589,0.966183574879227,506.0,2.4444444444444446,37.88,-122.28,2.545
3.375,36.0,4.941176470588236,0.7058823529411765,29.0,1.7058823529411764,34.47,-118.48,1.875
4.0313,35.0,3.996794871794872,1.1057692307692308,1126.0,1.8044871794871795,32.77,-117.25,3.853
3.2813,15.0,5.04954128440367,1.001834862385321,1422.0,2.6091743119266053,35.5,-120.67,1.75
3.9464,37.0,4.928735632183908,1.025287356321839,860.0,1.9770114942528736,34.16,-118.31,3.15
3.0469,20.0,5.656,1.008,337.0,2.696,39.74,-122.16,0.85
11.0911,20.0,8.259803921568627,1.0612745098039216,1020.0,2.5,33.03,-117.21,5.00001
1.6063,20.0,4.88981288981289,1.155925155925156,1217.0,2.5301455301455302,34.13,-116.31,0.554
5.1806,9.0,4.41635687732342,1.0346964064436184,1530.0,1.895910780669145,33.8,-118.16,1.75
4.45,46.0,5.320359281437126,1.083832335329341,896.0,2.682634730538922,34.0,-118.45,3.483
4.0154,12.0,4.710490463215259,1.116485013623978,2940.0,2.002724795640327,37.98,-122.07,1.861
3.25,19.0,5.70945945945946,1.1047297297297298,855.0,2.8885135135135136,37.74,-120.91,1.767
3.7333,36.0,6.300254452926208,1.201017811704835,1213.0,3.0865139949109417,38.0,-122.05,1.364
5.228,16.0,6.569451309935739,1.0192782995551162,6931.0,3.426099851705388,33.97,-117.72,1.878
3.3062,11.0,5.051420838971583,1.1244925575101488,1839.0,2.4884979702300405,35.11,-120.61,1.585
3.6591,52.0,4.9319066147859925,0.95136186770428,1094.0,2.1284046692607004,37.84,-122.25,2.992
3.0757,39.0,4.524663677130045,1.0022421524663676,1221.0,2.7376681614349776,37.8,-122.21,1.51
4.6875,36.0,5.108504398826979,0.997067448680352,857.0,2.5131964809384164,33.82,-118.11,2.182
2.125,41.0,4.782608695652174,1.1014492753623188,776.0,3.748792270531401,33.89,-118.22,1.202
3.5164,47.0,5.970639032815199,1.07426597582038,1700.0,2.936096718480138,34.18,-118.14,2.265
2.9526,24.0,4.725085910652921,1.168384879725086,1699.0,1.946162657502864,37.9,-122.05,2.71
8.7124,15.0,8.042735042735043,1.0897435897435896,1448.0,3.094017094017094,33.84,-117.76,4.105
6.3191,25.0,7.990338164251208,1.0169082125603863,1201.0,2.9009661835748792,32.77,-116.95,3.034
1.9956,25.0,5.029227557411273,1.022964509394572,1384.0,2.8893528183716075,39.52,-121.58,0.58
4.3429,33.0,5.4012066365007545,1.107088989441931,1780.0,2.6847662141779787,37.07,-122.09,2.143
5.752,35.0,5.728571428571429,1.0,802.0,2.8642857142857143,33.95,-118.12,2.91
2.5625,12.0,7.020527859237537,1.2991202346041055,877.0,2.5718475073313782,38.82,-122.5,1.092
3.2794,42.0,5.591760299625468,1.0374531835205991,671.0,2.51310861423221,33.82,-118.12,2.245
1.4012,52.0,3.105714285714286,1.06,3337.0,9.534285714285714,37.87,-122.26,1.75
4.65,21.0,7.485232067510548,1.109704641350211,724.0,3.054852320675105,34.96,-120.41,1.525
6.5437,14.0,6.901548672566372,0.9966814159292036,2923.0,3.233407079646017,33.9,-117.78,2.682
3.0469,16.0,5.764227642276423,1.1165311653116532,1104.0,2.991869918699187,39.79,-122.25,0.722
1.6112,25.0,2.435483870967742,1.063895781637717,4865.0,3.017990074441687,34.1,-118.3,2.625
8.6499,4.0,7.236059479553903,1.0325278810408922,5495.0,2.5534386617100373,34.19,-118.8,5.00001
1.9355,37.0,3.743119266055046,1.1211009174311926,1698.0,3.1155963302752294,34.11,-118.2,1.663
3.1667,23.0,5.225531914893617,1.0,569.0,2.421276595744681,32.8,-115.64,1.25
3.6161,28.0,4.447552447552448,1.181818181818182,788.0,5.510489510489511,33.8,-118.24,1.313
4.1399,18.0,5.359838274932614,1.0902964959568733,2231.0,3.006738544474393,34.1,-117.42,1.154
8.2335,37.0,5.098468271334792,0.949671772428884,846.0,1.851203501094092,34.11,-118.33,4.302
4.0379,34.0,5.275862068965517,0.9605911330049262,1305.0,3.2142857142857144,33.98,-118.05,1.728
6.1185,26.0,7.069343065693431,1.0437956204379562,769.0,2.8065693430656933,38.66,-121.19,1.792
2.7048,8.0,4.228404099560762,0.9692532942898976,2441.0,3.57393850658858,32.59,-117.08,1.53
4.0505,29.0,5.543835616438356,1.0328767123287672,2353.0,3.223287671232877,32.67,-117.06,1.25
4.3906,44.0,5.936675461741425,0.9973614775725592,928.0,2.4485488126649075,35.4,-119.0,0.939
5.193,42.0,5.662100456621005,0.9155251141552512,1085.0,2.4771689497716896,33.99,-118.05,2.634
7.898,23.0,6.665217391304348,0.982608695652174,693.0,3.0130434782608697,33.9,-117.89,2.582
3.1653,44.0,4.47675962815405,1.0544488711819389,1738.0,2.308100929614874,37.78,-122.48,3.353
5.4868,7.0,6.466101694915254,0.9661016949152542,1077.0,3.042372881355932,36.84,-119.82,1.588
3.2112,38.0,4.290676416819013,1.2157221206581352,1317.0,2.407678244972577,34.16,-118.31,3.493
4.5547,10.0,6.28,1.0514285714285714,1645.0,4.7,32.57,-117.09,1.607
8.19,20.0,8.240170031880977,1.0371944739638683,3094.0,3.287991498405951,37.23,-121.89,3.616
1.6469,24.0,4.274193548387097,1.0483870967741935,1686.0,4.532258064516129,35.87,-119.26,0.476
4.2578,36.0,5.258823529411765,1.1176470588235294,2886.0,33.95294117647059,33.94,-117.63,1.833
2.25,19.0,4.436708860759493,1.0253164556962024,1327.0,4.199367088607595,36.52,-119.28,0.532
3.0149,52.0,4.276639344262295,1.0450819672131149,1197.0,2.4528688524590163,37.8,-122.25,2.184
7.3089,48.0,7.283216783216783,1.041958041958042,685.0,2.395104895104895,37.91,-122.28,3.312
2.1281,33.0,3.8342175066313,1.0517241379310345,1607.0,2.1312997347480107,32.63,-117.08,1.398
1.3882,47.0,4.394190871369295,1.112033195020747,693.0,2.87551867219917,36.33,-119.65,0.538
5.5673,7.0,5.865384615384615,1.1394230769230769,2710.0,2.605769230769231,32.81,-117.09,2.882
1.875,15.0,5.327102803738318,1.1495327102803738,189.0,1.766355140186916,37.53,-120.81,1.813
3.7802,10.0,5.087403598971722,1.167095115681234,1117.0,2.87146529562982,34.08,-117.7,1.073
7.0549,52.0,6.785714285714286,0.9514285714285714,813.0,2.322857142857143,37.82,-122.21,3.314
5.7398,42.0,6.282352941176471,1.0274509803921568,705.0,2.764705882352941,37.61,-122.41,3.364
1.5054,13.0,2.4764795144157814,0.9074355083459787,3356.0,5.092564491654021,33.75,-117.86,1.375
2.8438,33.0,5.466307277628032,1.137466307277628,1727.0,4.654986522911051,34.05,-117.97,1.576
2.9621,52.0,3.9790794979079496,1.0209205020920502,848.0,1.7740585774058577,34.08,-118.36,1.75
5.015,37.0,5.578313253012048,1.0120481927710845,826.0,3.317269076305221,34.2,-118.58,2.209
3.2462,37.0,4.191219512195122,1.062439024390244,2100.0,2.048780487804878,37.97,-122.51,3.294
4.4773,28.0,5.570909090909091,1.0436363636363637,977.0,3.5527272727272727,34.31,-118.45,1.731
1.3929,29.0,3.1927554980595083,1.1177231565329884,1335.0,1.7270375161707632,37.8,-122.25,1.938
4.0625,11.0,5.714285714285714,0.9933035714285714,952.0,2.125,33.15,-117.29,0.875
4.1771,44.0,4.920720720720721,1.0396396396396397,1396.0,2.5153153153153154,33.84,-118.19,2.191
1.933,15.0,5.431372549019608,1.1294117647058823,775.0,3.0392156862745097,37.05,-120.82,1.406
1.9829,34.0,4.4407484407484406,1.0353430353430353,2916.0,3.0311850311850312,37.5,-120.86,0.828
3.6815,17.0,4.765864332603939,1.0437636761487965,1077.0,2.3566739606126914,33.82,-118.03,2.453
5.6315,34.0,4.5405982905982905,1.064102564102564,1052.0,2.247863247863248,33.62,-117.93,4.846
1.8929,41.0,6.74,1.3,198.0,3.96,34.21,-118.36,1.529
3.6875,36.0,5.327526132404182,1.0104529616724738,1271.0,4.428571428571429,33.99,-118.1,1.752
2.45,41.0,3.5365853658536586,1.032520325203252,1384.0,3.750677506775068,33.75,-118.28,1.868
4.9271,21.0,5.111711711711712,0.927927927927928,2031.0,3.6594594594594594,33.99,-117.87,2.097
2.2083,18.0,5.183908045977011,1.1206896551724137,771.0,4.431034482758621,36.84,-120.69,0.55
5.6292,24.0,6.454954954954955,0.983108108108108,2444.0,2.7522522522522523,37.94,-122.04,2.314
5.296,30.0,4.782758620689656,0.9827586206896552,1076.0,1.855172413793104,34.11,-118.29,5.00001
2.7009,35.0,5.752631578947368,1.0105263157894735,590.0,3.1052631578947367,38.69,-121.37,0.802
1.7609,24.0,6.233463035019455,1.6575875486381324,751.0,2.922178988326848,39.24,-120.02,0.993
7.9234,29.0,8.017699115044248,1.0766961651917404,982.0,2.896755162241888,37.26,-121.99,5.00001
6.2654,17.0,6.570637119113574,1.005540166204986,3538.0,3.2668513388734994,34.16,-117.95,2.738
4.9107,34.0,5.585365853658536,0.9878048780487804,552.0,3.365853658536585,33.91,-118.13,2.22
2.9148,15.0,4.285957446808511,1.1055319148936171,3164.0,2.692765957446809,34.16,-118.27,2.387
3.125,33.0,7.238095238095238,1.183673469387755,434.0,2.952380952380953,39.15,-122.2,1.08
2.1908,46.0,5.523985239852398,1.1402214022140222,787.0,2.904059040590406,34.83,-114.6,0.481
4.4167,28.0,4.282846715328467,1.1094890510948905,785.0,1.4324817518248176,34.09,-118.39,4.25
2.6576,5.0,5.939205955334987,1.1290322580645162,1944.0,2.411910669975186,34.44,-117.22,0.985
2.85,38.0,5.0893470790378,1.0893470790378006,1080.0,3.711340206185567,32.68,-117.06,1.258
3.3869,30.0,5.135384615384615,0.966153846153846,837.0,2.5753846153846154,36.55,-119.39,0.804
3.6429,28.0,5.249180327868852,1.0098360655737706,848.0,2.780327868852459,38.69,-121.41,1.052
5.8407,18.0,7.510416666666667,1.1125,1682.0,3.504166666666667,34.12,-117.64,2.029
1.191,52.0,7.69811320754717,1.490566037735849,521.0,3.276729559748428,37.81,-122.3,0.761
1.7402,34.0,4.370689655172414,1.125,1797.0,3.872844827586207,32.7,-117.11,0.794
2.2574,23.0,6.018229166666667,1.2682291666666667,1019.0,2.653645833333333,36.63,-118.18,1.047
3.6667,26.0,6.122340425531915,1.0638297872340423,593.0,3.154255319148936,34.09,-117.66,1.663
1.972,13.0,4.838235294117647,1.0441176470588236,1276.0,3.127450980392157,33.71,-117.09,0.905
3.1799,35.0,5.656565656565657,1.068181818181818,1394.0,3.5202020202020203,34.08,-117.33,0.867
15.0001,42.0,8.5625,0.9642857142857144,632.0,2.821428571428572,34.05,-118.49,5.00001
5.0733,9.0,5.920388349514563,0.9145631067961164,1527.0,2.9650485436893206,32.86,-116.88,1.966
1.8068,52.0,2.659863945578232,1.2060252672497571,1761.0,1.7113702623906706,37.79,-122.42,2.25
2.6042,25.0,5.250596658711217,1.0477326968973748,1045.0,2.4940334128878283,39.22,-121.09,1.167
4.7952,22.0,6.365973072215422,1.05875152998776,3280.0,4.01468788249694,32.73,-117.02,1.414
5.0464,17.0,6.0130151843817785,0.9739696312364424,1685.0,3.6550976138828633,33.87,-117.58,1.639
3.8565,39.0,4.962795941375423,1.007891770011274,2941.0,3.3156708004509583,37.65,-122.42,2.398
2.2197,33.0,4.325,1.0770833333333334,1374.0,2.8625,33.87,-117.57,1.382
3.9187,39.0,5.6109422492401215,1.0638297872340423,765.0,2.325227963525836,32.81,-117.25,3.119
3.5052,52.0,3.85824493731919,1.0453230472516877,2129.0,2.0530376084860174,37.76,-122.42,3.912
4.6932,4.0,5.260137719969396,1.1009946442234124,2889.0,2.210405508798776,37.76,-121.94,3.561
3.9628,29.0,5.862068965517241,1.0830721003134796,1724.0,2.702194357366772,33.84,-118.01,2.156
4.125,36.0,6.030927835051546,1.0103092783505154,1213.0,3.1262886597938144,34.01,-117.73,2.13
2.8438,44.0,3.745,1.075,848.0,2.12,37.39,-122.08,3.071
4.0223,33.0,5.047520661157025,1.0289256198347108,1601.0,3.307851239669421,34.3,-118.43,1.46
4.1974,14.0,6.058035714285714,1.1026785714285714,695.0,3.102678571428572,38.33,-121.1,1.578
4.0077,17.0,4.465478841870824,1.086859688195991,3056.0,2.268745360059391,34.22,-118.59,2.29
2.8445,35.0,4.636494252873563,1.0761494252873562,1881.0,2.702586206896552,33.88,-118.3,2.421
5.5184,35.0,5.624624624624625,1.054054054054054,945.0,2.8378378378378377,37.56,-122.3,2.748
1.3281,40.0,5.054347826086956,1.0815217391304348,564.0,3.065217391304348,37.79,-122.23,1.133
2.4322,12.0,5.105125977410947,1.0616854908774978,2992.0,2.5994787141615987,33.96,-116.97,1.121
3.0568,41.0,4.868243243243243,0.9256756756756755,646.0,2.1824324324324325,36.77,-119.82,0.713
4.3351,21.0,4.211992136304063,1.0570117955439056,7273.0,2.38302752293578,37.4,-122.06,2.674
4.925,22.0,6.730831973898858,1.00163132137031,1795.0,2.9282218597063623,36.76,-119.63,1.547
1.87,38.0,2.8222222222222224,1.2355555555555555,1692.0,3.76,34.07,-118.27,1.708
5.1616,29.0,5.518024032042724,0.9933244325767692,2023.0,2.7009345794392523,37.54,-122.0,2.751
2.2097,50.0,3.111111111111111,1.0333333333333334,488.0,1.807407407407408,34.42,-119.71,2.583
1.4722,4.0,3.769647696476965,1.3712737127371273,727.0,1.970189701897019,34.06,-117.74,1.375
4.9676,22.0,5.598290598290598,1.1076923076923078,1746.0,2.9846153846153847,34.23,-118.57,2.219
4.5278,44.0,4.032051282051282,0.8397435897435898,326.0,2.08974358974359,34.03,-118.42,3.743
1.8798,40.0,3.961864406779661,0.9576271186440678,818.0,3.4661016949152543,33.95,-118.27,1.013
2.7219,15.0,6.724137931034483,1.3653962492437992,4122.0,2.4936479128856623,33.82,-116.39,0.744
3.9118,32.0,5.527058823529412,1.0635294117647058,1479.0,3.48,33.94,-117.44,1.141
4.1458,52.0,5.9602272727272725,1.0511363636363635,374.0,2.125,37.76,-122.23,2.485
2.773,20.0,3.8841405508072175,1.2070275403608737,2824.0,2.6818613485280154,34.2,-118.43,1.405
2.9511,17.0,3.5869336143308748,1.065331928345627,1694.0,1.7850368809272918,34.14,-118.14,2.823
1.4812,39.0,5.42483660130719,1.1405228758169934,1061.0,3.4673202614379086,36.39,-119.23,0.535
3.6298,34.0,4.28968253968254,0.8134920634920635,1325.0,5.257936507936508,34.06,-117.8,1.085
2.3542,43.0,4.921428571428572,1.0,708.0,2.5285714285714285,38.53,-121.48,1.039
1.7708,36.0,3.828358208955224,1.0970149253731345,1316.0,4.91044776119403,33.97,-118.25,1.026
4.1151,22.0,5.297491039426523,1.1505376344086022,1342.0,2.4050179211469533,33.77,-117.83,2.032
2.2917,29.0,7.257142857142857,1.2428571428571429,481.0,3.435714285714285,36.05,-119.27,1.125
4.2841,8.0,7.060367454068241,1.0761154855643045,1085.0,2.847769028871391,35.63,-120.67,2.567
3.4679,18.0,3.8483935742971886,1.0602409638554218,2192.0,2.200803212851405,33.73,-117.98,2.197
10.6605,50.0,7.379464285714286,1.125,641.0,2.861607142857143,37.73,-122.47,5.00001
5.2108,31.0,5.846153846153846,1.083916083916084,1604.0,2.804195804195804,37.34,-122.0,3.515
4.224,43.0,5.655097613882863,1.03470715835141,1225.0,2.6572668112798263,37.49,-122.25,3.496
5.2099,35.0,5.80327868852459,1.009367681498829,1333.0,3.1217798594847777,33.86,-117.95,1.914
4.505,32.0,3.5763546798029555,1.0049261083743843,538.0,2.65024630541872,37.38,-122.01,2.304
2.4485,34.0,5.214723926380368,0.9969325153374232,972.0,2.98159509202454,37.65,-120.96,0.955
3.9231,34.0,5.209718670076726,0.9846547314578004,1195.0,3.056265984654732,34.15,-117.31,0.96
3.994,30.0,5.083832335329341,0.9680638722554892,1547.0,3.0878243512974053,38.01,-121.3,0.955
7.7197,4.0,6.153846153846154,0.7692307692307693,55.0,4.230769230769231,33.89,-117.42,1.938
2.7234,44.0,5.810218978102189,1.0602189781021898,1399.0,2.552919708029197,38.01,-121.8,1.102
3.8088,34.0,5.630573248407643,0.964968152866242,888.0,2.828025477707006,36.8,-119.7,0.877
6.6013,39.0,6.550600343053174,1.018867924528302,1361.0,2.334476843910806,32.72,-117.24,3.964
1.4583,33.0,3.586734693877551,0.903061224489796,2248.0,3.82312925170068,37.93,-121.26,0.53
3.5529,27.0,5.576182136602452,1.0297723292469352,1763.0,3.087565674255692,32.73,-117.05,1.339
3.276,27.0,5.750788643533123,1.135646687697161,907.0,2.861198738170347,38.53,-122.82,1.729
2.4516,36.0,3.606232294617564,1.0736543909348442,1398.0,3.960339943342776,33.99,-118.19,1.478
7.2639,15.0,7.473684210526316,0.9578947368421052,876.0,3.073684210526316,37.67,-121.9,3.324
2.8,34.0,4.585657370517929,0.9322709163346612,563.0,2.243027888446215,38.59,-121.39,1.136
2.1139,40.0,4.34319526627219,1.0828402366863903,2024.0,2.9940828402366866,34.07,-117.31,0.709
6.0433,20.0,6.470756062767475,1.0099857346647647,1812.0,2.5848787446505,38.07,-122.41,4.359
4.9102,37.0,5.070621468926554,0.9774011299435028,1082.0,3.056497175141243,34.2,-118.52,2.072
3.6343,5.0,5.4822695035461,1.0354609929078014,1283.0,3.033096926713948,36.22,-119.32,0.954
3.1176,33.0,4.293413173652695,1.1197604790419162,1511.0,1.8095808383233527,37.23,-121.98,3.963
2.3545,33.0,3.62776025236593,1.2082018927444795,604.0,1.9053627760252363,33.43,-117.61,1.875
2.9545,47.0,4.195833333333334,1.0208333333333333,581.0,2.4208333333333334,37.36,-121.9,2.375
5.2563,17.0,10.32116788321168,1.8467153284671527,673.0,2.456204379562044,34.24,-117.13,1.441
4.6944,26.0,5.375438596491228,0.9263157894736842,781.0,2.7403508771929825,38.55,-121.38,1.309
3.6435,52.0,4.819070904645477,1.0122249388753055,1065.0,2.6039119804400976,34.05,-118.35,1.958
4.8182,19.0,16.78846153846154,2.9423076923076925,251.0,2.4134615384615383,39.23,-120.08,1.469
2.2478,31.0,5.123809523809523,1.1,1259.0,2.997619047619048,40.8,-124.13,0.811
9.0812,35.0,4.047457627118644,0.9898305084745764,507.0,1.7186440677966102,33.89,-118.41,5.00001
4.8831,15.0,6.74512987012987,1.0340909090909092,1722.0,2.7954545454545454,38.4,-121.38,1.544
2.7125,14.0,4.094262295081967,0.9508196721311476,1037.0,4.25,33.93,-117.94,1.661
1.2679,30.0,4.607843137254902,1.0343137254901962,1071.0,5.25,33.94,-118.24,0.92
3.6875,17.0,10.03370786516854,1.9303370786516847,853.0,1.9168539325842693,33.84,-116.52,1.304
2.8125,52.0,5.022988505747127,1.206896551724138,194.0,2.2298850574712645,37.79,-122.47,5.00001
4.5936,2.0,9.524554269627776,1.57428839537066,9419.0,2.946199562089459,33.58,-117.2,1.743
2.8072,23.0,4.1120401337792645,1.1521739130434785,2720.0,4.548494983277592,33.83,-117.9,1.647
3.9828,36.0,5.761363636363637,0.9914772727272728,820.0,2.3295454545454546,32.8,-117.07,1.689
2.4722,23.0,5.430703624733476,1.0746268656716418,1235.0,2.633262260127932,38.61,-121.28,1.033
5.7787,18.0,6.775210084033613,1.0819327731092436,1463.0,3.073529411764706,33.08,-117.29,3.467
1.625,8.0,7.6,0.95,1275.0,63.75,33.97,-117.33,1.625
6.3298,16.0,5.618491921005386,0.985637342908438,3785.0,3.3976660682226214,33.7,-117.79,2.471
1.6821,18.0,4.93569844789357,1.0864745011086474,859.0,1.9046563192904653,40.57,-122.35,0.694
1.7994,42.0,4.7785388127853885,1.0730593607305936,1621.0,3.7009132420091326,36.76,-119.74,0.587
6.3612,35.0,7.03855421686747,1.055421686746988,1042.0,2.510843373493976,32.69,-117.19,4.827
3.7315,20.0,7.368303571428571,1.7388392857142858,1085.0,2.421875,37.58,-118.74,1.593
5.806,16.0,6.872516556291391,1.054635761589404,1558.0,2.5794701986754967,33.85,-117.8,3.049
2.5389,47.0,5.346072186836518,1.0636942675159236,1308.0,2.777070063694268,38.54,-121.44,0.757
5.4536,38.0,6.092378752886836,0.9976905311778292,1284.0,2.9653579676674364,34.12,-118.09,3.427
5.0714,24.0,7.587219343696027,1.6683937823834196,1257.0,2.1709844559585494,33.96,-118.42,3.561
10.0791,27.0,7.268292682926829,1.0352303523035231,935.0,2.533875338753388,37.91,-122.45,5.00001
4.3056,30.0,5.036931818181818,1.0113636363636365,905.0,2.571022727272727,33.81,-118.31,3.36
3.5938,36.0,5.74384236453202,1.064039408866995,504.0,2.4827586206896552,39.15,-123.22,1.221
2.965,37.0,4.721442885771543,0.9539078156312624,1231.0,2.466933867735471,32.76,-117.06,1.557
4.4453,22.0,5.548306148055207,1.070263488080301,4404.0,2.762860727728984,33.72,-118.02,2.678
5.2486,19.0,6.1676829268292686,1.195121951219512,955.0,2.9115853658536586,37.05,-121.99,3.53
2.137,37.0,3.852941176470588,1.157563025210084,1967.0,4.132352941176471,33.79,-118.19,1.266
4.9615,28.0,5.411009174311927,0.9706422018348624,1538.0,2.8220183486238533,37.53,-121.96,2.28
2.2429,26.0,3.4608208955223883,1.0317164179104477,1109.0,2.069029850746269,34.1,-117.66,1.5
2.63,52.0,4.513119533527697,1.0145772594752187,1131.0,3.2973760932944605,34.07,-117.75,1.273
3.6449,32.0,5.8828125,1.029296875,1288.0,2.515625,37.97,-122.01,2.115
1.4804,52.0,4.041958041958042,1.1235431235431237,731.0,1.703962703962704,37.79,-122.45,4.25
7.6709,17.0,7.691379310344828,1.0086206896551724,2095.0,3.6120689655172415,33.72,-117.93,3.195
2.2639,15.0,3.845528455284553,0.9715447154471544,550.0,2.2357723577235773,36.82,-119.72,0.525
3.48,26.0,5.610619469026549,1.0123893805309734,1524.0,2.697345132743363,37.31,-120.46,0.953
2.4623,17.0,5.680701754385965,1.024561403508772,705.0,2.473684210526316,39.74,-121.57,1.261
1.6351,23.0,4.9950248756218905,1.099502487562189,697.0,3.4676616915422884,32.79,-115.55,0.596
4.6625,44.0,6.197333333333333,1.1013333333333333,823.0,2.1946666666666665,38.6,-121.45,1.589
4.775,24.0,5.560457516339869,1.0718954248366013,2829.0,4.622549019607843,37.29,-121.84,1.919
7.0544,25.0,6.801089918256131,0.9564032697547684,1034.0,2.8174386920980927,37.41,-121.81,3.207
2.0411,24.0,4.186346863468635,1.0774907749077491,1239.0,2.2859778597785976,38.0,-121.85,1.0
4.1492,34.0,4.3192019950124685,0.9950124688279302,1120.0,2.7930174563591024,34.25,-118.47,1.957
5.6912,22.0,6.571251548946716,1.0384138785625774,2372.0,2.939281288723668,34.26,-118.54,3.118
3.6667,50.0,5.422718808193668,1.0465549348230911,1989.0,3.70391061452514,37.72,-122.43,2.526
5.6062,26.0,6.017429193899782,1.0806100217864925,1716.0,3.738562091503268,37.46,-121.91,2.268
3.9583,35.0,5.3828125,1.0,379.0,2.9609375,34.08,-117.93,2.06
2.5547,39.0,4.148305084745763,0.9957627118644068,857.0,3.6313559322033897,33.99,-118.29,1.089
4.625,52.0,4.785714285714286,1.0927051671732524,1145.0,1.7401215805471124,37.8,-122.44,5.00001
4.3462,36.0,5.919491525423729,1.1080508474576272,1334.0,2.8262711864406778,34.22,-118.51,2.221
2.5903,28.0,3.4643962848297214,1.0340557275541795,739.0,2.2879256965944275,34.15,-118.13,1.25
4.8953,21.0,5.395806028833552,0.9855832241153342,2001.0,2.622542595019659,36.98,-121.88,2.895
8.565,31.0,8.107438016528926,1.0041322314049588,697.0,2.8801652892561984,34.25,-118.56,5.00001
7.2118,13.0,6.524752475247524,1.0297029702970295,1137.0,2.8143564356435644,33.68,-117.79,3.115
3.2279,48.0,4.2938331318016925,0.9987908101571948,1601.0,1.935912938331318,34.06,-118.35,4.0
8.0838,36.0,7.084935897435898,1.125,1433.0,2.296474358974359,33.8,-118.38,5.00001
5.1129,14.0,5.706484641638225,1.006825938566553,704.0,2.4027303754266214,33.53,-117.72,2.513
6.3761,16.0,6.366071428571429,0.9709821428571428,1083.0,2.4174107142857144,33.03,-117.04,2.962
4.0625,11.0,5.714285714285714,0.9933035714285714,952.0,2.125,33.15,-117.29,0.875
4.5417,21.0,5.9035087719298245,1.0460526315789471,1330.0,2.9166666666666665,34.25,-118.47,2.389
4.1339,35.0,4.780621572212066,0.959780621572212,1312.0,2.3985374771480803,32.74,-117.23,2.382
8.8115,34.0,6.99070385126162,1.0239043824701195,1738.0,2.308100929614874,34.14,-118.46,5.00001
2.2937,42.0,1.9865470852017937,1.0,582.0,2.609865470852018,34.05,-118.31,3.5
2.2679,50.0,5.185667752442996,1.211726384364821,781.0,2.543973941368078,39.21,-122.01,0.691
2.0658,29.0,3.575438596491228,1.0140350877192983,2070.0,3.631578947368421,34.04,-118.31,2.146
3.1597,30.0,6.097777777777778,1.0444444444444445,1047.0,4.653333333333333,34.08,-117.62,1.163
2.8125,33.0,5.099514563106796,1.135922330097087,1997.0,4.847087378640777,34.06,-117.16,1.172
3.3348,52.0,4.929133858267717,1.031496062992126,722.0,1.89501312335958,38.56,-121.46,1.228
2.1071,47.0,3.289473684210526,0.8588516746411483,1512.0,3.617224880382775,34.13,-118.27,2.089
1.8616,37.0,5.042801556420233,1.1517509727626458,569.0,2.2140077821011674,39.75,-121.63,0.705
3.3295,17.0,6.144444444444445,1.15,466.0,2.588888888888889,38.92,-120.0,1.266
1.3712,37.0,6.698863636363637,1.6022727272727273,354.0,2.011363636363636,38.48,-123.01,1.183
1.9375,42.0,2.7925696594427243,0.9845201238390092,1312.0,4.061919504643963,34.07,-118.21,1.688
5.6784,26.0,6.283828382838284,0.9636963696369636,945.0,3.118811881188119,33.83,-117.85,2.324
4.05,34.0,4.191489361702128,0.9361702127659576,152.0,3.234042553191489,37.33,-121.9,2.0
3.3409,32.0,3.2549019607843137,1.0098039215686274,177.0,1.7352941176470589,33.9,-118.37,2.563
7.2096,35.0,6.409948542024014,1.051457975986278,1305.0,2.2384219554030875,33.83,-118.2,4.903
3.7258,32.0,5.244736842105263,1.0210526315789474,1385.0,3.6447368421052633,34.05,-117.96,1.819
2.0675,25.0,3.1467991169977925,1.0684326710816776,3744.0,4.132450331125828,33.79,-118.2,1.167
4.375,37.0,5.325714285714286,0.9771428571428572,578.0,3.302857142857143,33.91,-118.14,1.776
3.2083,40.0,4.11318553092182,1.0980163360560091,1675.0,1.9544924154025671,37.76,-122.47,3.3
5.1282,35.0,5.543388429752066,0.981404958677686,1498.0,3.0950413223140494,37.59,-122.49,2.625
7.2543,52.0,6.676375404530744,1.035598705501618,774.0,2.504854368932039,37.44,-122.15,5.00001
3.7,29.0,5.883076923076923,1.033846153846154,859.0,2.643076923076923,40.19,-122.24,0.705
3.3929,28.0,5.673960612691466,1.0656455142231946,1365.0,2.986870897155361,38.22,-121.24,1.13
4.1359,17.0,4.607344632768362,1.0635593220338984,1879.0,2.653954802259887,34.22,-118.57,2.552
3.5057,36.0,5.544117647058823,1.0252100840336134,1111.0,2.3340336134453783,37.94,-122.07,2.051
4.375,20.0,5.368078175895765,1.0390879478827362,905.0,2.947882736156352,34.35,-119.73,3.352
5.5,16.0,6.691460055096419,1.0661157024793388,1293.0,3.56198347107438,37.27,-121.84,2.532
2.2097,50.0,3.111111111111111,1.0333333333333334,488.0,1.807407407407408,34.42,-119.71,2.583
7.7852,12.0,4.038922155688622,1.0449101796407183,536.0,1.6047904191616766,37.81,-122.4,2.5
4.8187,20.0,7.664233576642336,1.1569343065693432,910.0,3.321167883211679,36.96,-120.1,0.909
3.625,37.0,5.865671641791045,1.0865671641791044,796.0,2.3761194029850747,36.78,-119.81,0.834
6.4288,26.0,7.0752,0.9984,1936.0,3.0976,33.79,-118.07,3.207
4.1406,52.0,4.829411764705882,1.0323529411764707,1138.0,3.347058823529412,37.71,-122.46,2.195
2.1696,36.0,4.1675,1.15,2881.0,3.60125,34.09,-118.16,1.708
10.586,52.0,8.508982035928144,0.9760479041916168,495.0,2.964071856287425,34.08,-118.34,5.00001
3.125,33.0,7.238095238095238,1.183673469387755,434.0,2.952380952380953,39.15,-122.2,1.08
4.5179,17.0,5.7727272727272725,1.2727272727272727,219.0,9.954545454545457,37.44,-121.97,1.125
5.409,16.0,8.151960784313726,1.2254901960784317,597.0,2.926470588235294,33.7,-117.78,2.339
3.6471,19.0,6.479338842975206,0.962809917355372,1631.0,3.3698347107438016,37.32,-120.45,1.014
2.1449,27.0,3.375698324022346,1.066340782122905,3847.0,2.6864525139664805,34.18,-118.38,1.653
1.9093,13.0,4.779327317473339,1.1575061525840853,2244.0,1.840853158326497,38.68,-121.33,1.429
2.4741,31.0,3.414839797639123,1.042158516020236,2231.0,3.762225969645869,33.91,-118.29,1.512
4.1838,44.0,26.45217391304348,6.060869565217391,335.0,2.9130434782608696,37.25,-119.21,0.856
3.4453,37.0,4.834666666666666,1.0506666666666666,1100.0,2.933333333333333,34.09,-117.89,1.767
2.7058,28.0,3.376308539944904,1.081542699724518,3586.0,1.975757575757576,34.0,-118.43,3.109
7.4542,16.0,6.483333333333333,1.0666666666666669,512.0,1.7066666666666668,37.42,-122.23,5.00001
2.6531,29.0,5.127429805615551,1.2138228941684666,1617.0,3.49244060475162,34.96,-120.44,1.083
4.6371,9.0,4.306590257879656,1.0916905444126077,715.0,2.048710601719198,37.29,-121.95,2.343
6.8007,9.0,6.694444444444445,0.9913194444444444,1646.0,2.857638888888889,33.55,-117.69,3.183
4.6467,23.0,5.629757785467128,1.1003460207612457,1279.0,4.42560553633218,34.08,-118.0,1.851
3.8304,52.0,5.395437262357414,1.0779467680608366,1411.0,2.682509505703422,37.73,-122.44,2.614
3.4375,17.0,4.155555555555556,1.022222222222222,412.0,2.2888888888888888,37.4,-122.09,2.906
5.6825,24.0,6.69921875,1.0703125,1601.0,3.126953125,33.71,-117.98,2.646
10.156,26.0,7.8669950738916254,1.1182266009852218,1032.0,2.541871921182266,33.02,-117.21,5.00001
6.7703,43.0,6.169533169533169,1.1203931203931203,808.0,1.9852579852579848,34.07,-118.46,5.00001
6.4419,19.0,5.945098039215687,1.035294117647059,6810.0,3.338235294117647,37.42,-121.87,2.645
4.4886,21.0,6.45119305856833,1.0737527114967462,1313.0,2.8481561822125814,37.5,-120.82,1.354
1.5603,52.0,3.55421686746988,1.1475903614457832,1046.0,3.1506024096385543,33.78,-118.18,1.625
1.6607,37.0,4.031578947368421,0.9947368421052633,639.0,3.363157894736842,36.08,-119.56,0.421
4.8295,43.0,5.9175,1.0225,1141.0,2.8525,37.62,-122.42,3.19
1.9911,10.0,5.57566765578635,1.1483679525222552,1376.0,4.083086053412463,32.97,-115.52,0.675
5.1061,26.0,6.714765100671141,1.0134228187919463,836.0,2.8053691275167787,33.78,-118.03,2.575
3.0134,41.0,3.9130434782608696,0.9285714285714286,1535.0,4.767080745341615,33.91,-118.18,1.281
8.2435,27.0,6.656652360515022,1.090128755364807,816.0,3.5021459227467813,34.14,-118.16,5.00001
5.0953,39.0,5.94675925925926,0.9861111111111112,1282.0,2.967592592592593,34.2,-118.14,2.074
3.2095,50.0,4.390334572490707,0.9851301115241636,1196.0,4.446096654275093,34.29,-118.43,1.67
4.8554,11.0,6.4902763561924255,1.0542476970317298,2697.0,2.760491299897646,33.16,-117.08,2.067
4.6833,17.0,6.077961019490255,0.9805097451274364,2034.0,3.049475262368816,37.61,-120.95,1.422
3.6167,17.0,3.1549295774647885,0.9859154929577464,147.0,2.0704225352112675,34.12,-119.16,2.8
1.3993,28.0,4.806709265175719,1.1150159744408945,1200.0,1.9169329073482428,34.03,-117.05,1.046
3.117,37.0,4.87603305785124,1.0578512396694215,614.0,2.5371900826446283,33.96,-118.03,1.646
1.9797,22.0,2.8020050125313283,1.0952380952380951,1190.0,2.982456140350877,33.77,-118.2,1.438
4.2292,33.0,6.39375,1.021875,1018.0,3.18125,33.89,-118.01,2.128
2.375,4.0,1.0,1.0,6.0,3.0,35.21,-117.79,1.375
4.3644,19.0,5.854783207157605,1.0116999311768755,3517.0,2.420509291121817,38.56,-121.39,1.374
3.4107,13.0,5.15625,1.125,822.0,12.84375,32.75,-115.5,1.425
3.8864,33.0,4.2175141242937855,0.9350282485875706,1571.0,4.437853107344632,34.04,-117.94,1.589
2.625,32.0,5.320284697508897,1.1850533807829182,905.0,3.2206405693950177,38.25,-121.76,2.125
4.7188,52.0,7.068535825545172,1.0062305295950156,805.0,2.5077881619937696,37.76,-122.23,3.353
5.0779,34.0,5.487179487179487,0.990138067061144,1219.0,2.4043392504930967,37.93,-122.52,3.339
4.1301,52.0,5.696230598669623,1.0731707317073171,1030.0,2.2838137472283813,33.83,-118.18,2.684
5.5563,13.0,6.726190476190476,1.016156462585034,3382.0,2.8758503401360542,33.94,-117.34,2.145
5.9401,34.0,6.226950354609929,0.9739952718676124,1114.0,2.6335697399527187,34.24,-118.5,3.153
2.5119,26.0,4.6348773841961854,1.100817438692098,989.0,2.6948228882833787,33.2,-117.24,1.717
1.7155,51.0,4.087671232876712,1.0547945205479452,736.0,2.016438356164384,38.57,-121.49,1.088
7.7116,38.0,6.535483870967742,1.0473118279569893,1131.0,2.432258064516129,34.14,-118.18,3.609
2.1468,33.0,3.2033898305084745,1.0593220338983051,1615.0,4.562146892655368,33.99,-118.2,1.417
3.4712,18.0,4.480332829046898,1.0658093797276853,3887.0,2.9402420574886534,33.83,-118.28,1.944
4.5129,16.0,6.174757281553398,1.046116504854369,1199.0,2.9101941747572817,38.95,-121.19,1.963
3.2857,16.0,5.146788990825688,1.0428134556574924,880.0,2.691131498470948,38.34,-122.69,1.602
4.4375,29.0,6.5762081784386615,1.104089219330855,703.0,2.613382899628253,34.41,-119.73,3.5
8.2364,11.0,6.040322580645161,1.1048387096774193,355.0,2.8629032258064515,37.51,-122.5,3.718
4.3897,14.0,7.451612903225806,1.1612903225806452,108.0,3.4838709677419355,38.93,-122.61,0.713
7.9248,21.0,7.246951219512195,0.9817073170731708,1007.0,3.0701219512195124,34.48,-119.78,5.00001
4.962,20.0,24.532894736842103,4.039473684210527,365.0,2.401315789473684,39.24,-120.07,1.695
2.5556,13.0,4.013201320132013,0.966996699669967,1441.0,2.377887788778878,38.1,-121.28,1.331
3.8036,26.0,5.609090909090909,1.018181818181818,251.0,2.2818181818181817,32.75,-117.22,1.62
2.625,43.0,4.087557603686636,1.0092165898617511,965.0,4.447004608294931,34.02,-118.18,1.339
8.0095,52.0,6.252577319587629,1.0,503.0,2.59278350515464,34.06,-118.39,5.00001
2.3387,25.0,4.603975535168196,1.091743119266055,893.0,1.3654434250764529,33.6,-117.71,0.748
4.711,27.0,6.535885167464115,1.0167464114832536,2400.0,2.8708133971291865,33.99,-117.32,1.335
2.4917,27.0,38.84090909090909,9.272727272727272,97.0,2.2045454545454546,38.94,-119.93,2.0
2.9531,28.0,4.341753343239227,1.098068350668648,3013.0,4.476968796433878,33.91,-118.16,1.271
2.0368,40.0,4.568965517241379,1.0862068965517242,1304.0,2.810344827586207,38.59,-121.54,0.678
1.8828,38.0,4.7525,1.1325,1613.0,4.0325,36.21,-119.09,0.446
0.8928,52.0,4.442953020134228,1.0738255033557047,520.0,3.48993288590604,39.14,-121.58,0.55
5.2149,13.0,6.261261261261262,0.9669669669669668,1077.0,3.234234234234234,40.52,-122.46,1.465
3.9097,52.0,4.888888888888889,1.0455373406193078,1395.0,2.540983606557377,37.76,-122.48,3.238
3.5595,6.0,4.933926302414231,1.0165184243964422,2319.0,2.946632782719187,37.81,-121.24,1.61
1.6531,30.0,3.700356718192628,1.107015457788347,2739.0,3.256837098692033,33.98,-118.33,1.185
2.6523,36.0,5.689655172413793,1.0991379310344829,720.0,3.103448275862069,37.66,-120.91,0.763
2.075,43.0,4.624641833810888,1.146131805157593,926.0,2.653295128939828,34.1,-117.44,0.951
3.5414,22.0,3.728847245883021,1.0448608745031231,7180.0,2.038614423622941,33.84,-118.35,3.547
4.8375,40.0,6.8625,1.09375,415.0,2.59375,38.64,-121.26,2.174
3.6516,20.0,5.757225433526012,1.0491329479768785,889.0,2.569364161849711,38.67,-121.29,1.305
1.7188,45.0,5.008064516129032,1.0403225806451613,257.0,2.0725806451612905,37.77,-120.86,1.094
5.1545,37.0,4.540372670807454,0.9503105590062112,678.0,2.1055900621118013,34.43,-119.7,4.184
15.0001,52.0,8.444954128440367,1.1009174311926606,693.0,3.178899082568808,34.06,-118.33,5.00001
9.4667,32.0,7.325757575757576,1.0378787878787878,1558.0,2.950757575757576,34.17,-118.02,5.00001
3.25,17.0,4.829351535836177,0.9112627986348124,861.0,2.938566552901024,36.8,-119.71,0.814
1.87,38.0,2.8222222222222224,1.2355555555555555,1692.0,3.76,34.07,-118.27,1.708
2.0682,40.0,4.635658914728682,1.1395348837209305,1052.0,4.077519379844961,33.88,-117.56,1.13
2.0685,19.0,3.98931623931624,1.1495726495726497,1219.0,2.6047008547008548,32.8,-116.93,1.3
3.6528,13.0,6.259615384615385,0.9807692307692308,301.0,2.894230769230769,38.25,-121.06,2.0
3.9375,21.0,36.715384615384615,8.053846153846154,337.0,2.5923076923076924,34.24,-117.07,1.15
4.9589,12.0,5.918275418275418,1.0566280566280566,4332.0,2.787644787644788,34.01,-117.81,2.821
2.8727,33.0,4.0948419301164725,1.0798668885191347,1234.0,2.05324459234609,36.6,-121.9,2.25
3.8534,21.0,6.190804597701149,1.1057471264367815,1337.0,3.0735632183908046,39.09,-121.62,0.997
4.2019,37.0,5.164658634538153,1.0240963855421688,1047.0,4.204819277108434,34.11,-117.9,1.401
3.2929,27.0,5.068711656441717,1.087116564417178,2002.0,2.456441717791411,36.71,-121.66,1.575
1.0972,48.0,4.807486631016043,1.1550802139037433,987.0,2.6390374331550803,37.83,-122.27,1.045
5.9934,2.0,9.896678966789668,1.4501845018450183,883.0,3.2583025830258303,37.73,-121.42,1.967
3.1389,35.0,4.813895781637717,0.9528535980148884,1177.0,2.9205955334987594,38.25,-122.03,1.011
2.6875,22.0,5.889688249400479,1.1894484412470023,1720.0,4.124700239808154,36.77,-119.69,0.606
4.5368,37.0,5.720250521920668,1.0521920668058455,1468.0,3.0647181628392484,33.94,-118.32,1.688
2.7928,48.0,5.106598984771574,1.0710659898477155,893.0,2.266497461928934,32.77,-117.12,1.75
5.6454,33.0,5.642297650130549,1.0,1235.0,3.224543080939948,33.9,-117.99,2.028
2.2554,39.0,4.134185303514377,1.0543130990415337,1140.0,3.642172523961661,34.04,-118.32,1.65
3.4186,6.0,5.66256157635468,1.0270935960591132,2561.0,3.153940886699508,38.53,-121.99,1.273
6.0878,26.0,5.647058823529412,0.9019607843137256,1105.0,3.095238095238096,37.47,-121.92,2.469
5.3044,11.0,6.619883040935672,1.0657894736842106,2398.0,3.5058479532163744,34.21,-119.03,3.19
15.0001,32.0,9.166340508806265,1.0567514677103718,1512.0,2.958904109589041,37.56,-122.36,5.00001
2.9722,33.0,4.38288920056101,1.1009817671809257,1720.0,2.41234221598878,33.99,-118.45,3.25
5.5563,13.0,6.726190476190476,1.016156462585034,3382.0,2.8758503401360542,33.94,-117.34,2.145
2.3125,7.0,5.348684210526316,1.069078947368421,677.0,2.226973684210526,36.85,-121.42,1.708
2.875,43.0,5.391304347826087,1.072463768115942,801.0,3.869565217391304,37.09,-120.95,0.972
1.5893,17.0,4.244336569579288,1.0663430420711977,1912.0,3.093851132686084,36.07,-119.04,0.52
4.4699,16.0,3.7302904564315353,1.1106500691562933,1369.0,1.893499308437068,37.36,-122.03,3.674
3.7303,37.0,4.37378640776699,0.9271844660194176,599.0,2.907766990291262,37.66,-122.1,1.497
2.9222,27.0,3.6649214659685865,1.0848167539267015,3019.0,3.161256544502618,37.35,-121.87,1.537
1.7225,50.0,3.6004098360655736,1.069672131147541,2080.0,4.262295081967213,34.04,-118.3,1.8
1.8281,29.0,3.963740458015267,1.1011450381679388,1418.0,2.706106870229008,34.13,-117.28,0.768
3.3929,39.0,6.656626506024097,1.0843373493975903,408.0,2.4578313253012047,39.48,-121.79,0.821
4.4954,34.0,5.388329979879276,1.028169014084507,1540.0,3.0985915492957745,33.9,-118.02,2.029
4.4667,34.0,5.812375249500998,1.037924151696607,1625.0,3.2435129740518964,33.79,-117.95,1.906
3.4679,18.0,3.8483935742971886,1.0602409638554218,2192.0,2.200803212851405,33.73,-117.98,2.197
4.4444,16.0,6.255555555555556,0.9407407407407408,921.0,3.411111111111111,38.35,-122.69,1.918
3.0341,11.0,4.854469854469855,1.0467775467775469,2430.0,2.525987525987526,38.43,-122.74,1.423
2.0903,34.0,7.612359550561798,1.4719101123595506,434.0,2.438202247191011,41.79,-120.08,0.561
3.5347,23.0,5.430952380952381,0.9714285714285714,1164.0,2.771428571428572,40.56,-122.38,1.012
3.5556,25.0,4.022012578616352,1.0393081761006289,1183.0,1.860062893081761,34.06,-118.38,5.0
6.0777,35.0,5.918681318681319,1.0835164835164834,1343.0,2.951648351648352,37.36,-122.06,3.275
2.2614,50.0,5.378698224852071,1.106508875739645,737.0,2.180473372781065,36.78,-119.8,0.73
3.3844,6.0,5.420807453416149,1.0201863354037266,2075.0,3.222049689440994,37.67,-120.93,1.385
1.6477,32.0,3.7478991596638656,1.0273109243697478,1472.0,3.092436974789916,33.98,-118.33,1.089
5.2131,5.0,4.898805340829234,1.0182712579058328,3521.0,2.4743499648629657,33.87,-117.83,2.439
4.5304,34.0,4.7515625,1.0578125,1920.0,3.0,33.91,-118.32,1.813
2.0734,21.0,3.833605220228385,1.0880913539967374,1621.0,2.6443719412724307,32.59,-117.1,0.875
5.125,36.0,5.419607843137255,1.007843137254902,685.0,2.6862745098039214,33.9,-118.01,2.117
5.9676,13.0,7.965891472868217,1.1054263565891471,1838.0,2.849612403100775,35.2,-120.66,3.8
4.6875,34.0,5.857142857142857,1.0267857142857142,342.0,3.0535714285714284,37.66,-122.1,2.006
3.9607,18.0,5.832699619771863,1.0456273764258557,741.0,2.817490494296578,38.12,-121.29,1.325
3.5292,36.0,3.7252559726962455,1.0332764505119454,1912.0,1.6313993174061434,33.77,-118.15,3.618
1.9176,24.0,4.23469387755102,0.9693877551020408,279.0,1.423469387755102,33.02,-117.06,1.211
3.975,18.0,3.9081632653061225,0.9591836734693876,487.0,4.969387755102041,33.8,-117.99,1.625
4.3898,52.0,5.32662192393736,1.1006711409395973,1485.0,3.3221476510067114,37.73,-122.44,2.7
4.3962,11.0,7.306581059390048,1.0256821829855538,2006.0,3.219903691813804,38.75,-121.21,2.644
5.8171,4.0,7.220479704797048,1.1042435424354244,7025.0,3.2403136531365315,38.07,-122.22,2.252
2.5074,16.0,7.365284974093265,1.461139896373057,892.0,2.3108808290155443,41.35,-120.51,0.691
1.4722,27.0,3.9831460674157295,1.1760299625468165,1970.0,3.689138576779026,34.06,-117.71,0.913
1.6767,26.0,5.720779220779221,1.3571428571428572,855.0,2.7759740259740258,37.64,-120.9,0.813
6.4559,16.0,7.641160949868074,1.0659630606860158,1165.0,3.073878627968338,34.15,-117.64,3.929
3.6875,29.0,5.015410958904109,1.095890410958904,1618.0,2.77054794520548,33.82,-117.95,2.132
4.0347,34.0,5.311015118790497,1.0561555075593954,1139.0,2.4600431965442766,34.16,-118.43,3.536
5.0258,12.0,5.882911392405063,1.2436708860759491,622.0,1.9683544303797469,33.89,-117.92,1.618
1.6776,32.0,3.821739130434784,1.117391304347826,1057.0,4.595652173913043,33.97,-118.25,1.148
4.621,26.0,5.900473933649289,1.0126382306477093,1708.0,2.69826224328594,38.0,-122.31,1.911
1.6389,44.0,4.43859649122807,0.9473684210526316,1296.0,3.2481203007518795,33.95,-118.26,0.967
4.84,21.0,6.101190476190476,1.1666666666666667,1153.0,3.431547619047619,33.99,-117.49,1.164
3.609,50.0,4.787878787878788,0.977961432506887,837.0,2.3057851239669422,38.01,-122.12,1.357
3.5504,11.0,4.302564102564102,1.065934065934066,3089.0,2.263003663003663,34.18,-118.85,1.738
3.7538,4.0,5.251325556733828,1.0604453870625663,2912.0,3.088016967126193,33.54,-117.16,1.475
6.0497,14.0,7.1386666666666665,0.9813333333333332,1288.0,3.4346666666666668,38.0,-121.9,1.775
3.0673,22.0,4.425742574257426,0.9504950495049505,830.0,4.108910891089109,33.75,-116.21,0.682
3.0904,36.0,5.193661971830986,0.9507042253521126,1149.0,4.045774647887324,34.05,-117.96,1.586
13.6842,43.0,8.46484375,0.9921875,761.0,2.97265625,34.04,-118.52,5.00001
3.7635,14.0,5.401898734177215,1.268987341772152,1236.0,1.9556962025316456,35.19,-120.81,3.362
5.1506,20.0,6.201727328809377,1.0906847624922886,3083.0,1.9019123997532388,36.55,-121.87,3.875
3.875,36.0,5.408759124087592,0.9708029197080292,640.0,2.335766423357664,35.41,-118.98,0.945
14.9009,8.0,9.860169491525424,1.1144067796610169,899.0,3.809322033898305,33.59,-117.68,5.00001
2.5913,42.0,3.5493716337522443,1.0233393177737882,2406.0,4.3195691202872535,33.96,-118.23,1.516
1.0,34.0,4.878787878787879,1.4545454545454546,66.0,2.0,34.2,-118.42,1.875
5.2868,47.0,6.546391752577319,0.936082474226804,1098.0,2.263917525773196,37.84,-122.23,3.476
4.0602,44.0,4.811287477954145,1.031746031746032,1227.0,2.164021164021164,34.1,-118.28,3.24
3.5192,9.0,8.747474747474747,1.8451178451178447,796.0,2.68013468013468,38.61,-120.44,0.98
3.8,36.0,5.702702702702703,1.0513513513513513,952.0,2.572972972972973,37.67,-122.11,1.875
7.0113,16.0,6.6861702127659575,1.074468085106383,2196.0,3.893617021276596,33.85,-118.07,3.197
2.6442,31.0,4.391812865497076,1.0730994152046784,1514.0,4.426900584795321,33.21,-117.38,1.033
2.0625,37.0,24.669117647058822,4.897058823529412,338.0,2.485294117647059,38.12,-120.12,0.889
7.2731,4.0,8.861438679245284,1.34375,5613.0,3.3095518867924527,33.02,-117.15,4.504
3.9018,35.0,5.651356993736952,1.0041753653444676,1595.0,3.329853862212944,34.16,-117.25,0.915
6.6355,19.0,7.210909090909091,1.029090909090909,1098.0,3.9927272727272727,33.75,-117.95,2.761
1.23,47.0,5.36734693877551,1.0081632653061223,785.0,3.204081632653061,34.03,-118.31,1.384
7.9096,39.0,6.348780487804878,1.1121951219512196,928.0,2.2634146341463413,33.99,-118.55,5.00001
2.4048,33.0,3.951541850220264,1.066079295154185,2390.0,3.509544787077827,34.04,-118.31,2.083
4.8839,16.0,5.802486187845304,1.0856353591160222,1667.0,2.302486187845304,35.34,-119.07,1.341
3.8068,29.0,4.45578231292517,1.129251700680272,937.0,3.187074829931973,33.87,-117.98,1.587
2.0025,32.0,4.535966149506347,1.0578279266572637,2639.0,3.7221438645980256,35.67,-119.24,0.547
5.3991,29.0,6.380281690140845,1.039003250270856,2784.0,3.0162513542795235,37.59,-122.48,2.73
3.3622,19.0,5.479713603818616,1.068019093078759,2769.0,3.304295942720764,34.0,-117.36,1.051
5.7942,36.0,6.008108108108108,1.0,1039.0,2.808108108108108,33.79,-118.11,2.57
3.0592,28.0,5.378516624040921,1.0792838874680306,1167.0,2.9846547314578005,38.07,-121.25,1.528
3.7459,33.0,5.198821796759941,1.0309278350515465,2959.0,4.357879234167894,34.01,-117.97,1.529
7.4185,35.0,6.518900343642612,0.9587628865979382,733.0,2.518900343642612,34.13,-118.08,5.00001
2.15,47.0,3.3795620437956204,0.978102189781022,327.0,2.386861313868613,37.74,-122.17,0.972
1.9911,10.0,5.57566765578635,1.1483679525222552,1376.0,4.083086053412463,32.97,-115.52,0.675
1.7614,25.0,5.19434628975265,1.204946996466431,706.0,2.494699646643109,37.53,-120.19,0.713
2.5,49.0,4.306603773584905,1.0613207547169812,1201.0,2.832547169811321,37.79,-122.22,1.367
3.4625,52.0,4.953271028037383,1.1214953271028036,1127.0,3.5109034267912773,34.12,-118.21,1.739
4.1659,36.0,5.887545344619105,1.053204353083434,1899.0,2.2962515114873034,37.99,-122.59,3.02
8.5759,32.0,6.751412429378531,0.9491525423728814,810.0,2.288135593220339,37.98,-122.53,5.00001
5.411,33.0,5.890909090909091,1.029090909090909,868.0,3.1563636363636363,34.14,-117.94,2.194
3.6343,37.0,5.208860759493671,1.0949367088607596,1137.0,2.3987341772151898,38.49,-122.91,1.465
4.7981,16.0,6.408536585365853,1.0670731707317074,1003.0,3.057926829268293,33.54,-117.67,1.708
1.8462,25.0,4.545045045045045,1.108108108108108,994.0,4.4774774774774775,35.95,-119.04,0.558
4.5739,35.0,6.01010101010101,0.9696969696969696,1033.0,3.478114478114478,33.79,-117.92,1.905
3.5507,4.0,7.32798833819242,1.161807580174927,1869.0,2.724489795918368,34.59,-117.24,1.861
2.1389,35.0,3.09727626459144,1.093385214007782,567.0,2.2062256809338523,34.44,-119.83,2.6
5.7837,23.0,6.607940446650124,1.066997518610422,1499.0,3.7196029776674937,33.79,-118.01,2.58
2.4122,12.0,4.637051039697543,1.1323251417769375,1251.0,2.3648393194707,33.12,-117.07,1.27
10.7326,11.0,8.561622464898596,1.1014040561622465,1947.0,3.0374414976599065,37.3,-122.06,5.00001
5.1041,9.0,6.013671875,1.013671875,1562.0,3.05078125,37.98,-121.7,1.729
3.1563,36.0,4.594059405940594,1.0759075907590758,1181.0,3.897689768976898,34.21,-118.37,1.764
4.5135,15.0,6.566302652106084,1.060842433697348,1914.0,2.985959438377535,32.72,-116.98,1.583
5.5224,23.0,5.3669950738916254,1.041871921182266,1338.0,3.2955665024630543,34.19,-118.87,2.407
1.875,41.0,4.4,1.032,642.0,5.136,33.9,-118.05,1.199
6.1103,35.0,7.438709677419355,1.0774193548387097,828.0,2.670967741935484,32.77,-116.99,3.016
3.2976,41.0,5.282208588957055,1.1134969325153374,1432.0,4.392638036809816,33.92,-118.21,1.512
1.5429,24.0,2.970238095238096,1.1770833333333333,1215.0,1.8080357142857144,34.1,-118.34,3.25
2.3056,36.0,5.268656716417911,0.9701492537313432,792.0,2.955223880597015,38.14,-122.23,0.904
2.2165,15.0,4.546318289786223,1.009501187648456,1130.0,2.684085510688836,35.76,-120.7,0.906
2.0192,18.0,4.42687074829932,0.979591836734694,1616.0,2.748299319727891,39.75,-122.2,0.637
5.1104,26.0,5.530066815144767,0.9175946547884188,1538.0,3.425389755011136,33.89,-118.06,2.205
6.0335,38.0,5.252873563218391,1.011494252873563,519.0,2.9827586206896552,33.86,-118.33,2.554
7.6775,21.0,7.526315789473684,0.9959514170040484,2982.0,3.0182186234817814,34.24,-119.06,3.912
3.3469,30.0,3.280598958333333,1.0182291666666667,2129.0,1.3860677083333333,37.58,-122.35,3.45
3.25,32.0,5.220883534136546,0.9397590361445785,712.0,2.859437751004016,34.69,-118.15,1.075
5.5422,32.0,5.123595505617978,1.0299625468164797,1279.0,2.3951310861423223,33.66,-117.89,2.531
4.0417,37.0,6.432,1.0506666666666666,975.0,2.6,37.68,-122.12,1.911
2.913,26.0,4.917763157894737,1.0789473684210529,1296.0,4.2631578947368425,34.05,-118.1,1.523
2.8311,41.0,4.377260981912145,1.0671834625322998,1222.0,3.157622739018088,33.98,-118.05,1.553
2.5556,27.0,1.875,0.875,332.0,2.9642857142857144,34.09,-118.32,1.75
2.2647,25.0,4.392628205128205,0.998397435897436,2272.0,3.641025641025641,34.4,-119.88,2.167
3.0972,25.0,3.853467561521253,1.0044742729306488,5558.0,6.217002237136465,34.2,-119.15,1.693
2.9375,39.0,5.165254237288136,1.0233050847457628,1103.0,2.336864406779661,38.56,-121.53,0.866
1.6812,25.0,4.192200557103064,1.0222841225626742,1392.0,3.877437325905293,36.06,-119.01,0.477
3.4234,46.0,5.494047619047619,1.1398809523809523,867.0,2.580357142857143,33.79,-117.85,2.0
2.6719,35.0,4.455026455026455,1.0634920634920637,763.0,4.037037037037037,33.88,-118.23,1.098
15.0001,40.0,9.6,1.0594594594594595,1024.0,2.767567567567568,34.09,-118.42,5.00001
3.6196,5.0,4.991044776119403,1.1940298507462686,1341.0,2.0014925373134327,38.49,-121.52,1.528
7.6933,26.0,7.592885375494071,0.9881422924901184,725.0,2.865612648221344,37.22,-121.87,4.059
4.6629,25.0,3.7454545454545456,1.018181818181818,632.0,1.6415584415584417,33.76,-118.19,1.625
5.1377,34.0,6.113924050632911,0.9968354430379748,1053.0,3.3322784810126582,33.89,-118.0,2.133
2.25,33.0,4.924433249370277,1.0025188916876575,1412.0,3.556675062972292,36.2,-119.36,0.515
1.7716,29.0,4.131616595135909,1.0772532188841202,2949.0,4.218884120171674,35.24,-118.91,0.455
5.2655,28.0,5.532028469750889,0.998220640569395,1891.0,3.3647686832740216,33.72,-117.98,2.431
2.8333,15.0,3.708955223880597,1.1074626865671642,1994.0,2.976119402985075,34.23,-118.36,1.832
3.0357,23.0,4.470219435736677,0.9811912225705328,954.0,2.9905956112852663,34.09,-117.66,1.515
5.1681,52.0,6.913419913419913,1.0389610389610389,566.0,2.45021645021645,37.73,-122.48,5.00001
2.8561,36.0,4.259189443920829,1.0188501413760602,4818.0,4.540999057492932,34.19,-119.18,1.791
3.4231,6.0,4.711428571428572,1.0542857142857145,732.0,2.091428571428572,38.0,-121.35,1.238
3.5156,42.0,4.794621026894865,1.0440097799511003,1211.0,2.960880195599022,37.71,-122.47,2.394
5.3403,43.0,6.020242914979757,0.979757085020243,675.0,2.7327935222672064,34.01,-118.43,4.898
2.4659,52.0,5.782857142857143,1.1171428571428572,1030.0,2.942857142857143,37.76,-122.19,0.947
2.8036,24.0,4.399759903961584,1.0444177671068426,1954.0,2.345738295318127,36.97,-121.97,2.285
2.8958,32.0,5.758122743682311,1.1155234657039712,706.0,2.5487364620938626,40.62,-124.17,0.864
3.6765,42.0,4.3604651162790695,1.058139534883721,616.0,2.387596899224806,37.37,-122.04,2.528
4.8854,17.0,6.74296205630355,1.0599755201958383,2748.0,3.3635250917992656,32.96,-116.99,1.813
2.7473,32.0,4.739413680781759,1.0439739413680782,2011.0,3.275244299674267,34.11,-117.25,0.708
6.7064,16.0,7.796690307328605,1.066193853427896,1542.0,3.645390070921986,37.27,-121.87,3.056
4.575,45.0,5.578947368421052,1.0555555555555556,890.0,2.602339181286549,33.84,-118.14,3.36
2.0048,36.0,4.734375,0.99609375,569.0,2.22265625,38.34,-121.5,0.729
6.0965,34.0,6.420195439739413,1.029315960912052,917.0,2.986970684039088,34.24,-118.49,2.623
6.1407,52.0,6.914285714285715,1.0505494505494506,1143.0,2.512087912087912,37.79,-122.49,5.00001
2.9565,14.0,4.817762399077278,1.0542099192618224,2300.0,2.65282583621684,36.8,-119.85,0.73
6.7093,14.0,6.281818181818182,1.039393939393939,1107.0,3.3545454545454545,37.44,-121.88,3.112
5.543,16.0,7.239737274220033,1.0328407224958949,1875.0,3.078817733990148,33.2,-117.2,2.864
1.9799,28.0,4.260233918128655,1.1608187134502923,672.0,1.9649122807017545,32.76,-117.11,1.227
1.8224,44.0,3.7506702412868633,1.03485254691689,1419.0,3.804289544235925,34.04,-118.2,1.438
10.2292,26.0,8.043754972155927,1.030230708035004,3599.0,2.8631662688941923,34.15,-118.54,5.00001
4.8214,35.0,5.131707317073171,1.0585365853658537,1225.0,2.9878048780487805,37.72,-122.41,2.429
5.7068,9.0,5.861561119293078,1.0839469808541973,1705.0,2.511045655375552,37.7,-121.76,2.567
4.1141,20.0,4.158852344296711,1.0762771168649403,2492.0,1.7438768369489153,34.05,-118.44,3.05
1.6213,37.0,4.593220338983051,1.1483050847457628,893.0,3.7838983050847457,37.49,-120.86,0.695
2.2734,47.0,6.002777777777778,1.2222222222222223,966.0,2.683333333333333,38.09,-122.22,0.887
3.125,26.0,4.096774193548387,0.9496774193548388,2460.0,3.174193548387097,34.22,-119.19,2.199
3.2917,30.0,5.608,1.048,356.0,2.848,33.87,-117.58,1.443
2.9934,20.0,6.207207207207207,1.1531531531531531,904.0,2.714714714714715,38.97,-122.92,1.342
1.3329,40.0,4.28021978021978,1.0208791208791208,1782.0,1.9582417582417584,40.58,-122.4,0.782
1.7574,11.0,4.0,1.1219512195121952,895.0,1.984478935698448,39.42,-123.85,1.5
2.75,24.0,3.5291073738680465,1.093143596377749,2023.0,2.617076326002587,33.92,-118.35,2.397
3.8019,13.0,6.762562814070352,1.3442211055276383,1880.0,2.3618090452261304,35.55,-121.14,2.712
1.5714,39.0,3.830357142857143,1.0178571428571428,1222.0,5.455357142857143,36.52,-119.29,0.43
2.2019,15.0,10.813218390804598,2.2528735632183907,717.0,2.060344827586207,39.72,-120.66,1.305
5.0629,23.0,5.7381174277726,1.0521901211556384,2817.0,2.625349487418453,33.84,-117.84,2.326
2.2109,23.0,5.363128491620111,1.2681564245810055,1161.0,3.2430167597765363,34.11,-117.24,0.732
2.5432,29.0,3.413572343149808,1.085787451984635,2030.0,2.599231754161332,33.89,-118.12,1.809
3.4784,36.0,4.974317817014446,0.971107544141252,1322.0,2.1219903691813804,38.61,-121.41,1.055
7.1298,16.0,7.837719298245614,1.0350877192982455,770.0,3.3771929824561404,32.82,-117.08,2.786
1.6034,30.0,3.8519269776876266,1.1075050709939147,1620.0,3.286004056795132,32.75,-117.09,0.844
3.8068,19.0,3.800904977375565,1.0950226244343892,964.0,1.453996983408748,33.98,-118.46,5.00001
4.1397,52.0,5.474777448071217,0.9970326409495548,1015.0,3.0118694362017804,37.76,-122.48,3.313
2.5388,15.0,3.887173396674585,1.0629453681710217,1872.0,2.223277909738717,32.85,-116.93,1.19
1.2434,52.0,4.3619047619047615,1.05,1186.0,2.823809523809524,34.02,-118.31,0.984
3.0398,36.0,3.597609561752988,1.0597609561752988,1068.0,4.254980079681275,33.98,-118.18,1.654
4.8409,31.0,4.675585284280936,0.9130434782608696,884.0,2.9565217391304346,34.62,-118.32,2.649
3.0625,24.0,4.305084745762712,1.0084745762711864,465.0,1.9703389830508475,33.62,-117.89,0.938
2.2083,18.0,5.183908045977011,1.1206896551724137,771.0,4.431034482758621,36.84,-120.69,0.55
4.625,16.0,4.984375,0.921875,149.0,2.328125,34.07,-118.6,4.333
3.2386,52.0,5.58125,0.99375,367.0,2.29375,38.57,-121.46,2.132
2.4485,34.0,5.214723926380368,0.9969325153374232,972.0,2.98159509202454,37.65,-120.96,0.955
2.625,26.0,4.908653846153846,1.1057692307692308,301.0,1.4471153846153846,33.6,-117.7,0.806
2.1406,16.0,4.958333333333333,1.0148809523809523,479.0,1.425595238095238,33.69,-117.77,0.55
7.5845,25.0,7.1193415637860085,0.9300411522633744,721.0,2.967078189300412,37.27,-121.87,2.793
1.2857,36.0,3.7245762711864407,1.1101694915254237,1034.0,4.38135593220339,34.01,-118.25,0.993
2.7231,6.0,3.6458100558659217,1.1212290502793296,3298.0,1.84245810055866,34.16,-118.37,2.5
3.7059,17.0,5.199029126213592,1.058252427184466,946.0,2.296116504854369,33.81,-118.0,1.463
3.6375,19.0,5.98639455782313,1.126530612244898,1901.0,2.5863945578231293,33.21,-117.22,1.988
2.5417,49.0,4.956521739130435,1.0507246376811594,924.0,2.231884057971014,37.86,-122.27,1.827
1.8692,15.0,4.77536231884058,1.072463768115942,567.0,2.0543478260869565,38.96,-122.83,0.938
4.337,34.0,5.953727506426735,0.9383033419023136,956.0,2.4575835475578405,33.97,-117.41,1.578
4.5057,10.0,3.650943396226415,1.1933962264150944,1535.0,3.6202830188679247,33.82,-117.92,1.524
8.1194,52.0,7.75,0.9873417721518988,916.0,2.8987341772151898,37.83,-122.24,4.716
1.962,43.0,4.557692307692308,1.0625,749.0,3.6009615384615383,37.96,-121.27,0.527
10.0285,22.0,8.95766129032258,1.1290322580645162,1573.0,3.1713709677419355,34.41,-118.4,5.00001
3.7262,20.0,5.0,1.035190615835777,856.0,2.5102639296187683,37.97,-122.07,2.118
5.6876,17.0,6.348265895953757,1.0245664739884393,2292.0,3.3121387283237,37.27,-121.86,2.465
4.7932,22.0,5.29665071770335,0.986842105263158,3152.0,3.770334928229665,34.28,-118.38,1.663
2.0548,52.0,2.976470588235294,1.2666666666666666,421.0,1.6509803921568629,37.77,-122.42,1.625
2.0221,33.0,5.646288209606987,1.1877729257641922,694.0,3.03056768558952,36.19,-119.82,0.522
2.6629,33.0,4.9529085872576175,1.263157894736842,1787.0,4.950138504155125,34.12,-117.9,1.241
2.7477,4.0,4.509516837481699,1.2108345534407028,1195.0,1.7496339677891657,38.68,-121.26,1.33
4.7679,11.0,6.390804597701149,0.942528735632184,441.0,2.534482758620689,32.72,-116.99,1.695
2.5812,36.0,2.97008547008547,0.9786324786324786,874.0,1.8675213675213675,34.09,-118.36,2.0
3.6343,28.0,6.861003861003861,1.1853281853281854,721.0,2.783783783783784,34.96,-117.08,0.798
2.9167,24.0,4.766718506998445,1.0567651632970452,1750.0,1.3608087091757388,37.87,-122.08,1.027
2.4906,31.0,6.180379746835443,1.1582278481012658,999.0,3.161392405063291,38.16,-121.16,1.225
2.1324,36.0,3.671186440677966,1.159322033898305,1023.0,3.467796610169492,34.03,-118.36,1.438
2.2969,20.0,4.873913043478261,1.0608695652173914,766.0,3.3304347826086955,33.04,-115.62,0.62
1.8015,26.0,3.5408163265306123,1.0433673469387754,515.0,1.3137755102040816,33.77,-118.09,0.62
5.7361,39.0,6.451612903225806,1.0026881720430108,877.0,2.35752688172043,33.81,-118.38,5.00001
5.417,11.0,4.925867507886435,1.167192429022082,1223.0,1.929022082018928,32.87,-117.23,1.968
6.0859,21.0,6.081890812250333,1.0213049267643142,3748.0,2.4953395472703064,37.96,-122.08,2.66
4.7703,52.0,5.070904645476773,0.980440097799511,1136.0,2.7775061124694376,37.75,-122.48,3.31
5.653,25.0,7.043388429752066,1.0185950413223142,1699.0,3.510330578512397,34.27,-118.73,2.258
5.7654,35.0,5.755474452554744,1.0182481751824817,743.0,2.7116788321167884,33.84,-118.36,3.43
3.0833,44.0,5.116704805491991,0.9405034324942791,1036.0,2.3707093821510297,35.29,-120.67,2.193
1.8636,21.0,4.856777493606138,1.143222506393862,1133.0,2.89769820971867,35.13,-118.44,0.679
4.8269,25.0,5.351351351351352,0.8972972972972973,522.0,2.8216216216216217,37.0,-121.97,2.729
2.7536,37.0,5.993548387096774,1.164516129032258,1632.0,5.264516129032258,33.91,-116.87,0.731
4.0791,11.0,5.878902045209904,1.0984930032292788,4773.0,2.568891280947255,33.17,-117.33,2.813
2.4754,16.0,5.282555282555283,1.1326781326781328,1428.0,3.5085995085995085,33.2,-117.29,1.573
5.4689,40.0,6.648760330578512,1.0661157024793388,624.0,2.5785123966942147,34.08,-117.65,1.582
3.9018,28.0,5.245508982035928,0.9820359281437124,2187.0,2.6191616766467067,33.78,-117.93,1.823
3.3304,16.0,4.462321792260693,1.0047522063815342,6161.0,4.182620502376103,34.28,-118.4,1.549
3.7813,35.0,5.002331002331002,1.0023310023310024,1230.0,2.867132867132867,33.86,-117.96,1.849
2.2241,21.0,5.218236173393124,1.1360239162929746,1920.0,2.8699551569506725,33.91,-117.47,1.273
3.6726,38.0,4.221843003412969,1.0170648464163825,1073.0,3.662116040955632,34.29,-118.43,1.546
4.2463,14.0,4.921568627450981,1.261437908496732,421.0,2.751633986928105,37.41,-122.09,2.667
4.0208,52.0,5.877431906614786,1.1070038910505835,1479.0,2.877431906614786,37.78,-122.47,4.146
3.8854,17.0,5.2555438225976765,1.0496304118268216,1987.0,2.098204857444562,37.04,-122.04,3.123
2.963,25.0,5.32013201320132,1.033003300330033,837.0,2.762376237623762,39.77,-121.61,0.895
3.1528,35.0,4.158940397350993,0.9735099337748344,2990.0,9.900662251655628,34.05,-118.17,1.218
2.6098,13.0,5.042553191489362,1.1045328399629972,2957.0,2.7354301572617947,38.07,-122.24,1.625
2.2083,52.0,4.107438016528926,1.0909090909090908,547.0,4.520661157024794,34.03,-118.21,1.463
5.2319,23.0,5.950173812282735,1.0556199304750868,2351.0,2.724217844727694,37.37,-122.04,4.301
2.8139,15.0,5.571932299012694,1.002820874471086,4769.0,3.363187588152327,38.51,-121.42,0.904
2.8261,19.0,4.34156976744186,0.9825581395348836,1782.0,2.5901162790697674,38.34,-122.7,1.545
2.5754,23.0,5.30064308681672,1.1704180064308682,1793.0,2.882636655948553,33.2,-117.35,1.697
5.1064,16.0,4.142141863699583,1.1082058414464535,6270.0,1.7440890125173854,33.96,-118.43,2.832
6.6689,32.0,7.064377682403434,1.03862660944206,697.0,2.991416309012876,34.18,-118.63,4.33
3.5292,36.0,3.7252559726962455,1.0332764505119454,1912.0,1.6313993174061434,33.77,-118.15,3.618
5.635,27.0,6.802721088435374,1.054421768707483,880.0,2.993197278911565,33.77,-118.03,2.189
6.9322,52.0,6.450777202072539,0.9015544041450776,468.0,2.424870466321244,32.74,-117.21,3.345
2.3125,48.0,5.424657534246576,1.0365296803652968,471.0,2.150684931506849,39.24,-121.04,1.257
2.0,52.0,5.355685131195335,1.2419825072886297,1062.0,3.096209912536444,33.98,-118.31,0.965
4.0625,19.0,6.729064039408867,1.083743842364532,596.0,2.935960591133005,39.11,-121.68,1.417
3.8068,29.0,4.45578231292517,1.129251700680272,937.0,3.187074829931973,33.87,-117.98,1.587
2.1074,24.0,3.2549019607843137,1.0762527233115469,814.0,1.7734204793028323,33.65,-117.91,1.813
4.1064,16.0,5.0231548480463095,1.024602026049204,1769.0,2.560057887120116,33.86,-117.78,2.461
3.7784,25.0,5.928571428571429,1.0372670807453417,1043.0,3.239130434782609,32.95,-117.02,1.601
3.0,39.0,4.628930817610063,0.949685534591195,1036.0,3.257861635220126,33.92,-118.28,1.1
1.3523,18.0,5.883116883116883,1.5194805194805194,152.0,1.974025974025974,39.39,-120.74,0.857
2.0885,35.0,4.812064965197216,1.1067285382830627,1687.0,3.91415313225058,37.62,-121.01,0.737
3.7802,10.0,5.087403598971722,1.167095115681234,1117.0,2.87146529562982,34.08,-117.7,1.073
5.4051,27.0,5.747553816046967,0.9726027397260274,1454.0,2.8454011741682974,37.27,-121.99,2.735
2.1607,34.0,5.022082018927445,1.1482649842271293,950.0,2.996845425867508,40.78,-124.18,0.67
3.8179,24.0,5.115768463073852,0.9680638722554892,1174.0,2.343313373253493,37.56,-122.01,2.161
1.9355,37.0,3.743119266055046,1.1211009174311926,1698.0,3.1155963302752294,34.11,-118.2,1.663
4.4107,31.0,5.69164265129683,1.07492795389049,918.0,2.645533141210375,33.93,-117.97,2.02
5.0827,18.0,5.503731343283582,0.996268656716418,1149.0,4.287313432835821,32.68,-117.07,1.422
10.06,22.0,7.985200845665962,1.047568710359408,2808.0,2.968287526427061,33.77,-118.41,5.00001
2.3917,31.0,5.1692307692307695,1.087179487179487,453.0,2.323076923076924,38.13,-121.29,1.135
2.3319,15.0,5.488745980707395,1.0707395498392285,2097.0,3.3713826366559485,32.68,-115.48,0.912
6.3236,24.0,7.829396325459317,1.0656167979002624,1203.0,3.15748031496063,34.29,-118.71,3.02
2.7171,22.0,6.041899441340783,1.217877094972067,1048.0,2.927374301675977,38.94,-123.15,0.958
5.1721,17.0,7.501118568232662,1.0357941834451905,1417.0,3.170022371364653,38.74,-121.16,2.371
3.625,52.0,3.973568281938326,1.0440528634361232,846.0,3.7268722466960353,37.79,-122.25,1.25
2.575,20.0,4.788018433179723,1.0952380952380951,4584.0,2.3471582181259603,35.35,-119.06,0.699
7.9393,8.0,6.870503597122302,0.9328537170263788,1376.0,3.2997601918465227,37.74,-121.98,3.993
2.73,33.0,5.581218274111675,1.0228426395939083,1245.0,3.1598984771573604,36.34,-119.19,0.969
4.1016,14.0,20.939393939393938,3.6666666666666665,141.0,2.136363636363636,39.2,-120.15,2.833
2.9896,33.0,4.406741573033708,1.0382022471910113,1693.0,3.804494382022472,34.43,-119.68,2.36
3.6467,14.0,5.174168297455969,1.0273972602739727,2021.0,3.954990215264188,34.05,-117.66,1.475
2.1944,33.0,4.567415730337078,1.0617977528089888,1062.0,2.9831460674157304,33.93,-117.93,1.396
3.8571,42.0,5.132780082987552,0.9626556016597512,900.0,3.734439834024896,37.37,-121.84,1.875
4.2153,18.0,6.11453744493392,1.0881057268722467,1817.0,2.668135095447871,36.83,-119.78,0.952
3.4509,24.0,4.038664323374341,1.0105448154657293,2409.0,4.233743409490334,37.35,-121.82,1.824
8.1611,4.0,8.394871794871795,0.982051282051282,1312.0,3.364102564102564,33.59,-117.64,3.48
6.439,6.0,7.037116345467523,1.033547466095646,4194.0,2.993576017130621,33.06,-117.25,2.962
4.0775,28.0,3.9328358208955225,0.996268656716418,1485.0,2.7705223880597014,33.91,-118.35,2.414
2.4821,26.0,4.125,1.1182432432432432,620.0,2.0945945945945947,32.76,-117.12,1.236
5.5121,34.0,6.024390243902439,1.0365853658536586,584.0,2.3739837398373984,37.26,-121.95,2.647
5.5599,26.0,6.21608040201005,1.0217755443886096,1902.0,3.185929648241206,33.73,-118.02,2.341
3.7933,22.0,6.112860892388452,1.099737532808399,1456.0,3.8215223097112863,33.25,-117.3,1.31
5.4819,12.0,5.759345794392523,0.9626168224299064,1226.0,2.864485981308411,33.17,-117.1,1.838
4.3409,11.0,5.26392572944297,1.106100795755968,1508.0,2.0,33.62,-118.02,2.714
4.0764,32.0,4.979716024340771,1.127789046653144,989.0,2.006085192697769,34.16,-118.36,3.25
4.2143,22.0,6.425233644859813,1.0116822429906542,1161.0,2.7126168224299065,38.84,-121.14,2.365
5.4631,35.0,6.589403973509934,1.0463576158940395,1614.0,3.562913907284768,33.8,-117.97,2.256
3.6042,21.0,5.619883040935672,1.0058479532163742,1051.0,3.073099415204678,38.33,-122.31,1.833
4.5,34.0,7.366013071895424,1.1666666666666667,715.0,2.3366013071895426,37.93,-122.3,3.04
3.0536,17.0,4.72804054054054,1.0760135135135136,2015.0,3.403716216216216,35.1,-120.61,1.436
3.2917,26.0,5.034979423868313,0.9917695473251028,1405.0,2.8909465020576133,33.2,-117.36,1.508
3.0217,9.0,5.006324110671937,1.0711462450592886,3265.0,2.58102766798419,37.69,-121.04,1.609
4.0521,12.0,3.9623655913978495,0.978494623655914,1009.0,2.712365591397849,32.93,-117.14,1.667
2.0968,23.0,2.853881278538813,1.0806697108066972,2555.0,3.888888888888889,34.19,-118.39,1.625
3.15,26.0,4.724691358024692,1.0049382716049382,3367.0,4.156790123456791,34.04,-117.73,1.297
4.8482,43.0,3.954692556634304,0.9805825242718448,565.0,1.8284789644012944,33.74,-118.11,5.00001
4.2981,52.0,6.329113924050633,1.2151898734177216,363.0,2.29746835443038,34.11,-118.15,3.528
3.6161,9.0,5.490079365079365,1.1964285714285714,2283.0,2.264880952380953,33.8,-116.45,0.991
4.3403,38.0,5.068,1.36,442.0,1.768,32.77,-117.28,5.0
3.699,19.0,3.532110091743119,1.073394495412844,2672.0,2.0428134556574924,37.32,-121.97,2.375
4.0417,52.0,4.791666666666667,1.1180555555555556,553.0,1.9201388888888888,37.8,-122.43,5.00001
3.6696,15.0,5.141903171953255,1.0300500834724542,1446.0,2.4140233722871454,38.4,-122.84,1.944
5.9915,23.0,6.315412186379929,0.956989247311828,1132.0,4.057347670250896,34.04,-117.2,1.532
3.9,37.0,4.35279805352798,1.0316301703163018,2279.0,5.545012165450122,34.26,-118.42,1.386
3.7109,35.0,4.912332838038633,1.0104011887072808,1742.0,2.588410104011887,33.95,-117.39,1.091
9.8098,39.0,8.079881656804734,1.0828402366863903,1034.0,3.059171597633136,34.16,-118.03,5.00001
3.5039,19.0,5.0233644859813085,1.1191588785046729,1052.0,2.457943925233645,36.48,-121.7,2.884
6.6257,39.0,5.54177897574124,1.026954177897574,939.0,2.5309973045822103,34.46,-119.19,4.276
2.7011,10.0,5.134598792062122,1.147540983606557,3204.0,2.7644521138912856,34.13,-117.22,1.102
1.4007,7.0,4.466424682395644,1.1742286751361162,1587.0,2.88021778584392,36.73,-119.73,2.25
2.9922,35.0,4.719844357976654,1.0291828793774318,2010.0,3.9105058365758754,33.97,-118.1,1.635
4.5909,35.0,5.545945945945946,1.054054054054054,753.0,4.07027027027027,34.23,-118.41,1.792
1.721,42.0,2.708256880733945,1.1192660550458715,1605.0,2.944954128440367,34.05,-118.3,2.143
2.6528,45.0,4.154285714285714,0.96,520.0,2.9714285714285715,34.03,-118.45,3.0
1.5069,32.0,4.145833333333333,1.0208333333333333,1282.0,3.815476190476191,35.88,-119.27,0.437
2.4567,43.0,5.006578947368421,1.0723684210526316,1456.0,2.394736842105264,35.62,-120.69,1.4
2.5234,31.0,4.160944206008583,1.0836909871244635,1584.0,3.3991416309012874,34.17,-118.36,1.995
1.75,47.0,3.627906976744186,1.1023255813953488,888.0,4.130232558139535,34.0,-118.27,0.958
4.175,14.0,5.604698672114402,1.0459652706843718,2823.0,2.8835546475995915,37.14,-121.64,2.298
3.2639,30.0,3.832661290322581,1.0463709677419355,2685.0,5.413306451612903,33.88,-118.08,1.201
7.2812,34.0,7.135652173913043,1.031304347826087,3141.0,2.7313043478260868,34.22,-118.27,4.622
2.5417,49.0,4.956521739130435,1.0507246376811594,924.0,2.231884057971014,37.86,-122.27,1.827
1.875,32.0,9.161111111111111,3.411111111111111,763.0,2.1194444444444445,34.22,-116.14,0.478
2.2429,52.0,4.638349514563107,1.0072815533980584,777.0,1.8859223300970875,32.73,-117.13,2.211
3.233,32.0,5.751497005988024,1.1796407185628743,951.0,2.8473053892215567,34.39,-119.51,3.46
3.0284,44.0,4.680981595092025,1.0337423312883436,831.0,2.549079754601227,34.1,-117.65,1.158
7.1108,29.0,6.335051546391752,0.9896907216494846,707.0,3.644329896907216,37.37,-122.08,4.65
3.6516,20.0,5.757225433526012,1.0491329479768785,889.0,2.569364161849711,38.67,-121.29,1.305
3.2148,14.0,5.251028806584362,1.0555555555555556,3513.0,3.614197530864197,33.93,-117.22,1.17
2.7667,5.0,4.449197860962567,1.1871657754010696,907.0,2.4251336898395723,33.69,-116.25,0.929
2.0956,17.0,4.149100257069409,1.1079691516709511,1031.0,2.65038560411311,33.38,-117.25,1.344
3.5497,25.0,4.801946193474528,1.0715512306811676,4483.0,2.566113337149399,34.26,-118.49,2.613
5.5275,22.0,6.429752066115703,0.9889807162534436,1298.0,3.575757575757576,34.26,-119.18,2.289
4.3472,30.0,5.136448598130841,0.9383177570093458,1491.0,2.7869158878504674,36.6,-121.83,1.85
4.9271,14.0,5.977346278317152,1.051779935275081,1030.0,3.333333333333333,37.82,-121.23,1.553
6.8695,27.0,6.567357512953368,1.0077720207253886,1071.0,2.7746113989637307,34.28,-118.49,3.194
2.6716,34.0,3.9588477366255135,1.0195473251028806,2814.0,2.8950617283950617,34.08,-118.13,2.271
6.7064,16.0,7.796690307328605,1.066193853427896,1542.0,3.645390070921986,37.27,-121.87,3.056
2.8958,21.0,7.824561403508772,1.280701754385965,182.0,3.192982456140351,38.0,-121.25,1.35
2.5625,33.0,4.345505617977528,1.0449438202247192,1063.0,2.985955056179775,37.66,-122.08,1.543
6.3974,29.0,5.9934533551554825,0.9590834697217676,1626.0,2.661211129296236,33.85,-118.37,4.1
4.1146,45.0,5.076326002587322,1.0789133247089262,1992.0,2.576972833117724,37.91,-122.31,1.778
4.8839,16.0,5.802486187845304,1.0856353591160222,1667.0,2.302486187845304,35.34,-119.07,1.341
9.6062,18.0,8.304878048780488,1.016260162601626,702.0,2.8536585365853657,33.66,-117.93,4.147
3.5931,18.0,5.50103519668737,1.0269151138716357,1426.0,2.952380952380953,35.62,-117.7,0.719
4.3393,43.0,5.071949947862357,1.013555787278415,3134.0,3.267987486965589,37.73,-122.39,2.173
1.6685,34.0,3.0230978260869565,1.0230978260869563,2980.0,4.048913043478261,33.98,-118.22,1.288
2.4567,18.0,4.379310344827586,0.9673321234119784,1129.0,2.0490018148820326,32.71,-116.96,1.55
2.6726,32.0,5.005102040816326,1.0178571428571428,1005.0,2.563775510204082,36.77,-119.75,0.704
6.2517,25.0,7.195372750642673,0.9974293059125964,1348.0,3.4652956298200515,33.99,-117.96,3.111
2.125,16.0,5.046153846153846,1.0134615384615384,1077.0,2.0711538461538463,36.28,-119.33,1.042
1.4688,16.0,4.7611940298507465,1.0149253731343284,212.0,3.164179104477612,33.99,-116.79,0.9
1.7206,21.0,3.4833333333333334,1.1,401.0,3.341666666666667,34.07,-117.27,0.821
3.5329,31.0,4.5,1.0308370044052864,1524.0,3.356828193832599,33.84,-117.9,1.874
5.0,34.0,6.124567474048443,1.0069204152249136,916.0,3.169550173010381,33.85,-118.35,3.542
4.3227,16.0,5.711703958691911,1.0077452667814113,3575.0,3.076592082616179,37.01,-121.59,2.515
2.619,52.0,3.765625,1.078125,385.0,6.015625,37.34,-121.9,2.125
3.9191,17.0,5.798936170212766,1.0723404255319149,3533.0,3.758510638297872,34.06,-117.4,1.016
2.5326,42.0,3.930278884462152,1.0159362549800797,1841.0,3.667330677290837,34.01,-118.14,1.565
3.3878,31.0,5.573281452658884,1.0220492866407265,2083.0,2.701686121919585,38.49,-121.44,1.093
4.4583,31.0,5.982222222222222,0.9888888888888888,1129.0,2.508888888888889,32.8,-117.02,1.7
2.6339,13.0,4.1058020477815695,0.9965870307167236,1035.0,3.532423208191126,33.21,-117.25,1.17
3.375,46.0,5.24223602484472,0.9130434782608696,423.0,2.627329192546584,32.66,-117.09,1.363
8.0069,52.0,7.224032586558045,1.030549898167006,1276.0,2.59877800407332,37.73,-122.46,4.268
2.315,52.0,5.135135135135135,1.237837837837838,429.0,2.3189189189189188,33.87,-117.93,1.821
5.759,22.0,7.366568914956011,1.249266862170088,919.0,2.695014662756598,34.38,-119.57,4.25
1.6563,16.0,5.125,0.9375,542.0,16.9375,35.34,-120.69,0.425
8.3695,37.0,7.458745874587459,1.062706270627063,941.0,3.1056105610561056,34.22,-118.21,5.00001
2.2,49.0,5.1875,1.0972222222222223,611.0,2.1215277777777777,37.74,-122.15,1.875
2.4539,28.0,2.519327731092437,0.9647058823529412,3328.0,5.593277310924369,33.73,-117.85,1.15
2.2386,30.0,4.725738396624473,1.0464135021097047,609.0,2.569620253164557,37.78,-120.85,0.872
3.2448,20.0,4.204528853177502,1.078889700511322,4031.0,2.944485025566107,34.21,-118.44,2.212
2.7466,43.0,3.6666666666666665,1.0478547854785478,1817.0,2.9983498349834985,34.11,-118.25,2.089
2.5841,21.0,3.7146974063400577,1.059942363112392,3621.0,2.0870317002881844,37.97,-122.04,1.125
6.767,52.0,6.454268292682927,1.076219512195122,734.0,2.2378048780487805,37.45,-122.15,5.00001
2.6591,26.0,7.22457627118644,1.1822033898305084,642.0,2.720338983050848,37.59,-120.92,1.805
5.3765,15.0,6.502976190476191,1.1488095238095235,827.0,2.461309523809524,34.74,-120.46,2.231
2.3977,52.0,5.32345013477089,1.0215633423180592,1043.0,2.811320754716981,33.98,-118.31,1.122
5.3264,46.0,4.941176470588236,1.0955882352941178,351.0,2.5808823529411766,37.51,-122.26,2.581
2.625,16.0,6.4,0.8,36.0,7.2,37.0,-122.0,1.375
5.6152,38.0,5.989510489510489,0.9965034965034965,779.0,2.723776223776224,34.12,-118.09,3.599
3.3906,20.0,4.504118616144975,1.0840197693574958,1562.0,2.57331136738056,34.15,-118.24,2.841
15.0001,52.0,7.994475138121547,1.0276243093922652,483.0,2.6685082872928176,37.79,-122.44,5.00001
6.235,44.0,5.92972972972973,1.0054054054054054,513.0,2.772972972972973,33.97,-118.39,3.614
2.5821,20.0,3.5811051693404634,1.0873440285204992,1570.0,1.3992869875222815,38.58,-121.5,1.25
6.0175,15.0,7.13681592039801,1.007462686567164,1526.0,3.796019900497512,32.96,-117.12,2.383
2.5288,16.0,5.315638450502152,1.06025824964132,2463.0,3.533715925394548,36.98,-120.05,0.618
4.3,27.0,4.7063953488372094,1.0232558139534884,831.0,2.4156976744186047,36.61,-121.92,2.264
2.0074,20.0,5.284327323162275,1.0915395284327325,1993.0,2.764216366158114,41.75,-124.21,0.669
4.918,36.0,6.169491525423729,1.0610169491525423,899.0,3.047457627118644,33.83,-118.11,2.252
5.4591,31.0,5.981132075471698,1.0117924528301887,990.0,2.3349056603773586,34.15,-118.48,4.955
4.1603,17.0,4.3907284768211925,0.9072847682119204,1401.0,3.0927152317880795,33.7,-117.98,1.605
1.7969,48.0,5.737313432835821,1.2208955223880598,1026.0,3.062686567164179,37.84,-122.27,1.104
1.6471,52.0,2.833333333333333,0.927536231884058,520.0,3.768115942028986,37.77,-122.22,0.95
1.5727,16.0,3.8046875,1.0416666666666667,1201.0,3.1276041666666665,36.1,-119.57,0.548
7.7932,29.0,6.573170731707317,0.9552845528455284,758.0,3.0813008130081303,37.45,-122.23,4.699
3.4801,52.0,3.977154724818276,1.185877466251298,1310.0,1.3603322949117342,37.8,-122.44,5.00001
3.6563,13.0,5.563245823389021,1.107398568019093,1110.0,2.649164677804296,39.17,-120.93,1.649
4.5156,19.0,5.354466858789626,1.0345821325648414,790.0,2.276657060518732,37.25,-121.96,3.393
2.8466,34.0,6.369565217391305,1.062111801242236,958.0,2.975155279503105,39.6,-122.05,0.953
5.4228,24.0,5.391752577319588,0.9628865979381444,3795.0,3.9123711340206175,37.39,-121.95,2.641
1.4886,11.0,3.859375,1.0703125,1528.0,2.984375,32.75,-117.1,0.898
3.0403,26.0,5.140969162995595,0.97503671071953,1860.0,2.7312775330396475,34.03,-117.03,1.135
4.9,42.0,5.929765886287625,1.2040133779264215,815.0,2.725752508361204,33.83,-118.19,4.063
3.4934,27.0,5.46,1.0466666666666666,451.0,3.006666666666667,37.57,-120.85,1.938
1.8958,16.0,6.173913043478261,1.108695652173913,239.0,5.195652173913044,37.7,-120.64,1.375
6.0621,20.0,6.512195121951219,1.018970189701897,1149.0,3.113821138211382,37.06,-122.0,3.044
3.6118,24.0,7.536796536796537,1.251082251082251,564.0,2.441558441558441,38.53,-122.4,2.484
3.0221,28.0,4.5943012211668925,1.1058344640434192,2240.0,3.039348710990502,34.2,-118.43,2.901
7.4837,8.0,7.773191094619666,1.054730983302412,7249.0,3.3622448979591835,34.13,-117.76,3.587
1.2315,43.0,4.053191489361702,1.0957446808510638,854.0,4.542553191489362,33.98,-118.26,0.982
3.7452,14.0,5.688212927756654,1.0893536121673004,1631.0,3.1007604562737643,35.05,-118.19,0.832
2.4167,39.0,5.733178654292344,1.0672853828306264,1118.0,2.593967517401392,36.79,-119.81,0.719
2.2267,25.0,3.2448979591836733,1.0680272108843538,1412.0,2.401360544217687,34.14,-118.21,1.898
2.5898,35.0,4.636879432624114,1.073758865248227,2328.0,3.302127659574468,33.75,-116.96,0.763
2.0938,16.0,2.74585635359116,1.0828729281767957,800.0,2.209944751381216,37.8,-122.27,1.625
3.6719,46.0,4.296774193548387,1.0612903225806452,746.0,2.4064516129032256,34.43,-119.72,3.574
3.9219,24.0,5.483928571428572,0.9714285714285714,1477.0,2.6375,36.67,-121.67,2.225
5.3184,36.0,6.079787234042553,1.0265957446808511,826.0,4.393617021276596,33.9,-118.03,1.711
5.4399,4.0,7.388888888888889,1.0867003367003367,4010.0,3.3754208754208754,38.29,-121.98,1.871
3.5341,42.0,4.233766233766234,0.9902597402597404,2062.0,3.3474025974025974,33.95,-118.18,1.675
3.668,19.0,4.544658493870402,1.0875656742556918,1728.0,3.026269702276708,33.47,-117.69,2.438
4.6937,33.0,5.316666666666666,0.9733333333333334,991.0,3.303333333333333,37.97,-122.32,1.341
1.125,23.0,6.130434782608695,2.565217391304348,47.0,2.0434782608695654,40.99,-123.35,0.66
2.7143,16.0,6.385300668151448,1.244988864142539,1203.0,2.6792873051224944,39.88,-121.75,0.953
2.6894,20.0,3.924418604651162,1.008139534883721,4610.0,5.3604651162790695,37.35,-121.84,1.822
6.3359,43.0,6.334415584415584,0.935064935064935,725.0,2.353896103896104,36.8,-119.8,1.693
1.4125,22.0,4.771739130434782,1.0630434782608695,1021.0,2.2195652173913043,40.6,-122.39,0.665
5.273,27.0,5.399355877616747,1.0515297906602254,1571.0,2.529790660225443,37.34,-121.99,3.156
2.1509,16.0,4.264227642276423,1.1341463414634143,1252.0,2.544715447154472,34.93,-120.44,0.675
5.0796,35.0,6.112359550561798,1.101123595505618,1158.0,2.602247191011236,34.19,-118.5,2.283
2.3221,17.0,4.246553122465532,1.0746147607461476,3308.0,2.682887266828873,32.79,-116.96,1.388
3.1364,25.0,7.626822157434402,1.5947521865889214,581.0,1.6938775510204085,33.76,-116.57,3.016
4.4286,35.0,5.061855670103093,1.0103092783505154,274.0,2.8247422680412373,37.67,-122.45,2.386
0.9637,29.0,3.2434210526315788,1.105263157894737,233.0,1.5328947368421053,37.67,-122.08,1.6
4.7222,6.0,5.680851063829787,0.9680851063829788,999.0,5.3138297872340425,34.19,-117.32,1.09
2.949,17.0,4.832365747460087,1.0174165457184323,3183.0,2.309869375907112,32.83,-116.97,1.173
7.2315,35.0,7.158607350096712,1.0212765957446808,1511.0,2.9226305609284333,37.88,-122.1,3.671
3.071,8.0,4.5962962962962965,1.0851851851851853,1427.0,2.6425925925925924,34.64,-120.47,1.204
1.7188,43.0,4.181818181818182,1.1302211302211302,1227.0,3.0147420147420148,37.78,-122.21,1.268
4.1607,20.0,5.29971181556196,0.9855907780979828,1882.0,2.711815561959654,34.28,-118.81,1.968
2.71,34.0,4.772388059701493,1.0634328358208955,963.0,3.593283582089552,38.52,-121.46,0.656
1.2575,26.0,3.8875,1.1392857142857142,1971.0,3.5196428571428573,38.52,-121.47,0.668
5.0431,16.0,6.296296296296297,1.0030864197530864,1207.0,3.725308641975309,34.02,-117.62,1.641
3.6033,39.0,4.5701754385964914,0.9692982456140352,863.0,3.7850877192982457,33.98,-118.08,1.578
3.1361,16.0,5.339331619537275,0.9974293059125964,1155.0,2.969151670951157,40.09,-122.38,0.848
1.3333,30.0,8.571428571428571,2.1587301587301586,122.0,1.9365079365079363,34.22,-115.52,0.425
2.1571,48.0,6.118483412322274,1.1753554502369667,580.0,2.748815165876777,34.84,-114.61,0.486
2.7054,52.0,5.741214057507987,1.060702875399361,905.0,2.891373801916933,33.99,-117.38,1.417
2.8409,36.0,4.901694915254238,1.0372881355932204,678.0,2.298305084745763,38.29,-122.27,1.53
6.5249,34.0,6.667844522968198,1.0247349823321554,815.0,2.8798586572438163,38.03,-122.56,3.248
2.1765,10.0,4.312020460358056,1.0588235294117647,1000.0,2.557544757033248,32.61,-117.07,1.284
10.0791,27.0,7.268292682926829,1.0352303523035231,935.0,2.533875338753388,37.91,-122.45,5.00001
3.4444,48.0,5.040358744394619,1.0358744394618835,783.0,3.5112107623318387,33.98,-118.29,0.931
2.3333,42.0,4.931924882629108,1.1267605633802815,945.0,2.218309859154929,38.67,-121.18,1.16
3.9461,16.0,4.522184300341297,1.023890784982935,1969.0,3.360068259385665,37.25,-121.82,1.943
2.5104,38.0,5.679886685552408,1.0906515580736544,882.0,2.498583569405099,38.73,-120.81,1.205
6.126,7.0,6.332386363636363,1.0383522727272727,1731.0,2.4588068181818183,33.47,-117.68,2.856
2.6094,34.0,6.367088607594937,1.3481012658227849,443.0,2.8037974683544302,40.45,-124.03,0.713
4.9167,23.0,6.609195402298851,1.0,572.0,3.2873563218390807,37.99,-121.83,1.524
6.276,17.0,6.433333333333334,0.9755555555555556,1588.0,3.528888888888889,33.67,-117.82,2.907
3.7804,27.0,5.772466539196941,0.9579349904397706,1580.0,3.0210325047801145,34.69,-118.12,1.135
2.3365,34.0,4.46606334841629,1.1221719457013577,902.0,4.081447963800905,33.95,-118.27,0.98
10.0187,20.0,8.496376811594203,1.1666666666666667,890.0,3.2246376811594204,37.21,-121.95,5.00001
2.9191,19.0,4.457386363636363,0.9971590909090908,1035.0,2.940340909090909,33.19,-117.24,1.594
2.3108,28.0,5.134357005758157,1.0115163147792707,1392.0,2.671785028790787,36.76,-119.71,0.72
2.8155,27.0,4.257352941176471,1.0275735294117647,2012.0,3.698529411764706,33.99,-118.12,1.768
1.6034,30.0,3.8519269776876266,1.1075050709939147,1620.0,3.286004056795132,32.75,-117.09,0.844
3.4375,52.0,3.125,1.05,99.0,2.475,34.11,-118.25,1.7
4.5096,30.0,5.165048543689321,0.9935275080906149,845.0,2.73462783171521,33.94,-117.94,2.411
4.436,7.0,6.360294117647059,1.0546218487394958,3031.0,3.1838235294117645,32.69,-117.02,1.35
2.9973,19.0,4.914330218068536,0.8909657320872274,2482.0,3.866043613707165,34.07,-117.46,1.134
1.5539,44.0,5.066666666666666,1.0873563218390805,1277.0,2.935632183908046,37.96,-121.23,0.592
1.4625,37.0,4.247844827586207,1.105603448275862,1673.0,3.605603448275862,33.99,-118.28,1.03
1.4133,15.0,4.303605313092979,1.0524984187223276,4737.0,2.9962049335863377,37.73,-122.38,2.034
4.2917,38.0,5.191747572815534,1.0339805825242718,1138.0,2.762135922330097,33.95,-118.02,1.689
4.375,21.0,6.35,1.071153846153846,1413.0,2.7173076923076924,37.35,-118.42,1.804
2.3464,11.0,3.4922118380062304,1.088785046728972,1203.0,1.8738317757009344,38.35,-122.71,1.042
4.1645,32.0,6.1985611510791365,1.0316546762589929,2002.0,2.880575539568345,37.28,-121.89,2.819
3.6007,35.0,4.432065217391305,0.967391304347826,862.0,2.342391304347826,34.19,-118.4,2.618
2.679,41.0,4.66,1.0493333333333332,1849.0,2.465333333333333,37.7,-122.12,1.449
2.07,30.0,3.132416165090284,1.0292347377472055,4336.0,3.7282889079965607,34.1,-118.2,1.545
3.5943,14.0,5.001473839351511,1.0714812085482683,3416.0,2.5173176123802508,36.99,-121.98,2.624
5.2769,34.0,5.374233128834356,0.9202453987730062,424.0,2.6012269938650308,37.31,-121.92,2.411
3.495,35.0,4.956521739130435,0.9525691699604744,729.0,2.8814229249011856,34.08,-117.64,1.18
3.691,30.0,4.975609756097561,1.0,989.0,3.445993031358885,37.86,-121.61,1.544
2.3373,21.0,5.970642201834862,1.2275229357798163,1548.0,2.840366972477064,34.88,-117.13,0.571
6.7587,18.0,8.470108695652174,1.2907608695652173,904.0,2.4565217391304346,32.85,-117.24,3.885
2.6083,38.0,5.14026402640264,1.0264026402640265,1238.0,2.042904290429043,36.21,-119.33,0.67
2.125,45.0,6.213235294117647,1.1397058823529411,343.0,2.522058823529412,39.14,-121.91,0.62
3.5426,26.0,5.301321585903084,1.096035242290749,2673.0,2.3550660792951543,33.66,-117.88,2.954
3.5967,15.0,4.257391304347826,1.0469565217391303,1666.0,2.897391304347826,33.75,-117.93,1.416
2.5542,35.0,5.8483754512635375,0.9963898916967509,939.0,3.3898916967509027,38.68,-121.37,0.729
4.7708,19.0,4.9798850574712645,1.0172413793103448,959.0,2.755747126436781,37.7,-122.43,2.817
2.4968,46.0,4.374622356495468,0.9969788519637462,1094.0,3.305135951661631,37.35,-121.86,1.741
2.2333,23.0,6.054313099041534,1.0862619808306708,749.0,2.3929712460063897,36.28,-119.29,1.201
3.9167,28.0,8.839142091152816,1.8123324396782845,923.0,2.474530831099196,38.38,-123.08,2.326
2.0724,35.0,4.494915254237288,1.172881355932203,1023.0,3.467796610169492,37.96,-122.35,0.977
5.1365,14.0,6.7549194991055455,1.037567084078712,1877.0,3.3577817531305905,33.82,-117.52,2.15
3.5073,42.0,4.251351351351351,1.0405405405405406,1859.0,2.5121621621621624,33.85,-118.32,2.348
2.1295,15.0,5.127604166666667,1.02734375,3500.0,4.557291666666667,35.76,-119.29,0.598
3.125,26.0,4.096774193548387,0.9496774193548388,2460.0,3.174193548387097,34.22,-119.19,2.199
2.7788,27.0,5.124835742444152,1.0197109067017085,1549.0,2.035479632063075,38.61,-121.35,1.157
4.7356,18.0,6.815668202764977,1.1336405529953917,550.0,2.5345622119815667,38.31,-122.42,3.333
7.3356,38.0,5.894904458598727,1.0573248407643312,750.0,2.388535031847134,33.89,-118.39,4.227
2.1186,28.0,4.707581227436823,1.03971119133574,1719.0,3.1028880866425994,37.8,-121.22,0.944
3.2818,31.0,3.617094017094017,1.041025641025641,2559.0,1.458119658119658,34.09,-118.37,2.25
3.9844,37.0,10.135135135135137,1.5675675675675675,120.0,3.2432432432432434,37.65,-121.03,1.5
3.9352,44.0,4.603636363636364,1.1290909090909091,961.0,1.7472727272727273,33.76,-118.13,4.069
2.4167,28.0,6.493506493506493,1.3376623376623376,545.0,3.538961038961039,34.42,-118.75,1.917
6.6828,52.0,7.353174603174603,1.0535714285714286,1205.0,2.390873015873016,37.89,-122.26,3.709
2.6765,20.0,5.3008356545961,1.1002785515320337,919.0,2.5598885793871866,38.01,-121.32,0.964
4.7083,34.0,5.926691729323308,1.0545112781954886,1679.0,3.156015037593985,33.76,-117.86,2.053
3.6474,26.0,3.923076923076923,0.998211091234347,1186.0,2.1216457960644006,34.15,-118.11,1.841
2.2396,44.0,4.670967741935484,1.0129032258064516,861.0,2.7774193548387096,33.98,-118.32,1.086
4.25,1.0,20.125,2.9285714285714284,402.0,3.5892857142857144,37.65,-120.93,1.892
2.888,50.0,5.105812220566319,1.1460506706408349,2261.0,3.369597615499255,37.73,-122.42,2.464
5.4555,36.0,6.395652173913043,1.0695652173913044,751.0,3.265217391304348,34.12,-118.02,3.951
2.3584,15.0,3.629348513598988,1.1176470588235294,4620.0,2.922201138519924,34.23,-118.45,1.576
4.2083,40.0,5.164133738601824,1.0516717325227964,1188.0,3.6109422492401215,33.88,-118.2,1.473
1.6792,43.0,3.255357142857143,1.0714285714285714,2339.0,4.176785714285714,33.79,-118.19,1.306
3.0179,42.0,3.757462686567164,1.0335820895522387,1060.0,3.955223880597015,34.01,-118.14,1.537
1.7276,50.0,4.036363636363636,1.075,1807.0,4.1068181818181815,37.78,-122.22,1.023
6.5378,34.0,6.696078431372549,0.984593837535014,1879.0,2.6316526610644257,37.88,-122.06,3.409
1.9605,37.0,5.219211822660099,1.088669950738916,1372.0,3.3793103448275863,33.9,-118.25,1.062
2.125,17.0,16.8125,4.421875,171.0,2.671875,39.4,-120.09,0.839
2.6321,21.0,4.132264529058117,1.056112224448898,2162.0,2.1663326653306614,37.7,-122.13,2.231
3.125,26.0,4.096774193548387,0.9496774193548388,2460.0,3.174193548387097,34.22,-119.19,2.199
2.2532,46.0,5.085011185682327,1.1073825503355703,1088.0,2.4340044742729305,38.01,-121.8,1.094
5.3777,41.0,5.479400749063671,1.0,601.0,2.250936329588015,34.06,-118.43,5.00001
8.3837,6.0,8.063268892794376,1.055360281195079,3637.0,3.195957820738137,37.18,-121.84,4.734
5.5126,36.0,5.964749536178108,0.9814471243042672,1710.0,3.1725417439703154,34.23,-118.56,2.484
8.583,5.0,7.272727272727272,1.0995670995670996,617.0,2.670995670995671,33.49,-117.71,3.977
5.0754,44.0,5.196280991735537,1.0537190082644627,967.0,1.9979338842975207,34.15,-118.4,3.745
5.2421,40.0,5.330935251798561,0.988009592326139,1050.0,2.517985611510792,37.43,-122.2,4.445
6.1825,27.0,6.756637168141593,0.9734513274336284,756.0,3.345132743362832,34.3,-118.7,2.27
2.113,34.0,3.791814946619217,1.0569395017793597,1373.0,2.4430604982206408,32.75,-117.11,1.021
3.1923,42.0,4.173575129533679,1.0621761658031088,879.0,2.27720207253886,34.18,-118.52,2.218
2.9191,52.0,4.742547425474255,1.008130081300813,764.0,2.0704607046070462,38.56,-121.46,1.118
1.2273,18.0,5.0,1.1343283582089552,189.0,2.82089552238806,37.68,-120.54,0.875
7.2392,31.0,7.281889763779527,0.9826771653543308,1852.0,2.916535433070866,33.77,-117.81,3.346
3.6373,52.0,6.841397849462366,1.0779569892473118,1004.0,2.6989247311827955,34.04,-118.33,4.2
2.4271,42.0,4.344827586206897,1.0031347962382444,1163.0,3.64576802507837,33.9,-118.25,0.895
3.2125,19.0,5.2075471698113205,1.2169811320754718,314.0,2.962264150943396,34.68,-118.27,1.854
1.6675,6.0,5.5115089514066495,1.391304347826087,1039.0,2.657289002557545,34.05,-117.3,0.958
5.1782,23.0,6.564476885644769,0.9975669099756692,1094.0,2.661800486618005,32.8,-117.07,1.951
3.5156,31.0,4.945848375451264,1.0252707581227436,1062.0,3.833935018050541,34.07,-118.07,1.993
2.3654,34.0,5.590631364562118,1.1384928716904277,1150.0,2.3421588594704685,38.09,-120.56,0.949
4.2305,32.0,5.891774891774892,1.235930735930736,2541.0,5.5,33.91,-118.01,2.214
3.8261,52.0,4.808510638297872,1.0729483282674772,868.0,2.6382978723404253,37.76,-122.43,2.5
3.055,33.0,3.775413711583924,0.9598108747044918,1888.0,4.463356973995272,33.87,-117.92,1.578
3.1682,18.0,4.273668639053255,1.128698224852071,2441.0,1.805473372781065,37.71,-122.15,2.027
5.1523,36.0,5.776190476190476,1.0809523809523809,1085.0,2.583333333333333,33.0,-117.27,3.878
3.1738,31.0,5.510028653295129,0.9770773638968482,806.0,2.30945558739255,37.25,-121.0,0.976
1.5179,52.0,4.022662889518414,1.0056657223796035,1080.0,3.0594900849858355,34.0,-118.3,1.161
5.0187,29.0,5.07488986784141,0.8788546255506607,1377.0,3.0330396475770924,37.92,-122.32,1.406
2.5486,23.0,5.604081632653061,1.0775510204081633,677.0,2.763265306122449,37.72,-121.01,1.611
5.0172,34.0,5.854671280276817,1.0034602076124568,836.0,2.8927335640138407,37.96,-122.07,1.971
5.7295,35.0,5.645045045045045,0.9747747747747748,1449.0,2.610810810810811,37.28,-122.0,3.461
4.1071,11.0,5.813953488372093,1.0105708245243128,2827.0,2.988372093023256,38.67,-121.21,1.458
7.1615,36.0,6.226666666666667,0.9688888888888888,667.0,2.9644444444444447,34.16,-118.03,4.847
2.4464,33.0,4.183157894736842,0.9578947368421052,1369.0,2.8821052631578947,34.08,-117.64,1.226
3.4115,35.0,5.193548387096774,1.0099255583126552,1755.0,4.354838709677419,34.03,-117.96,1.504
3.4286,44.0,4.136085626911315,0.992354740061162,1676.0,2.562691131498471,34.16,-118.33,2.479
3.024,17.0,6.4734513274336285,1.4955752212389382,529.0,2.34070796460177,38.33,-120.41,1.009
4.5481,6.0,4.725490196078432,1.0723039215686274,1547.0,1.8958333333333333,32.77,-117.17,1.648
3.6531,18.0,5.642638036809816,1.0644171779141105,1820.0,2.791411042944785,33.79,-118.0,1.435
1.95,28.0,3.658105939004816,1.0770465489566614,1166.0,1.8715890850722312,32.75,-117.13,1.5
3.5055,47.0,5.273612463485882,1.085686465433301,2177.0,2.1197663096397275,37.97,-122.57,3.821
1.4676,17.0,5.497076023391813,1.3654970760233918,798.0,2.333333333333333,39.08,-122.8,0.65
3.425,28.0,5.421212121212121,1.0666666666666669,1347.0,4.081818181818182,33.86,-118.07,1.897
3.7857,16.0,6.377358490566038,1.0919811320754718,1322.0,3.1179245283018866,33.4,-117.24,2.27
2.875,17.0,4.821276595744681,1.0382978723404257,716.0,3.046808510638298,37.95,-121.83,1.625
4.6625,11.0,5.232666666666667,1.1093333333333333,3561.0,2.374,34.25,-118.52,2.909
4.8611,15.0,6.442065491183879,0.9773299748110832,2540.0,3.198992443324937,38.45,-121.83,1.464
2.4219,33.0,4.311244979919679,1.0140562248995983,1371.0,2.753012048192771,33.88,-118.31,2.607
3.4583,34.0,5.50187265917603,1.0,1031.0,3.861423220973783,32.69,-117.09,1.127
5.0201,18.0,5.601336302895323,0.9866369710467706,1442.0,3.2115812917594653,32.82,-116.89,1.544
5.5102,7.0,7.354154390100176,1.1467295226870948,5102.0,3.006482027106659,33.0,-116.78,2.21
6.2384,25.0,6.656200941915228,1.0094191522762952,1885.0,2.959183673469388,34.03,-117.8,2.476
2.5385,33.0,3.0518672199170123,0.9356846473029046,2272.0,4.713692946058091,33.96,-118.15,1.609
8.9669,12.0,7.449180327868852,0.99672131147541,840.0,2.7540983606557377,36.84,-119.85,2.139
3.375,8.0,5.671232876712328,1.1506849315068493,413.0,2.828767123287671,37.1,-119.85,0.807
1.9167,45.0,4.039697542533081,1.056710775047259,1550.0,2.930056710775048,33.73,-118.28,2.272
4.3428,20.0,5.797362110311751,1.023980815347722,2983.0,3.57673860911271,33.2,-117.28,1.521
1.2989,25.0,2.9809322033898304,1.1652542372881356,1193.0,2.527542372881356,34.03,-118.28,2.25
2.9167,43.0,4.64,1.216,393.0,1.572,34.01,-118.47,4.611
2.5329,31.0,4.055639097744361,1.037593984962406,2220.0,3.338345864661654,36.67,-121.62,1.352
6.0102,12.0,5.219765929778934,1.128738621586476,1605.0,2.0871261378413526,33.71,-118.04,3.969
3.6186,52.0,4.472329472329473,1.0386100386100383,1518.0,1.953667953667953,37.77,-122.44,5.00001
1.8432,28.0,4.302788844621514,1.1872509960159363,524.0,2.087649402390438,34.44,-119.75,3.273
1.06,31.0,3.5792682926829267,1.0975609756097562,1161.0,3.539634146341464,34.54,-117.3,0.565
3.3333,49.0,5.436440677966102,1.0084745762711864,576.0,2.440677966101695,37.9,-122.29,2.768
6.1183,49.0,5.869565217391305,1.2608695652173914,86.0,3.739130434782609,37.82,-122.29,0.75
9.7194,9.0,8.306260575296108,0.976311336717428,1981.0,3.3519458544839256,37.49,-121.89,5.00001
5.4225,17.0,5.401215805471125,0.9969604863221884,1235.0,3.753799392097264,37.39,-121.86,2.581
2.2375,24.0,4.381736526946108,1.0538922155688624,2005.0,3.001497005988024,32.73,-117.1,1.029
2.8326,11.0,4.560148056755089,1.107958050586058,3841.0,2.3695249845774216,34.1,-117.68,1.63
2.6145,10.0,5.116991643454039,1.0222841225626742,1864.0,2.596100278551532,36.35,-119.62,0.803
3.1801,29.0,4.814814814814815,1.0916179337231968,1589.0,3.097465886939572,33.79,-117.99,1.905
2.5762,29.0,4.048703849175177,1.0950510604870385,3741.0,2.93872741555381,37.78,-122.28,1.734
4.1477,38.0,5.530373831775701,1.1214953271028036,891.0,2.08177570093458,32.83,-117.31,5.00001
2.4817,33.0,3.875722543352601,1.0346820809248556,2050.0,2.96242774566474,34.16,-118.13,1.695
1.852,40.0,3.967863894139888,1.1323251417769375,2311.0,4.368620037807183,34.0,-118.27,1.015
9.281,31.0,7.131233595800525,0.9868766404199476,1001.0,2.627296587926509,37.36,-122.08,5.00001
3.5,24.0,5.986440677966102,1.047457627118644,1681.0,2.8491525423728814,34.12,-117.2,1.139
2.45,30.0,5.202443280977312,1.0558464223385688,1784.0,3.113438045375218,34.08,-117.25,0.858
2.4792,21.0,3.752941176470588,1.411764705882353,276.0,3.247058823529412,37.63,-120.99,0.6
2.4643,35.0,3.892514395393474,1.0633397312859885,2252.0,4.322456813819578,34.23,-119.12,1.82
4.0972,32.0,4.716981132075472,0.8867924528301887,663.0,3.1273584905660377,38.01,-121.89,0.992
4.0229,18.0,4.765873015873016,1.1626984126984128,1549.0,2.048941798941799,33.65,-117.96,3.631
8.7471,20.0,7.683087027914614,1.0,1945.0,3.19376026272578,34.25,-118.57,4.199
3.3214,35.0,5.561797752808989,1.0786516853932584,674.0,3.786516853932584,36.52,-119.59,1.016
5.6918,12.0,12.910485933503836,2.153452685421995,883.0,2.258312020460358,33.67,-116.29,2.313
2.4844,35.0,5.649819494584838,1.0469314079422385,861.0,3.108303249097473,38.68,-121.38,0.77
3.8393,52.0,4.721649484536083,1.0721649484536082,1278.0,2.6350515463917525,34.12,-118.26,2.382
2.1573,28.0,4.826013513513513,1.045608108108108,1614.0,2.726351351351352,36.79,-119.74,0.714
0.536,4.0,14.0,3.333333333333333,9.0,3.0,34.14,-116.76,0.425
2.6759,17.0,4.631205673758865,1.0319148936170213,832.0,1.475177304964539,33.61,-117.73,1.206
6.6086,12.0,5.775956284153006,1.0027322404371584,2594.0,3.543715846994536,37.44,-121.9,2.994
4.5221,16.0,6.38494623655914,1.1053763440860216,1594.0,3.427956989247312,32.92,-117.15,1.683
4.0333,16.0,14.671328671328672,3.13986013986014,342.0,2.391608391608392,34.13,-116.98,1.339
3.2875,6.0,8.00625,1.53125,422.0,2.6375,38.04,-120.3,1.113
3.4919,44.0,5.138418079096045,1.0310734463276836,1137.0,3.211864406779661,37.75,-122.5,2.718
4.1167,33.0,4.601178781925344,0.9332023575638508,1367.0,2.68565815324165,33.82,-117.99,2.155
3.725,34.0,5.492990654205608,1.02803738317757,1063.0,2.483644859813084,36.62,-121.93,2.78
4.3657,17.0,6.555806087936866,1.012401352874859,2614.0,2.947012401352875,38.44,-122.66,2.159
3.8355,34.0,4.914798206278027,0.9910313901345292,574.0,2.5739910313901344,32.73,-117.11,1.267
2.3173,30.0,6.115942028985507,1.1768115942028985,1301.0,3.7710144927536233,37.6,-121.2,0.865
1.3039,22.0,4.538834951456311,1.171116504854369,2011.0,2.4405339805825244,33.75,-116.97,0.775
5.8703,5.0,6.535603715170279,1.1021671826625388,2024.0,3.1331269349845203,34.36,-118.52,5.00001
4.0714,36.0,5.581589958158996,0.9895397489539748,1315.0,2.7510460251046025,33.85,-118.16,2.156
0.4999,16.0,21.63157894736842,6.0,26.0,1.368421052631579,39.42,-122.89,0.735
4.5163,34.0,5.319923371647509,1.0344827586206895,1954.0,3.743295019157088,34.0,-117.96,1.838
3.3583,19.0,5.10377358490566,0.981132075471698,457.0,4.311320754716981,32.87,-115.49,1.028
4.4191,52.0,5.799065420560748,0.9813084112149532,526.0,2.457943925233645,34.05,-118.38,3.341
3.338,34.0,4.575916230366492,0.9982547993019196,1997.0,3.485165794066317,34.19,-118.42,2.225
3.7348,4.0,5.705276705276705,1.178893178893179,4775.0,3.072715572715573,34.08,-117.36,1.258
5.8758,16.0,5.122696155871512,1.1642969984202212,3026.0,1.5934702474986835,34.05,-118.41,5.00001
3.4527,22.0,4.708624708624709,1.0862470862470863,1010.0,2.3543123543123543,32.78,-117.22,1.75
3.1713,42.0,4.642714570858283,1.003992015968064,1832.0,3.656686626746507,33.88,-118.18,1.61
3.7083,43.0,5.166666666666667,0.9855072463768116,871.0,3.1557971014492754,33.83,-118.22,1.752
5.409,16.0,8.151960784313726,1.2254901960784317,597.0,2.926470588235294,33.7,-117.78,2.339
7.8139,9.0,6.645061728395062,0.9753086419753086,954.0,2.9444444444444446,33.72,-117.77,3.047
2.5428,45.0,3.903052064631957,1.125673249551167,1992.0,3.576301615798923,34.08,-118.26,1.678
2.2969,16.0,4.140476190476191,1.138095238095238,1235.0,2.9404761904761907,33.88,-117.58,1.161
7.3195,37.0,7.506769825918762,1.0831721470019342,1315.0,2.5435203094777563,37.89,-122.2,3.675
3.5375,35.0,6.543956043956044,1.043956043956044,537.0,2.9505494505494507,36.74,-119.85,0.967
6.4415,15.0,7.077981651376147,1.048165137614679,1262.0,2.8944954128440368,33.83,-117.76,3.007
3.1033,25.0,3.6114044350580783,1.0316789862724394,1718.0,1.814149947201689,34.14,-118.12,2.179
6.6478,21.0,7.030921052631579,1.013157894736842,4552.0,2.994736842105264,37.55,-121.95,3.334
2.5991,28.0,3.489130434782609,1.0891304347826087,936.0,2.034782608695652,32.76,-117.12,1.475
4.2981,52.0,6.329113924050633,1.2151898734177216,363.0,2.29746835443038,34.11,-118.15,3.528
2.4107,38.0,5.36231884057971,1.181159420289855,332.0,2.4057971014492754,34.15,-117.3,0.88
4.6042,20.0,5.106481481481482,1.0601851851851851,926.0,2.1435185185185186,37.82,-122.0,2.564
5.0155,19.0,5.468208092485549,1.0520231213872833,474.0,2.739884393063584,38.68,-121.47,0.973
6.6087,31.0,6.5,0.9684684684684683,627.0,2.824324324324324,37.34,-122.05,4.165
4.2454,33.0,4.604206500956023,1.0210325047801148,1644.0,3.1434034416826004,33.88,-118.36,2.368
1.8214,23.0,3.4574557708508844,1.0732940185341195,4729.0,3.983993260320135,33.19,-117.37,1.738
2.8446,18.0,5.131212723658051,0.9920477137176938,1375.0,2.7335984095427435,40.72,-124.14,1.005
3.8,36.0,5.702702702702703,1.0513513513513513,952.0,2.572972972972973,37.67,-122.11,1.875
5.299,12.0,7.214932126696833,1.0475113122171946,1200.0,2.7149321266968327,34.91,-120.44,2.268
7.8375,40.0,6.59375,1.0178571428571428,609.0,2.71875,34.21,-118.2,5.00001
4.125,38.0,4.7734375,1.1015625,756.0,2.953125,33.9,-118.12,1.739
2.9191,19.0,4.457386363636363,0.9971590909090908,1035.0,2.940340909090909,33.19,-117.24,1.594
5.3416,31.0,5.444759206798867,0.9320113314447592,1030.0,2.917847025495751,33.85,-118.02,2.13
4.5746,13.0,5.500819672131148,1.0295081967213116,3683.0,3.0188524590163937,32.97,-117.04,1.757
2.8125,42.0,4.402985074626866,0.9589552238805972,877.0,3.2723880597014925,37.77,-122.18,0.973
9.1373,52.0,7.443478260869565,1.0,1102.0,3.1942028985507247,34.11,-118.13,5.00001
2.6346,44.0,5.013586956521739,1.0991847826086956,1922.0,2.6114130434782608,38.3,-122.3,1.398
4.2045,16.0,7.266129032258065,1.1155913978494625,1106.0,2.9731182795698925,36.52,-119.54,1.209
4.525,36.0,4.590909090909091,0.875,237.0,2.6931818181818183,37.98,-122.0,1.613
5.8322,15.0,5.74015748031496,1.0150918635170605,4784.0,3.1391076115485563,37.39,-121.85,2.766
6.6122,4.0,7.568645219755324,1.2251925690983234,6187.0,2.803352967829633,34.18,-118.75,3.576
1.9875,30.0,5.005763688760807,1.0979827089337175,1177.0,3.3919308357348705,37.96,-121.22,0.564
1.7125,27.0,5.756756756756757,1.1891891891891893,464.0,3.135135135135135,39.94,-122.0,0.582
5.64,27.0,5.833865814696486,0.987220447284345,1016.0,3.246006389776358,37.62,-122.08,2.065
5.3264,46.0,4.941176470588236,1.0955882352941178,351.0,2.5808823529411766,37.51,-122.26,2.581
7.2574,52.0,8.288135593220339,1.073446327683616,496.0,2.8022598870056497,37.85,-122.24,3.521
3.625,52.0,3.973568281938326,1.0440528634361232,846.0,3.7268722466960353,37.79,-122.25,1.25
2.1442,35.0,3.4133858267716537,0.970472440944882,2053.0,4.041338582677166,34.02,-118.16,1.492
3.3095,33.0,5.474120082815735,0.9503105590062112,1113.0,2.3043478260869565,41.74,-122.64,0.813
4.2143,33.0,5.41031941031941,1.063882063882064,1135.0,2.788697788697789,34.25,-118.46,2.242
1.6911,18.0,4.771653543307087,1.022965879265092,5022.0,3.295275590551181,39.72,-121.85,0.988
2.2054,45.0,3.724137931034482,0.9540229885057472,1288.0,4.934865900383142,33.98,-118.24,1.25
2.0786,33.0,4.562589928057554,1.1971223021582733,1591.0,2.289208633093525,38.62,-121.42,0.886
3.0083,25.0,3.3438661710037176,1.0353159851301117,3416.0,6.349442379182156,33.74,-117.88,1.635
4.0156,48.0,3.63680387409201,1.0831315577078289,1980.0,1.5980629539951574,37.79,-122.42,5.00001
4.3269,34.0,5.5344827586206895,1.0531609195402298,1661.0,2.386494252873564,36.59,-121.84,2.213
2.2917,19.0,5.695652173913044,1.423913043478261,493.0,2.6793478260869565,39.12,-120.69,1.182
5.3032,52.0,5.095744680851064,1.0283687943262412,980.0,3.475177304964539,34.08,-118.12,2.457
5.5385,43.0,6.972093023255814,1.0930232558139534,970.0,2.255813953488372,37.93,-122.54,4.318
2.1764,24.0,4.407365439093485,1.0396600566572238,3996.0,2.2640226628895186,34.02,-117.51,1.353
2.75,41.0,5.666666666666667,1.0726072607260726,855.0,2.8217821782178216,37.75,-121.43,1.273
2.7232,35.0,5.385416666666667,1.1145833333333333,857.0,2.9756944444444446,39.01,-123.36,1.154
3.8542,5.0,3.8246187363834414,1.0980392156862746,1599.0,1.7418300653594772,32.87,-117.22,1.766
0.76,10.0,2.6515151515151514,1.0545454545454545,546.0,1.6545454545454543,37.81,-122.27,1.625
3.7941,37.0,4.771543086172345,1.1523046092184368,1235.0,2.4749498997996,34.16,-118.33,2.478
1.7106,24.0,5.718987341772152,1.0329113924050632,1169.0,2.959493670886076,36.13,-119.03,0.955
2.7256,36.0,5.6396103896103895,1.047077922077922,1679.0,2.7256493506493507,35.34,-119.03,0.719
2.0875,13.0,3.5259740259740258,1.0352504638218925,1986.0,1.842300556586271,34.19,-118.31,2.227
5.0066,12.0,3.8,1.4666666666666666,69.0,4.6,34.13,-119.05,2.75
3.1908,16.0,4.386792452830188,0.981132075471698,1386.0,2.179245283018868,38.54,-121.72,1.943
5.7528,34.0,4.623376623376624,0.8571428571428571,757.0,3.277056277056277,33.91,-118.32,1.805
4.1047,52.0,3.935483870967742,1.0521091811414391,1259.0,1.5620347394540943,37.8,-122.43,4.667
3.8047,13.0,4.079741379310345,1.049568965517241,1018.0,2.1939655172413794,37.26,-121.88,2.047
5.8399,16.0,5.589285714285714,0.9785714285714284,950.0,3.392857142857143,33.63,-117.71,2.206
7.5,8.0,6.564885496183206,0.9465648854961832,1111.0,2.826972010178117,36.85,-119.88,2.562
7.5695,16.0,7.992990654205608,0.9976635514018692,1341.0,3.133177570093458,37.93,-121.94,3.204
3.13,8.0,5.5390625,1.01953125,1163.0,2.271484375,39.69,-121.56,1.683
6.9935,22.0,6.9826451226810295,1.0353081986834232,4054.0,2.4260921603830043,34.14,-118.82,3.855
6.9508,18.0,6.906577693040991,0.98093422306959,2893.0,2.757864632983794,37.22,-121.86,3.612
1.1552,44.0,4.273381294964029,1.2158273381294964,325.0,2.338129496402878,36.97,-122.02,2.5
1.0313,20.0,2.4368421052631577,0.9473684210526316,486.0,2.557894736842105,38.59,-121.49,0.85
4.3397,21.0,5.373239436619718,1.0985915492957747,1588.0,2.795774647887324,33.86,-118.1,2.681
2.1403,30.0,2.8998272884283245,1.1778929188255614,1445.0,2.4956822107081176,34.09,-118.33,2.0
2.3583,26.0,4.881987577639752,1.0434782608695652,494.0,3.0683229813664594,39.23,-123.2,1.054
3.0466,15.0,3.0356798457087755,1.0761812921890068,3556.0,3.429122468659595,37.36,-121.85,1.596
5.1017,17.0,5.895104895104895,0.986013986013986,1756.0,4.093240093240094,37.35,-121.8,2.407
1.6929,20.0,3.510355029585799,1.1523668639053255,1659.0,2.45414201183432,37.8,-122.26,1.15
2.189,40.0,5.217582417582418,1.098901098901099,1772.0,3.8945054945054944,34.07,-117.19,0.725
7.7572,52.0,7.070247933884297,1.012396694214876,671.0,2.772727272727273,34.03,-118.5,5.00001
7.6012,4.0,7.265682656826568,1.033210332103321,805.0,2.970479704797048,33.47,-117.63,3.108
4.0729,38.0,5.271875,1.0484375,1906.0,2.978125,34.13,-118.01,2.123
4.0444,15.0,5.980392156862745,1.0163398692810457,2629.0,4.295751633986928,32.7,-116.99,1.501
1.8625,40.0,2.4220532319391634,1.038022813688213,1150.0,4.372623574144487,34.06,-118.26,1.313
3.5833,45.0,4.408333333333333,0.9333333333333332,448.0,3.733333333333333,33.93,-118.28,0.906
4.7437,10.0,5.902702702702703,1.0945945945945943,1119.0,3.0243243243243243,34.46,-118.27,2.94
0.7068,49.0,2.0822784810126582,1.0063291139240509,467.0,1.4778481012658229,37.33,-121.89,2.0
4.625,44.0,6.163090128755365,1.1030042918454936,745.0,3.1974248927038627,33.86,-118.14,2.134
5.1708,33.0,5.755813953488372,1.062015503875969,1006.0,3.89922480620155,34.12,-117.88,1.585
3.2614,19.0,5.767213114754099,1.0786885245901638,2091.0,3.4278688524590164,33.36,-117.1,1.688
2.9583,50.0,5.380281690140845,1.1173708920187793,579.0,2.718309859154929,33.98,-118.06,1.726
5.3602,14.0,6.144308943089431,0.9532520325203252,1523.0,3.095528455284553,36.3,-119.3,1.186
5.0434,26.0,5.549822064056939,1.0,1459.0,2.596085409252669,34.43,-119.74,3.404
3.125,22.0,4.714542190305206,1.132854578096948,1678.0,3.012567324955117,34.08,-117.62,1.118
5.155,31.0,5.03074433656958,1.0048543689320388,1472.0,2.381877022653722,37.63,-122.49,2.639
3.2177,28.0,3.878423513694055,1.070808283233133,2563.0,1.7120908483633934,37.81,-122.25,2.734
6.2045,29.0,5.951923076923077,1.0432692307692308,1217.0,2.925480769230769,37.31,-122.04,3.938
6.4209,52.0,4.737171464330413,1.0112640801001251,1371.0,1.7158948685857325,37.79,-122.44,5.00001
2.6823,28.0,5.427184466019417,1.058252427184466,770.0,2.4919093851132685,39.78,-121.63,0.934
1.9356,41.0,4.490140845070423,1.0338028169014084,1074.0,3.0253521126760563,37.76,-122.17,0.906
4.7543,27.0,5.3568,1.112,1545.0,2.472,33.87,-118.31,2.963
2.0074,20.0,5.284327323162275,1.0915395284327325,1993.0,2.764216366158114,41.75,-124.21,0.669
3.023,25.0,3.441077441077441,0.9797979797979798,1570.0,5.286195286195286,34.06,-118.05,1.42
1.7865,19.0,4.2215189873417724,1.1582278481012658,1048.0,3.316455696202532,37.93,-122.35,0.88
5.614,15.0,5.854736842105263,1.048421052631579,1389.0,2.9242105263157896,37.35,-121.8,2.233
3.7917,35.0,5.0,0.9838709677419356,381.0,3.0725806451612905,33.91,-118.12,1.839
4.0417,32.0,5.351515151515152,0.9757575757575756,876.0,2.6545454545454548,33.81,-117.85,2.345
2.2106,35.0,4.521739130434782,1.0120772946859904,1017.0,2.4565217391304346,37.84,-122.29,1.325
3.6505,16.0,4.3538461538461535,1.0951048951048952,1719.0,2.4041958041958043,33.71,-117.91,1.457
3.025,24.0,5.540443808160344,1.101646385110952,4333.0,3.101646385110952,38.5,-121.42,0.879
7.9794,28.0,6.427083333333333,1.0395833333333333,1176.0,2.45,33.53,-117.76,4.261
4.625,16.0,4.984375,0.921875,149.0,2.328125,34.07,-118.6,4.333
2.3636,32.0,3.633946830265849,1.096114519427403,1684.0,3.443762781186094,34.07,-118.28,1.9
3.9688,52.0,5.167173252279635,0.9635258358662614,996.0,3.027355623100304,34.18,-118.14,1.75
3.1445,45.0,4.840361445783133,0.9969879518072288,633.0,1.9066265060240963,34.11,-118.28,4.383
1.0714,36.0,2.7995495495495497,1.0585585585585586,1668.0,3.756756756756757,34.05,-118.22,1.375
1.6607,30.0,4.043010752688172,1.043010752688172,733.0,3.940860215053764,32.79,-115.54,0.561
2.0802,22.0,5.577681874229347,1.1288532675709002,4276.0,2.636251541307028,41.61,-120.55,0.479
2.6384,16.0,4.527303754266212,1.0341296928327646,1693.0,2.889078498293516,38.46,-122.75,1.469
4.3911,21.0,5.976027397260274,0.910958904109589,837.0,2.866438356164384,36.35,-119.65,1.079
3.2642,34.0,5.7,0.9787234042553192,1141.0,2.427659574468085,36.79,-119.77,0.896
2.2847,41.0,3.528138528138528,1.0909090909090908,775.0,3.354978354978355,34.01,-118.11,1.9
3.8854,17.0,5.2555438225976765,1.0496304118268216,1987.0,2.098204857444562,37.04,-122.04,3.123
4.7813,35.0,4.678861788617886,1.008130081300813,809.0,3.2886178861788617,33.9,-118.1,1.6
2.29,50.0,3.654545454545455,1.0415584415584416,1526.0,3.963636363636364,34.05,-118.2,1.218
3.2037,33.0,3.889643463497453,1.0084889643463495,3232.0,5.487266553480476,33.73,-117.88,1.635
2.6328,31.0,4.468978102189781,1.0857664233576645,1801.0,3.286496350364964,37.95,-122.35,1.103
3.008,7.0,3.854619565217391,1.0543478260869563,2287.0,3.1073369565217392,34.15,-118.27,2.29
4.1458,52.0,5.9602272727272725,1.0511363636363635,374.0,2.125,37.76,-122.23,2.485
4.25,34.0,6.06390977443609,0.9962406015037594,631.0,2.37218045112782,38.53,-121.51,1.919
3.1982,29.0,4.78698224852071,1.047337278106509,3036.0,3.5928994082840235,37.36,-121.83,1.717
3.7292,52.0,4.566724436741768,1.0173310225303294,1302.0,2.256499133448873,37.78,-122.47,4.167
7.9767,16.0,7.065602836879433,1.00531914893617,1327.0,2.352836879432624,33.78,-118.11,5.00001
4.65,21.0,7.485232067510548,1.109704641350211,724.0,3.054852320675105,34.96,-120.41,1.525
3.9803,35.0,5.201923076923077,1.060897435897436,1462.0,4.685897435897436,34.03,-117.96,1.526
5.0457,34.0,6.328787878787879,1.0954545454545457,1586.0,2.403030303030303,37.45,-122.23,3.951
4.2566,16.0,4.819444444444445,1.0555555555555556,784.0,2.1777777777777776,33.74,-117.97,1.392
4.5281,35.0,5.055674518201285,0.9807280513918628,1727.0,3.698072805139186,37.61,-122.1,1.736
2.9559,16.0,4.284403669724771,1.0160550458715596,1323.0,3.0344036697247705,36.2,-121.13,1.632
2.6145,10.0,5.116991643454039,1.0222841225626742,1864.0,2.596100278551532,36.35,-119.62,0.803
3.0208,38.0,5.605664488017429,1.0544662309368191,1568.0,3.416122004357298,34.0,-118.11,1.937
6.8773,18.0,6.570539419087137,0.991701244813278,1414.0,2.933609958506224,37.11,-121.75,4.677
3.1,17.0,4.846511627906977,0.9767441860465116,650.0,3.0232558139534884,32.8,-117.01,0.842
4.4085,8.0,5.745810055865922,0.9916201117318436,2268.0,3.1675977653631286,38.85,-121.19,1.394
3.0766,52.0,4.277142857142858,1.0514285714285714,1428.0,2.04,37.77,-122.44,4.389
1.9375,42.0,4.827956989247312,1.0456989247311828,1107.0,2.975806451612903,37.93,-122.36,0.87
2.975,21.0,5.816568047337278,0.9763313609467456,672.0,3.9763313609467454,36.07,-118.99,0.639
3.4583,52.0,5.211904761904762,1.0309523809523808,1147.0,2.730952380952381,37.74,-122.49,3.213
1.9549,24.0,3.7520858164481528,1.0822407628128723,2850.0,3.3969010727056017,34.2,-118.42,2.215
2.7628,39.0,4.332844574780059,1.0205278592375366,1417.0,2.0777126099706744,37.91,-122.31,1.678
3.1477,52.0,5.58869395711501,0.9668615984405458,978.0,1.906432748538012,34.1,-117.72,2.912
2.2614,29.0,2.8473029045643155,1.0141078838174271,4094.0,3.397510373443984,34.14,-118.26,2.481
2.7451,42.0,4.295285359801489,1.0794044665012408,866.0,2.1488833746898264,33.73,-118.3,2.554
3.6875,39.0,4.436018957345971,0.919431279620853,691.0,3.2748815165876777,33.98,-118.09,1.695
1.7875,24.0,3.5335276967930027,1.067055393586006,1202.0,3.5043731778425657,37.96,-121.3,0.768
4.8274,21.0,5.832214765100671,0.9899328859060402,983.0,3.298657718120805,32.57,-117.12,1.741
7.0544,25.0,6.801089918256131,0.9564032697547684,1034.0,2.8174386920980927,37.41,-121.81,3.207
2.1516,52.0,2.75,1.0285087719298245,895.0,1.962719298245614,37.78,-122.42,1.875
1.4375,36.0,4.417322834645669,1.4173228346456692,340.0,2.677165354330709,34.09,-118.33,1.65
1.6164,17.0,4.672297297297297,1.1722972972972974,719.0,2.429054054054054,38.98,-122.83,0.778
3.6583,13.0,6.309711286089239,1.1128608923884515,2568.0,3.37007874015748,38.52,-122.85,1.832
3.2591,33.0,4.128133704735376,1.0403899721448469,2235.0,3.1128133704735377,33.77,-117.94,1.759
3.0625,17.0,4.680555555555555,0.9940476190476192,884.0,1.753968253968254,37.69,-122.45,0.875
3.9054,14.0,4.088397790055248,1.0441988950276244,1681.0,1.8574585635359115,34.16,-118.25,2.0
1.7054,39.0,3.900826446280992,1.0033057851239668,2047.0,3.3834710743801653,37.63,-120.97,0.588
3.8512,47.0,5.280112044817927,1.011204481792717,954.0,2.672268907563025,33.96,-118.32,1.713
0.9751,48.0,4.204761904761905,1.0095238095238095,1655.0,3.940476190476191,33.95,-118.25,0.955
1.9647,23.0,4.093220338983051,1.0317796610169492,1380.0,2.9237288135593222,35.29,-120.66,2.536
1.4653,7.0,3.5257936507936507,1.0178571428571428,4479.0,8.886904761904763,38.54,-121.79,3.1
5.137,16.0,4.67296786389414,1.0812854442344046,965.0,1.8241965973534973,33.84,-118.39,3.486
6.828,36.0,6.109375,1.015625,348.0,2.71875,37.38,-122.08,3.839
10.4399,23.0,8.31067125645439,1.023235800344234,3585.0,3.085197934595525,34.14,-118.56,5.00001
2.5352,13.0,9.793028322440088,1.8649237472766884,1149.0,2.503267973856209,38.25,-120.37,1.137
4.5189,45.0,5.637010676156583,1.0640569395017794,1341.0,2.386120996441281,32.69,-117.17,4.222
4.0417,34.0,6.08,1.1,522.0,3.48,34.12,-117.88,1.78
3.7583,37.0,5.66109785202864,1.0596658711217184,1056.0,2.520286396181384,32.63,-117.07,1.455
3.2426,50.0,3.8567741935483872,1.073548387096774,1345.0,1.735483870967742,34.08,-118.33,4.429
3.35,25.0,4.121468926553672,1.0225988700564972,1150.0,3.248587570621469,33.88,-118.35,2.375
4.9957,22.0,5.718222222222222,1.0435555555555556,2703.0,2.4026666666666667,33.75,-117.83,2.964
2.0441,15.0,4.064638783269962,1.1254752851711027,569.0,2.1634980988593155,35.06,-118.15,0.733
6.4745,8.0,8.052173913043479,1.085217391304348,2048.0,3.5617391304347827,32.73,-116.91,3.003
4.1667,12.0,6.74171270718232,1.1091160220994476,2188.0,3.022099447513812,34.69,-118.17,1.719
3.7143,34.0,4.694214876033058,1.1528925619834711,2164.0,4.471074380165289,34.21,-118.37,1.757
1.6172,9.0,3.657894736842105,0.9894736842105264,810.0,4.2631578947368425,37.29,-120.32,0.563
4.7083,28.0,5.8,1.0321428571428573,755.0,2.696428571428572,33.88,-118.0,2.681
3.2174,17.0,6.756521739130434,1.0521739130434782,553.0,2.4043478260869566,39.49,-121.47,0.918
6.4956,33.0,6.297587131367292,1.0911528150134049,954.0,2.557640750670241,33.81,-118.38,4.836
3.9722,52.0,4.71608040201005,1.0728643216080402,712.0,1.7889447236180904,37.76,-122.39,2.909
3.235,18.0,5.770259638080252,1.0479937057435091,3339.0,2.627065302911093,38.7,-121.3,1.247
3.2383,18.0,4.4557926829268295,1.021341463414634,1751.0,2.669207317073171,34.11,-117.88,1.57
2.1139,40.0,4.34319526627219,1.0828402366863903,2024.0,2.9940828402366866,34.07,-117.31,0.709
2.8194,8.0,5.759776536312849,1.1229050279329609,606.0,3.3854748603351954,33.85,-117.24,1.363
2.5488,42.0,4.775811209439528,1.0029498525073746,906.0,2.672566371681416,37.96,-121.33,0.803
6.7669,35.0,5.168560606060606,1.018939393939394,969.0,1.8352272727272727,37.86,-122.49,5.00001
2.1964,30.0,3.0766233766233766,0.977922077922078,3259.0,4.232467532467532,33.98,-118.2,1.585
7.7889,26.0,8.730038022813687,1.0456273764258557,842.0,3.201520912547529,34.19,-118.88,3.099
7.1472,25.0,7.613333333333333,1.08,486.0,3.24,33.89,-117.87,2.701
1.9439,17.0,3.6409155937052935,1.0543633762517883,1468.0,2.100143061516452,33.76,-117.99,1.777
2.5904,23.0,4.659630606860159,0.9973614775725592,1885.0,2.4868073878627968,36.83,-119.7,0.714
3.0083,18.0,4.283018867924528,1.0452830188679243,3001.0,3.774842767295597,34.23,-118.39,1.819
3.133,33.0,4.31023102310231,1.066006600660066,2496.0,4.118811881188119,34.11,-118.23,1.56
3.6991,19.0,3.746450304259635,1.050709939148073,2496.0,2.531440162271805,37.34,-122.04,2.715
4.125,34.0,4.283464566929134,0.8503937007874016,348.0,2.7401574803149606,33.21,-117.23,1.646
3.0208,44.0,6.223021582733813,1.233812949640288,782.0,2.8129496402877696,35.34,-119.01,0.637
4.0391,33.0,5.196141479099678,1.0353697749196142,580.0,1.864951768488746,34.16,-118.44,3.375
1.5329,39.0,4.263285024154589,1.0,1056.0,2.550724637681159,37.98,-121.25,0.483
4.5382,39.0,4.972560975609756,0.9817073170731708,1034.0,3.152439024390244,33.92,-118.08,1.657
3.2321,20.0,5.3755458515283845,1.0829694323144106,1117.0,2.438864628820961,34.09,-117.66,1.625
8.248,29.0,7.072727272727272,0.9781818181818182,826.0,3.0036363636363634,37.33,-122.06,4.988
1.4241,16.0,4.285285285285285,0.957957957957958,642.0,1.927927927927928,39.23,-121.02,1.25
2.5221,7.0,5.098591549295775,1.087323943661972,931.0,2.6225352112676057,33.74,-117.22,1.092
11.2463,22.0,8.249027237354085,1.0350194552529184,1480.0,2.8793774319066148,37.25,-121.99,5.00001
2.1447,26.0,3.4859504132231405,1.0760330578512396,2120.0,3.5041322314049586,33.79,-118.27,1.587
3.9167,52.0,5.376146788990826,0.9862385321100916,489.0,2.243119266055046,37.88,-122.28,2.356
4.7097,12.0,6.505263157894737,1.0736842105263158,1048.0,2.7578947368421054,34.56,-118.21,2.621
10.3682,37.0,8.077922077922079,1.1233766233766234,394.0,2.5584415584415585,33.61,-117.92,5.00001
2.3971,17.0,4.654867256637168,1.0553097345132745,1476.0,1.6327433628318584,37.28,-121.85,0.875
5.2636,1.0,7.6940298507462686,1.2798507462686568,872.0,3.253731343283582,38.23,-122.0,1.913
3.8333,48.0,5.729468599033816,1.0289855072463767,487.0,2.3526570048309177,37.74,-122.49,3.408
2.1061,16.0,4.638151425762045,1.1002949852507375,3589.0,3.529006882989184,37.39,-120.59,0.728
2.7125,40.0,4.7478991596638656,1.0476190476190477,1138.0,3.1876750700280114,34.03,-118.3,1.5
4.0536,36.0,6.597701149425287,1.0727969348659003,830.0,3.1800766283524906,33.94,-118.32,1.89
2.5898,43.0,5.425974025974026,1.0363636363636364,955.0,2.4805194805194803,38.52,-121.43,0.721
4.1379,22.0,4.683168316831683,1.094059405940594,1015.0,2.512376237623762,33.8,-118.06,2.125
6.1043,36.0,5.545562130177514,0.9242603550295858,2254.0,2.667455621301776,37.46,-122.24,3.435
3.1779,41.0,4.394736842105263,1.0548245614035088,1658.0,3.6359649122807016,33.8,-118.26,1.711
5.7812,27.0,6.376130198915009,1.0650994575045207,1725.0,3.119349005424955,37.28,-121.98,2.75
1.925,20.0,5.549618320610687,1.2442748091603053,624.0,2.381679389312977,33.57,-114.57,0.655
4.625,20.0,6.25,0.9935897435897436,1054.0,3.378205128205128,34.04,-117.71,2.221
4.1483,25.0,5.678420310296191,1.1156558533145275,1850.0,2.609308885754584,37.95,-121.96,1.812
4.3015,21.0,5.858823529411764,1.0627450980392157,781.0,3.062745098039216,37.67,-121.32,2.5
1.9837,37.0,4.786516853932584,1.0140449438202248,902.0,2.533707865168539,38.53,-121.48,0.623
2.1496,16.0,5.398176291793313,1.0699088145896656,1801.0,2.737082066869301,40.47,-122.43,0.977
6.0302,52.0,5.8203125,0.9296875,634.0,2.4765625,37.81,-122.24,2.873
6.6633,10.0,6.289272030651341,1.053639846743295,2491.0,4.772030651340996,37.33,-121.79,2.837
2.375,17.0,5.690406976744186,1.0784883720930232,1768.0,2.569767441860465,36.02,-119.01,0.798
2.1759,35.0,5.852320675105485,1.1476793248945147,610.0,2.573839662447257,39.93,-122.18,0.595
3.3639,25.0,6.395348837209302,1.2299741602067182,910.0,2.351421188630491,33.74,-116.41,1.688
3.443,18.0,4.731107205623902,1.0480374926772116,5325.0,3.1195079086116,33.99,-117.9,1.719
3.1719,43.0,5.36376404494382,0.99438202247191,1505.0,2.1137640449438204,33.95,-118.32,1.835
4.2463,4.0,4.6450777202072535,1.0103626943005182,897.0,2.3238341968911915,33.65,-117.59,1.828
3.8003,23.0,4.190885640584694,1.0756663800515909,2699.0,2.3207222699914016,37.42,-122.09,2.298
5.6631,4.0,6.1311964219157655,1.0559075661572863,7985.0,2.976146105106225,32.65,-116.97,2.334
3.5268,33.0,4.022964509394572,1.0062630480167014,1623.0,3.3883089770354906,33.98,-118.1,1.52
3.3472,26.0,4.338397790055248,0.925414364640884,1572.0,2.1712707182320443,33.78,-117.88,2.374
3.625,20.0,3.5945945945945947,0.945945945945946,87.0,2.351351351351352,40.22,-123.43,0.675
1.5844,31.0,3.606126914660832,1.0590809628008753,898.0,1.9649890590809629,33.78,-118.19,1.625
4.1279,17.0,5.001253132832081,1.0043859649122806,6437.0,4.033208020050125,34.17,-119.16,2.239
2.2156,26.0,3.773076923076923,1.0384615384615383,1236.0,2.376923076923077,33.94,-117.94,1.45
3.8631,17.0,3.6359223300970873,1.1407766990291262,1382.0,2.236245954692557,33.82,-117.88,2.25
2.1658,29.0,5.777448071216617,1.1364985163204748,925.0,2.744807121661721,39.5,-121.58,0.576
3.915,28.0,5.652941176470589,1.123529411764706,1565.0,4.602941176470588,34.08,-117.48,1.174
3.8427,35.0,5.471311475409836,1.0102459016393444,1196.0,2.450819672131148,33.93,-118.11,2.835
2.2122,30.0,3.478313253012048,1.0433734939759036,2806.0,3.3807228915662653,33.97,-118.18,1.694
3.7545,52.0,5.242774566473988,1.1194605009633911,1043.0,2.009633911368016,37.75,-122.43,3.837
4.1652,37.0,5.205673758865248,1.0780141843971631,1038.0,3.6808510638297873,37.64,-122.06,1.582
4.1292,28.0,3.9095238095238094,1.0333333333333334,1575.0,3.75,33.82,-118.27,2.019
8.6196,11.0,5.8133333333333335,0.9333333333333332,212.0,2.8266666666666667,37.29,-122.12,5.00001
6.2179,27.0,6.905204460966543,0.9776951672862454,1631.0,3.0315985130111525,37.54,-121.94,3.053
2.4735,43.0,5.185792349726776,1.1420765027322404,971.0,2.6530054644808745,34.1,-117.43,0.899
8.1163,16.0,7.8982035928143715,1.032934131736527,1055.0,3.158682634730539,37.92,-122.01,3.658
5.956,41.0,6.851063829787234,1.0797872340425532,794.0,2.1117021276595747,37.83,-122.24,3.661
8.735,10.0,6.343373493975903,0.960843373493976,1002.0,3.0180722891566263,33.68,-117.79,3.753
3.1929,27.0,4.122905027932961,0.9832402234636872,1156.0,3.2290502793296088,36.21,-121.13,1.379
4.6364,35.0,4.67910447761194,0.9813432835820896,1092.0,4.074626865671642,34.05,-117.96,1.631
3.9728,28.0,4.433806146572104,1.1217494089834514,1691.0,1.9988179669030728,37.57,-122.34,3.0
3.3942,36.0,3.811965811965812,0.9230769230769232,410.0,3.5042735042735043,33.98,-118.11,1.472
3.5085,27.0,5.446153846153846,1.0853146853146851,1832.0,2.5622377622377623,38.48,-122.87,1.878
3.5083,52.0,4.047835990888383,1.0341685649202734,671.0,1.5284738041002277,34.08,-118.33,5.00001
6.3702,23.0,6.440263405456256,1.0141110065851364,2951.0,2.7761053621825025,37.31,-122.01,3.32
2.8553,52.0,4.664652567975831,1.0981873111782476,1636.0,2.471299093655589,37.78,-122.46,3.607
5.5684,18.0,6.743099787685775,0.9936305732484076,1296.0,2.751592356687898,37.69,-120.98,1.851
3.1305,25.0,4.310077519379845,1.124031007751938,985.0,1.9089147286821704,33.64,-117.92,2.688
5.5925,13.0,5.757981462409886,1.043254376930999,3188.0,3.283213182286303,34.3,-118.9,2.086
2.8304,33.0,3.611438183347351,1.0294365012615645,4512.0,3.794785534062237,33.93,-118.34,1.437
4.3438,39.0,4.1506849315068495,0.9452054794520548,131.0,1.7945205479452055,33.98,-118.37,3.318
6.4469,29.0,5.536585365853658,1.0975609756097562,112.0,2.731707317073171,36.99,-122.01,2.714
1.8819,41.0,4.412523020257827,1.1086556169429098,1781.0,3.279926335174954,35.37,-118.97,0.58
2.6875,23.0,6.357446808510638,1.1702127659574468,678.0,2.885106382978724,36.27,-119.25,0.691
5.4127,25.0,6.04179104477612,0.9313432835820896,907.0,2.707462686567164,34.42,-119.73,3.928
4.7188,29.0,6.511278195488722,1.037593984962406,341.0,2.56390977443609,37.95,-122.04,1.971
2.8385,42.0,4.514344262295082,0.956967213114754,1470.0,3.012295081967213,34.03,-118.13,1.922
4.0221,16.0,4.6767676767676765,1.1616161616161615,451.0,2.2777777777777777,38.01,-121.36,1.733
4.3229,18.0,5.398601398601398,0.951048951048951,825.0,2.8846153846153846,37.75,-121.52,3.273
3.0729,34.0,26.04109589041096,5.397260273972603,171.0,2.3424657534246576,37.11,-119.28,1.446
1.7395,19.0,2.934560327198364,1.043967280163599,3325.0,3.3997955010224947,34.06,-118.24,1.625
1.5781,32.0,4.006578947368421,1.125,1292.0,4.25,34.0,-118.25,1.029
7.2929,17.0,6.531120331950207,1.0871369294605808,672.0,2.788381742738589,37.53,-122.51,3.558
3.2308,34.0,4.595907928388747,1.1713554987212276,775.0,1.9820971867007675,33.05,-117.3,3.313
5.5277,30.0,5.781902552204176,0.9419953596287703,1250.0,2.9002320185614847,32.84,-117.19,1.971
2.0161,52.0,4.307324840764331,1.0302547770700636,1355.0,2.1576433121019107,37.77,-122.44,3.643
6.0809,21.0,6.474167623421355,1.026406429391504,2670.0,3.065442020665901,37.08,-122.07,2.7
6.5475,25.0,6.992373689227836,1.1029551954242136,2626.0,2.503336510962822,37.49,-122.28,5.00001
4.0,24.0,5.053846153846154,1.0134615384615384,1389.0,2.671153846153846,33.08,-117.3,3.432
2.1389,16.0,4.31665228645384,1.0181190681622088,4145.0,3.576358930112166,33.89,-118.23,1.334
3.6354,17.0,5.457380457380458,1.0644490644490645,1487.0,3.091476091476092,36.84,-121.38,2.212
2.3833,24.0,5.643382352941177,1.025735294117647,726.0,2.669117647058824,39.59,-121.74,0.951
2.2778,41.0,5.333333333333333,1.1785714285714286,605.0,3.6011904761904763,33.93,-118.29,1.281
2.6535,26.0,3.1676470588235293,1.0676470588235294,3193.0,3.130392156862745,33.95,-118.36,1.772
7.5,8.0,6.564885496183206,0.9465648854961832,1111.0,2.826972010178117,36.85,-119.88,2.562
4.2008,12.0,4.643646408839779,1.0524861878453038,1050.0,2.9005524861878453,32.9,-117.15,1.761
4.4844,31.0,5.945205479452055,0.9486301369863014,801.0,2.743150684931507,33.2,-117.22,2.055
3.5848,18.0,4.487804878048781,1.024390243902439,1047.0,2.3215077605321506,33.68,-117.99,1.869
3.6641,32.0,5.614886731391586,1.0711974110032365,785.0,2.540453074433657,38.53,-122.46,2.758
2.9583,47.0,5.284246575342466,1.0513698630136987,859.0,2.941780821917808,37.79,-122.21,1.388
7.9625,33.0,6.520599250936329,1.0262172284644195,588.0,2.202247191011236,34.14,-118.45,4.908
5.3909,15.0,5.727626459143969,0.8871595330739299,892.0,3.470817120622568,36.31,-119.33,1.13
4.9766,10.0,6.887147335423197,1.031347962382445,1064.0,3.335423197492163,34.87,-120.4,1.996
3.0938,25.0,4.039130434782609,1.0717391304347823,865.0,1.880434782608696,34.4,-119.7,3.125
3.5436,16.0,5.013824884792626,1.0691244239631337,1410.0,3.248847926267281,38.03,-121.92,1.002
4.4769,16.0,5.8655462184873945,1.0028011204481793,1092.0,3.0588235294117645,38.87,-121.27,1.914
5.3671,16.0,7.047808764940239,1.0119521912350598,1778.0,7.083665338645418,34.18,-117.4,1.818
2.67,30.0,3.9306666666666654,1.102666666666667,1635.0,2.18,34.26,-119.25,2.149
5.7485,26.0,5.366666666666666,0.9,1542.0,51.4,37.89,-121.29,1.625
1.2059,18.0,2.537037037037037,1.0897435897435896,1913.0,2.725071225071225,33.98,-118.22,2.55
7.8521,52.0,7.794392523364486,1.0514018691588785,517.0,2.4158878504672896,37.86,-122.24,5.00001
2.1653,16.0,4.625482625482626,1.0154440154440154,1338.0,2.583011583011583,36.8,-119.72,0.788
2.6,19.0,4.043557168784029,1.014519056261343,2845.0,5.163339382940109,37.33,-121.85,1.728
3.2917,29.0,5.792490118577075,1.0573122529644268,1954.0,3.8616600790513833,36.93,-121.73,2.247
4.2037,5.0,5.433093154915079,1.1286670097786928,9842.0,2.532681420483788,34.43,-118.43,1.946
3.375,36.0,5.162162162162162,1.135135135135135,208.0,5.621621621621622,33.71,-117.86,1.575
2.2478,31.0,5.123809523809523,1.1,1259.0,2.997619047619048,40.8,-124.13,0.811
5.536,13.0,6.119174942704355,1.0435446906035142,3920.0,2.9946524064171123,33.88,-117.64,2.048
4.8088,19.0,6.297087378640777,1.0601941747572816,1334.0,2.5902912621359224,38.66,-121.23,1.695
2.1217,38.0,5.557377049180328,1.1540983606557378,1279.0,4.19344262295082,33.73,-116.22,0.685
3.7066,32.0,4.279627163781624,0.9560585885486018,2316.0,3.0838881491344874,34.09,-118.08,2.068
0.9204,43.0,4.1645569620253164,1.0126582278481011,1253.0,5.286919831223629,38.59,-121.48,0.821
6.3314,27.0,6.490998363338789,0.944353518821604,1657.0,2.711947626841244,38.01,-122.55,3.422
2.6716,34.0,3.9588477366255135,1.0195473251028806,2814.0,2.8950617283950617,34.08,-118.13,2.271
1.8618,52.0,4.157718120805369,1.0738255033557047,934.0,3.134228187919463,34.36,-119.06,1.833
2.6485,18.0,4.235249042145594,1.1080459770114943,2883.0,2.2091954022988505,38.59,-121.41,1.145
3.7833,47.0,5.438356164383562,1.0582191780821917,827.0,2.8321917808219177,33.99,-118.06,1.661
3.0519,30.0,3.675414364640884,1.0566298342541436,2324.0,3.209944751381216,33.95,-118.35,1.375
3.2415,32.0,5.230235783633842,1.027739251040222,1786.0,2.4771151178918167,38.44,-122.67,1.722
7.1035,52.0,7.269565217391304,1.0434782608695652,832.0,2.411594202898551,38.55,-121.48,2.287
3.9875,24.0,6.076517150395778,1.0527704485488127,851.0,2.2453825857519787,33.43,-117.61,3.465
3.1028,17.0,5.137254901960785,1.092436974789916,1253.0,3.5098039215686274,34.08,-117.48,1.064
6.0302,52.0,5.8203125,0.9296875,634.0,2.4765625,37.81,-122.24,2.873
4.1062,52.0,4.611111111111111,1.0588235294117647,1091.0,3.565359477124183,34.42,-119.71,2.529
3.6392,8.0,5.709426627793975,1.0835762876579202,2808.0,2.728862973760933,38.17,-122.51,2.463
3.075,13.0,33.98969072164948,6.824742268041237,267.0,2.752577319587629,38.31,-120.27,1.083
1.6315,29.0,4.426491994177583,0.9941775836972344,2106.0,3.0655021834061134,39.26,-121.67,0.58
3.3261,16.0,4.699687174139729,1.0938477580813348,2261.0,2.3576642335766422,35.36,-119.05,1.184
4.65,15.0,3.425806451612903,0.9935483870967742,469.0,3.025806451612904,37.2,-121.7,3.857
6.7606,15.0,6.426356589147287,0.9870801033591732,2222.0,2.870801033591732,37.51,-122.47,3.643
1.375,49.0,5.030395136778116,1.1124620060790271,754.0,2.291793313069909,37.83,-122.27,1.049
5.2287,37.0,4.3657407407407405,1.0092592592592593,803.0,3.717592592592593,33.82,-118.27,1.911
4.7853,7.0,4.383015597920277,1.194107452339688,1215.0,2.1057192374350087,34.1,-118.18,1.531
3.5583,40.0,5.63036303630363,1.062706270627063,796.0,2.627062706270627,32.63,-117.07,1.549
3.4471,26.0,5.599520383693045,0.9904076738609112,980.0,2.3501199040767387,38.0,-122.28,1.789
5.5629,36.0,5.454819277108434,0.963855421686747,1005.0,3.02710843373494,34.09,-117.89,1.883
3.0703,37.0,5.049586776859504,1.068870523415978,1093.0,3.0110192837465566,37.72,-122.46,2.118
2.0875,25.0,3.933641975308642,1.0416666666666667,2053.0,3.16820987654321,38.13,-121.26,0.831
4.5,41.0,4.114558472553699,1.069212410501193,1621.0,1.9343675417661097,33.77,-118.15,3.398
8.0755,52.0,6.253822629969419,1.0795107033639144,722.0,2.207951070336392,37.79,-122.44,5.00001
1.5433,11.0,4.462068965517242,1.0827586206896551,713.0,2.4586206896551723,36.32,-119.65,0.504
3.7454,30.0,4.367170626349892,1.1274298056155507,1196.0,2.583153347732181,33.78,-117.87,1.86
2.375,38.0,4.307065217391305,0.9375,1347.0,3.660326086956522,34.09,-117.32,0.753
3.0533,19.0,4.937190082644628,1.034710743801653,1610.0,2.6611570247933884,38.67,-121.21,1.121
4.2768,29.0,5.530120481927711,0.9578313253012049,417.0,2.5120481927710845,37.75,-121.44,1.513
4.5568,12.0,6.304843304843305,1.094017094017094,1097.0,3.125356125356125,38.65,-120.93,1.701
4.0057,38.0,5.366935483870968,1.0040322580645162,1132.0,2.282258064516129,32.78,-117.2,2.416
2.6154,31.0,3.613924050632912,0.9683544303797468,841.0,5.322784810126582,33.91,-118.22,0.892
2.5,28.0,6.263513513513513,1.114864864864865,542.0,3.6621621621621614,38.69,-121.43,0.962
3.3715,52.0,3.843388960205392,1.0539152759948651,1240.0,1.5917843388960204,37.8,-122.43,5.0
1.25,39.0,4.548223350253807,1.101522842639594,805.0,4.086294416243655,35.36,-119.0,0.425
6.767,52.0,6.454268292682927,1.076219512195122,734.0,2.2378048780487805,37.45,-122.15,5.00001
4.125,52.0,5.792857142857143,1.0809523809523809,1070.0,2.5476190476190474,37.77,-122.5,3.595
1.7679,39.0,5.0,0.8888888888888888,22.0,2.4444444444444446,37.63,-120.92,4.5
4.1635,42.0,3.7222222222222223,0.9869281045751634,1283.0,4.19281045751634,33.95,-118.36,1.639
2.8351,45.0,4.780392156862745,0.9058823529411764,1415.0,2.7745098039215685,38.67,-121.77,1.072
2.7273,25.0,3.6015452538631347,1.0496688741721854,5917.0,3.2654525386313464,37.97,-122.5,1.875
4.7917,34.0,6.112328767123287,0.9863013698630136,1035.0,2.835616438356164,37.25,-121.92,2.432
8.1782,25.0,6.954545454545454,1.0265151515151516,4168.0,2.6313131313131315,33.78,-118.34,5.00001
5.3002,8.0,6.687022900763359,1.089058524173028,1158.0,2.946564885496183,37.98,-121.34,1.917
1.1563,38.0,4.84390243902439,1.2,760.0,3.707317073170732,32.71,-117.13,0.827
4.1843,12.0,6.33008356545961,1.041782729805014,2033.0,2.831476323119777,38.62,-120.91,2.076
2.1581,33.0,4.2727272727272725,0.9431818181818182,267.0,3.034090909090909,33.93,-116.98,0.683
2.5875,17.0,5.381188118811881,1.2574257425742574,522.0,2.584158415841584,39.25,-123.36,1.445
1.7159,25.0,4.56283185840708,1.1221238938053095,2082.0,3.684955752212389,32.99,-115.53,0.622
5.4065,34.0,6.8320610687022905,1.0782442748091603,1694.0,3.232824427480916,34.28,-118.51,2.438
2.3833,52.0,4.638132295719845,1.1245136186770428,772.0,3.0038910505836576,37.8,-122.23,1.469
3.662,8.0,6.619926199261992,1.018450184501845,690.0,2.5461254612546127,34.48,-117.27,1.653
6.091,20.0,7.229166666666667,1.0208333333333333,1319.0,3.053240740740741,33.69,-117.96,2.904
3.6339,28.0,5.592074592074592,1.0163170163170163,1613.0,3.75990675990676,33.87,-118.07,2.201
7.4678,15.0,6.594464500601685,1.0734055354993983,2009.0,2.417569193742479,37.48,-122.29,5.00001
8.0144,16.0,8.19186046511628,1.4186046511627908,970.0,5.6395348837209305,34.07,-118.86,5.00001
2.0694,18.0,6.889855072463768,1.5579710144927537,1366.0,1.9797101449275365,35.72,-118.47,0.812
7.723,36.0,6.343898573692552,1.0253565768621236,1337.0,2.1188589540412046,34.13,-118.16,5.00001
3.8287,35.0,4.857142857142857,1.0930232558139534,1675.0,2.7823920265780733,33.79,-118.32,2.799
5.6383,27.0,6.45841784989858,1.054766734279919,1121.0,2.2738336713995944,36.5,-121.73,3.77
5.1149,22.0,5.696891191709844,0.9352331606217616,1270.0,3.290155440414508,37.31,-121.79,2.357
8.0499,36.0,6.080530973451327,1.0442477876106195,2216.0,1.961061946902655,34.13,-118.36,4.956
3.9625,26.0,4.01878453038674,1.0309392265193371,2249.0,2.4850828729281766,37.34,-121.99,2.629
3.1662,7.0,4.866192170818505,1.008540925266904,3468.0,2.468327402135232,38.48,-122.79,1.91
1.9762,52.0,4.242753623188406,1.1521739130434785,1126.0,4.079710144927536,34.06,-117.75,1.058
2.3984,44.0,3.9127906976744176,1.1569767441860466,1204.0,3.5,34.11,-118.18,1.522
4.6484,2.0,6.406607369758577,1.059720457433291,2784.0,3.537484116899619,37.59,-120.98,1.459
2.589,27.0,3.785234899328859,0.9798657718120806,1511.0,2.0281879194630874,36.98,-122.01,2.424
4.0806,19.0,5.9423076923076925,1.0615384615384615,1621.0,3.1173076923076923,32.9,-116.9,1.892
6.1436,18.0,7.323529411764706,1.0508021390374331,1072.0,2.8663101604278074,37.96,-121.95,2.595
3.6895,14.0,5.316441441441442,1.125,2648.0,2.981981981981982,37.12,-121.65,2.393
3.87,26.0,6.048843187660668,1.0,1420.0,3.650385604113111,34.7,-120.43,1.258
1.7038,13.0,2.6158357771261,1.0703812316715542,2158.0,3.164222873900293,34.04,-118.27,1.181
1.8818,35.0,3.659163987138264,0.977491961414791,1128.0,3.627009646302251,33.99,-118.28,1.0
3.4583,36.0,6.4104803493449785,1.100436681222707,733.0,3.200873362445414,37.7,-122.15,1.926
3.0,24.0,4.626146788990826,0.9541284403669724,900.0,2.0642201834862384,33.92,-117.97,2.514
4.8333,34.0,4.647859922178989,1.0136186770428015,1560.0,3.035019455252918,34.21,-118.59,2.254
8.7385,16.0,8.244623655913978,1.064516129032258,1275.0,3.427419354838709,33.69,-117.79,3.4
2.175,47.0,4.373271889400922,0.967741935483871,574.0,2.6451612903225805,33.98,-118.32,1.147
8.7974,4.0,6.146118721461187,0.9726027397260274,603.0,2.7534246575342465,33.68,-117.82,3.606
7.5,45.0,6.233128834355829,1.0552147239263805,361.0,2.214723926380368,33.78,-118.13,4.345
2.3281,44.0,4.7952755905511815,0.9763779527559056,763.0,3.003937007874016,37.75,-122.17,0.888
4.6776,34.0,5.754137115839243,1.011820330969267,926.0,2.189125295508274,38.05,-122.16,2.083
2.3482,26.0,20.33668341708543,3.527638190954774,571.0,2.869346733668342,37.34,-119.53,1.795
1.6375,18.0,4.566009104704097,1.1229135053110777,2317.0,3.5159332321699543,34.13,-117.33,0.724
2.1833,37.0,4.503386004514673,1.0112866817155757,1559.0,3.5191873589164784,37.47,-121.13,0.927
3.9097,41.0,5.010309278350515,0.9355670103092784,977.0,2.518041237113402,35.36,-119.03,0.813
4.0859,49.0,5.486363636363636,1.1590909090909092,658.0,2.9909090909090907,37.72,-122.46,2.286
1.875,16.0,4.436647173489279,1.1578947368421053,1184.0,2.3079922027290447,32.8,-115.57,0.938
2.595,29.0,5.635627530364372,1.051282051282051,2092.0,2.823211875843455,37.05,-120.87,1.042
4.5,36.0,6.332185886402754,1.0550774526678142,1366.0,2.351118760757315,37.66,-121.01,1.514
8.4411,2.0,10.296296296296296,1.1666666666666667,179.0,3.314814814814815,33.97,-117.78,5.00001
1.95,50.0,4.814814814814815,1.0266666666666666,2300.0,3.4074074074074074,34.0,-118.32,1.126
3.1815,19.0,4.677839851024209,0.947858472998138,1856.0,3.456238361266294,36.93,-121.79,1.891
1.5603,52.0,3.55421686746988,1.1475903614457832,1046.0,3.1506024096385543,33.78,-118.18,1.625
2.875,40.0,4.468822170900693,1.0646651270207852,1616.0,3.7321016166281753,33.92,-118.29,1.202
3.9408,49.0,4.444794952681388,0.9873817034700316,1268.0,4.0,33.97,-118.21,1.706
6.641,2.0,5.483050847457627,1.152542372881356,203.0,1.7203389830508475,37.91,-122.51,3.1
3.0234,31.0,5.464203233256351,1.1131639722863742,1933.0,4.464203233256351,36.86,-119.98,0.65
5.4584,3.0,6.033160621761658,1.1523316062176163,7644.0,2.6404145077720207,32.97,-117.08,2.465
1.8369,17.0,6.194736842105264,1.3526315789473684,775.0,2.039473684210526,35.48,-118.23,0.594
6.5891,17.0,7.254464285714286,1.0669642857142858,703.0,3.138392857142857,38.29,-122.15,3.288
4.196,5.0,5.515682656826568,1.0977859778597785,2679.0,2.4714022140221403,38.11,-121.3,1.717
2.629,38.0,3.905683192261185,1.0157194679564692,3485.0,4.214026602176542,34.06,-118.09,1.716
4.8667,14.0,6.925742574257426,1.136138613861386,1236.0,3.0594059405940595,34.51,-118.07,2.399
2.6774,31.0,5.00392927308448,1.051080550098232,1579.0,3.102161100196464,38.69,-121.78,0.958
4.1797,6.0,6.794212218649518,1.1363344051446946,5690.0,3.659163987138264,34.12,-117.47,1.41
2.5474,40.0,4.8879551820728295,1.0364145658263306,1293.0,3.6218487394957983,34.09,-118.07,1.981
5.1028,42.0,5.837121212121212,1.0606060606060606,753.0,2.852272727272727,34.23,-118.24,2.921
2.9937,27.0,5.33806146572104,1.0094562647754135,1076.0,2.5437352245862885,36.79,-119.77,0.811
2.1842,47.0,5.544502617801047,1.081151832460733,965.0,2.526178010471204,37.76,-122.17,1.079
1.8529,46.0,5.356037151702786,1.043343653250774,752.0,2.328173374613003,36.34,-119.65,0.672
1.9018,39.0,4.127906976744186,1.2005813953488371,1911.0,2.7776162790697674,34.03,-118.33,1.375
9.1508,43.0,7.035128805620609,1.0304449648711944,1088.0,2.548009367681499,37.44,-122.13,5.00001
5.0253,13.0,5.951724137931034,0.9494252873563218,1356.0,3.117241379310345,36.81,-119.68,1.062
3.6348,17.0,5.666666666666667,1.0582706766917294,5030.0,3.1516290726817044,33.05,-116.86,1.645
2.75,39.0,4.109489051094891,1.0072992700729928,682.0,4.978102189781022,34.04,-118.17,1.5
4.108,36.0,5.405144694533762,1.0578778135048232,964.0,3.09967845659164,33.95,-118.02,1.812
3.9875,24.0,6.076517150395778,1.0527704485488127,851.0,2.2453825857519787,33.43,-117.61,3.465
2.6719,52.0,4.691075514874142,1.0045766590389016,1109.0,2.537757437070938,37.78,-122.49,3.185
3.3266,28.0,3.5210199862164027,1.0213645761543764,2313.0,1.5940730530668503,34.02,-118.5,4.833
1.9063,13.0,3.453125,0.984375,286.0,4.46875,33.97,-118.16,1.75
3.0909,30.0,5.503171247357294,1.0718816067653276,1491.0,3.1522198731501057,37.18,-121.06,1.234
2.3526,48.0,3.807073954983923,1.0546623794212218,953.0,3.064308681672025,34.04,-118.32,1.563
1.7763,52.0,3.0526315789473686,1.1578947368421053,249.0,4.368421052631579,34.06,-118.25,3.125
1.9719,42.0,3.6945812807881775,1.0328407224958949,2588.0,4.249589490968801,34.03,-118.19,1.342
2.7483,28.0,4.106508875739645,1.111439842209073,2934.0,2.893491124260355,34.09,-118.14,2.188
4.2875,16.0,5.900462962962963,0.9907407407407408,1486.0,3.439814814814815,34.65,-120.47,1.507
2.865,38.0,4.55614973262032,0.927807486631016,1384.0,3.700534759358289,34.29,-118.43,1.555
6.3302,39.0,7.54,1.068,1265.0,2.53,37.82,-122.2,3.628
4.185,36.0,4.979591836734694,0.9872448979591836,1156.0,2.9489795918367347,34.22,-118.51,2.092
3.6016,36.0,4.213235294117647,0.9522058823529412,1173.0,4.3125,34.25,-118.41,1.538
2.5904,23.0,4.659630606860159,0.9973614775725592,1885.0,2.4868073878627968,36.83,-119.7,0.714
3.5292,36.0,3.7252559726962455,1.0332764505119454,1912.0,1.6313993174061434,33.77,-118.15,3.618
3.4186,6.0,5.66256157635468,1.0270935960591132,2561.0,3.153940886699508,38.53,-121.99,1.273
4.8295,44.0,6.0583941605839415,1.0462287104622872,1305.0,3.1751824817518246,33.95,-118.31,1.496
1.2094,21.0,3.1817116060961315,1.032825322391559,1549.0,1.8159437280187567,33.96,-118.35,1.575
2.4653,38.0,4.130681818181818,0.9829545454545454,559.0,3.176136363636364,36.21,-119.1,0.495
4.174,42.0,6.595317725752508,1.234113712374582,1374.0,2.297658862876254,36.57,-121.92,3.944
2.0,10.0,3.911392405063291,1.0717299578059072,2855.0,3.011603375527426,33.79,-118.29,1.654
3.8274,52.0,5.341959334565619,1.055452865064695,1769.0,3.269870609981516,37.72,-122.44,2.52
1.6368,28.0,4.357446808510638,1.1205673758865249,1375.0,1.950354609929078,38.13,-122.26,0.912
3.0704,18.0,5.365748709122203,1.0611015490533562,4127.0,3.551635111876076,33.19,-117.29,1.516
2.3214,48.0,4.367901234567901,1.0592592592592591,993.0,2.451851851851852,34.04,-118.36,1.394
4.8603,16.0,6.790155440414508,1.077720207253886,1247.0,3.2305699481865284,38.24,-122.6,1.984
4.1528,15.0,7.389355742296919,1.2016806722689075,1289.0,3.610644257703081,36.76,-121.34,3.368
1.4091,34.0,5.785714285714286,1.8571428571428568,53.0,3.7857142857142856,34.63,-117.92,1.375
2.4375,36.0,2.814814814814815,0.96011396011396,1508.0,4.296296296296297,33.99,-118.18,1.548
2.5598,16.0,5.117808219178082,1.0424657534246575,1942.0,2.66027397260274,37.07,-120.83,1.202
3.5114,52.0,5.585131894484412,1.0671462829736211,1144.0,2.7434052757793763,37.77,-122.19,1.512
3.6953,14.0,4.148308135349172,1.107271418286537,3979.0,2.864650827933765,37.32,-121.84,1.926
9.5245,23.0,7.607187112763321,1.023543990086741,2036.0,2.522924411400248,32.82,-117.25,5.00001
3.7292,6.0,4.583333333333333,1.0833333333333333,69.0,2.875,37.8,-121.29,4.75
2.375,10.0,4.064456721915286,1.1860036832412524,2232.0,4.110497237569061,34.95,-120.45,0.985
2.6103,44.0,4.067340067340068,1.202020202020202,603.0,2.0303030303030303,34.41,-119.69,5.0
1.8897,43.0,4.483695652173913,1.1521739130434785,820.0,4.456521739130435,33.97,-118.2,1.743
5.431,8.0,6.424471299093655,1.0709969788519638,1883.0,2.8444108761329305,37.95,-121.97,2.467
2.0089,44.0,4.461240310077519,1.0193798449612403,518.0,2.007751937984496,38.56,-121.48,1.136
3.003,18.0,4.571428571428571,1.1428571428571428,520.0,3.3766233766233764,37.35,-120.57,1.013
4.2404,28.0,6.144654088050315,1.018867924528302,537.0,3.3773584905660377,34.44,-119.84,2.743
2.8676,30.0,6.205882352941177,1.241176470588235,629.0,3.7,37.95,-121.22,0.769
2.8085,16.0,5.648760330578512,1.0351239669421488,1413.0,2.919421487603306,40.46,-122.45,1.057
3.4432,39.0,5.353535353535354,1.0323232323232323,1537.0,3.105050505050505,34.07,-117.63,1.067
2.4091,24.0,4.081534772182255,1.0719424460431657,1240.0,2.973621103117506,34.94,-120.45,1.155
7.2772,36.0,7.858156028368795,1.0591016548463357,1190.0,2.813238770685579,34.23,-118.51,4.772
3.6587,45.0,5.343839541547278,1.0315186246418335,973.0,2.7879656160458453,34.16,-118.27,3.212
3.5536,26.0,6.680365296803653,1.1917808219178083,699.0,3.191780821917808,36.34,-119.63,0.714
3.9224,39.0,5.332727272727273,1.0727272727272728,1886.0,3.429090909090909,34.05,-117.78,1.313
4.6781,52.0,5.399749373433584,1.1804511278195489,1297.0,1.6253132832080202,37.81,-122.43,5.00001
3.2153,42.0,4.783382789317508,1.0504451038575668,1940.0,2.878338278931751,37.36,-121.91,1.997
1.0685,46.0,3.6322314049586777,1.0557851239669422,1094.0,2.260330578512397,38.61,-121.45,0.7
5.0804,22.0,5.596923076923077,1.106153846153846,1329.0,2.0446153846153847,37.38,-122.11,5.00001
3.15,35.0,5.2368421052631575,0.868421052631579,313.0,2.0592105263157894,37.74,-121.42,1.532
1.5313,29.0,5.808219178082192,1.0684931506849316,284.0,3.8904109589041096,36.1,-119.56,0.438
3.6336,27.0,5.319630872483222,1.0813758389261745,2899.0,2.432046979865772,34.14,-117.98,2.352
3.1964,29.0,3.977900552486188,0.9613259668508288,1045.0,5.773480662983426,33.74,-117.88,1.519
3.3622,19.0,5.479713603818616,1.068019093078759,2769.0,3.304295942720764,34.0,-117.36,1.051
4.4477,4.0,5.752631578947368,1.0252631578947369,2844.0,2.993684210526316,33.17,-117.06,1.748
4.3056,30.0,5.036931818181818,1.0113636363636365,905.0,2.571022727272727,33.81,-118.31,3.36
5.8002,19.0,6.610859728506787,0.9434389140271492,1221.0,2.762443438914027,38.32,-122.32,2.387
3.5,46.0,4.748251748251748,1.111888111888112,382.0,2.6713286713286712,34.27,-119.25,2.212
6.541,21.0,7.202439024390244,1.0219512195121951,1397.0,3.407317073170732,34.16,-118.95,2.915
1.1576,44.0,3.279620853080569,0.976303317535545,398.0,1.886255924170616,40.87,-124.09,0.875
2.1977,17.0,2.7805755395683454,1.064748201438849,2423.0,4.357913669064748,34.18,-118.44,1.542
3.4868,27.0,3.139963167587477,1.0644567219152854,2314.0,2.130755064456722,37.4,-122.1,1.656
1.4429,32.0,4.174757281553398,0.9838187702265372,852.0,2.7572815533980584,36.22,-119.35,0.546
3.7841,26.0,6.193146417445483,1.1806853582554515,905.0,2.8193146417445485,39.33,-120.2,1.095
6.981,31.0,6.645833333333333,1.01875,1362.0,2.8375,34.21,-118.33,4.029
2.8646,22.0,4.775047258979206,1.001890359168242,1556.0,2.941398865784499,32.73,-117.01,1.208
5.3168,18.0,6.638888888888889,1.0833333333333333,92.0,2.555555555555556,37.53,-120.88,1.75
2.0096,22.0,4.027027027027027,1.045045045045045,754.0,3.3963963963963963,33.9,-118.26,1.107
1.5045,43.0,4.58968058968059,1.1203931203931203,1061.0,2.6068796068796067,37.82,-122.27,0.938
2.1759,16.0,4.904958677685951,1.078512396694215,1115.0,4.607438016528926,33.62,-114.61,0.615
1.6325,39.0,4.272388059701493,1.0055970149253732,1685.0,3.1436567164179103,36.73,-119.75,0.521
3.2052,28.0,4.002869440459111,1.0731707317073171,1351.0,1.9383070301291248,34.17,-118.39,2.836
3.0132,44.0,4.90566037735849,1.0943396226415094,392.0,3.69811320754717,33.93,-118.36,2.025
1.9676,33.0,5.175895765472313,0.9576547231270358,1102.0,3.58957654723127,36.6,-119.63,0.624
1.7188,45.0,5.008064516129032,1.0403225806451613,257.0,2.0725806451612905,37.77,-120.86,1.094
1.8,32.0,3.9397590361445785,0.9518072289156626,736.0,2.9558232931726907,36.72,-120.06,0.604
2.1447,43.0,4.4526315789473685,1.0421052631578946,946.0,3.319298245614035,32.79,-117.17,1.333
3.1364,25.0,7.626822157434402,1.5947521865889214,581.0,1.6938775510204085,33.76,-116.57,3.016
5.7452,14.0,7.0285087719298245,1.019736842105263,1439.0,3.155701754385965,38.44,-121.34,2.409
1.4801,44.0,2.5813333333333333,1.024,1805.0,4.8133333333333335,34.05,-118.28,2.125
3.2396,14.0,5.092511013215859,0.9515418502202644,574.0,2.5286343612334803,38.37,-121.94,1.438
2.3463,16.0,4.196805111821086,1.0242811501597444,6012.0,3.8415335463258784,36.68,-121.64,1.561
1.6355,31.0,2.338957055214724,1.1196319018404908,2510.0,3.849693251533744,34.05,-118.28,1.625
7.7042,32.0,6.62753807106599,1.0279187817258884,4474.0,2.8388324873096447,33.79,-118.38,5.00001
2.7321,41.0,3.5660377358490565,0.9198113207547168,873.0,4.117924528301887,33.98,-118.17,1.56
4.163,49.0,4.71830985915493,0.98943661971831,660.0,2.323943661971831,37.54,-122.31,3.938
2.5795,52.0,3.5154975530179446,1.1435562805872757,895.0,1.4600326264274062,37.81,-122.25,3.5
3.285,37.0,3.773451327433628,1.0,1369.0,2.423008849557522,33.89,-118.3,2.181
4.25,24.0,5.322147651006712,0.8791946308724832,912.0,3.0604026845637584,33.21,-117.35,1.503
4.2917,37.0,5.868421052631579,1.0296052631578947,788.0,2.5921052631578947,37.96,-122.06,1.896
2.2419,16.0,5.653940886699507,1.1133004926108374,1904.0,2.3448275862068964,39.83,-121.58,0.932
3.3988,48.0,4.697585768742059,1.036848792884371,2446.0,3.108005082592122,34.08,-118.15,1.992
3.1458,41.0,4.481675392670157,0.9319371727748692,571.0,2.9895287958115184,37.74,-122.15,1.306
2.8594,48.0,5.307339449541284,1.1330275229357798,677.0,3.1055045871559632,34.07,-117.76,1.272
3.8185,27.0,5.326359832635983,0.9400278940027894,2447.0,3.4128312412831243,33.14,-117.06,1.372
4.375,38.0,4.8977272727272725,1.0113636363636365,484.0,2.75,33.99,-118.06,1.862
3.7557,16.0,6.282110091743119,1.1009174311926606,1259.0,2.8876146788990824,41.8,-124.17,1.094
2.6981,35.0,5.572327044025157,1.005503144654088,4885.0,3.8404088050314464,38.55,-121.28,1.125
1.9018,39.0,4.127906976744186,1.2005813953488371,1911.0,2.7776162790697674,34.03,-118.33,1.375
2.3333,31.0,3.983416252072968,1.0480928689883913,2830.0,4.693200663349917,34.08,-118.02,1.642
2.5759,43.0,3.814814814814815,1.067901234567901,1151.0,2.3683127572016462,33.73,-118.29,2.25
4.2656,13.0,5.793851717902351,0.9828209764918626,3294.0,2.9783001808318263,39.12,-121.64,1.107
5.6945,36.0,6.191489361702128,1.0212765957446808,124.0,2.6382978723404253,37.59,-120.59,1.542
3.875,15.0,5.058405682715075,1.0757695343330702,3359.0,2.6511444356748224,34.1,-117.87,1.733
2.6065,18.0,5.534883720930233,0.9767441860465116,859.0,2.8538205980066444,36.29,-119.11,0.938
2.0658,29.0,3.575438596491228,1.0140350877192983,2070.0,3.631578947368421,34.04,-118.31,2.146
7.2423,52.0,7.875,1.5,47.0,5.875,33.89,-118.17,3.5
1.75,45.0,4.205607476635514,1.0093457943925233,1798.0,2.4005340453938584,37.93,-122.37,0.379
12.9591,49.0,7.5,0.9973684210526316,1113.0,2.9289473684210527,34.11,-118.29,5.00001
2.0,52.0,5.506410256410256,1.1346153846153846,1026.0,3.2884615384615383,34.0,-118.3,1.28
3.9826,25.0,5.745980707395498,1.0,1108.0,3.562700964630225,33.03,-117.27,2.158
5.0553,2.0,6.22189349112426,1.150887573964497,923.0,2.730769230769231,34.87,-118.19,1.111
2.5673,48.0,5.266187050359712,1.0719424460431657,486.0,3.4964028776978417,34.06,-117.33,0.682
2.879,52.0,3.737864077669903,1.1029126213592233,867.0,1.683495145631068,37.77,-122.42,4.5
5.0677,52.0,6.300813008130081,1.089430894308943,315.0,2.5609756097560976,37.66,-121.87,2.333
4.825,40.0,5.379647749510763,1.1350293542074363,1375.0,2.690802348336595,34.13,-118.22,2.058
3.8203,17.0,6.1923076923076925,1.1121794871794872,874.0,2.801282051282051,34.86,-120.43,1.415
3.6354,22.0,4.235294117647059,1.0349761526232115,1553.0,2.4689984101748808,34.17,-118.28,2.563
1.9348,37.0,4.053691275167785,1.1185682326621924,1640.0,3.668903803131991,33.96,-118.28,0.991
3.8906,46.0,5.426923076923077,1.0096153846153846,1434.0,2.757692307692308,34.09,-118.1,2.383
3.2639,50.0,5.121212121212121,1.0649350649350648,851.0,3.683982683982684,34.03,-118.19,1.426
2.4308,18.0,9.62534435261708,2.25206611570248,2044.0,2.815426997245179,34.26,-116.85,0.906
5.5608,35.0,5.948818897637795,1.078740157480315,873.0,3.437007874015748,34.28,-118.48,2.267
5.4103,33.0,5.275747508305648,0.9601328903654484,683.0,2.2691029900332227,32.81,-117.24,3.324
5.419,6.0,6.692551505546751,1.0649762282091917,1747.0,2.768621236133122,38.73,-121.28,2.674
3.2279,28.0,5.731578947368421,0.9421052631578948,544.0,2.863157894736842,35.51,-119.27,0.958
2.875,26.0,3.980494148244473,1.0975292587776333,2135.0,2.776332899869961,33.79,-118.16,1.64
2.8533,24.0,3.1690140845070425,1.0140845070422535,439.0,6.183098591549296,33.78,-118.19,1.375
4.8214,34.0,5.575242718446602,1.016990291262136,909.0,2.2063106796116503,34.16,-118.06,3.625
2.5739,22.0,4.586160108548168,1.0719131614654005,2199.0,2.983717774762551,34.19,-118.54,2.392
10.6514,33.0,6.981132075471698,0.7924528301886793,153.0,2.8867924528301887,37.39,-122.25,5.00001
6.9326,6.0,7.314775160599572,1.0556745182012848,1319.0,2.8244111349036403,33.03,-117.25,3.246
6.6246,9.0,6.611457036114571,1.0068493150684932,4830.0,3.00747198007472,34.23,-118.99,2.842
3.8631,17.0,3.6359223300970873,1.1407766990291262,1382.0,2.236245954692557,33.82,-117.88,2.25
3.9784,18.0,4.718954248366013,1.0091503267973856,2899.0,3.7895424836601306,34.07,-117.78,1.135
4.5417,25.0,5.065868263473054,0.9860279441117764,1185.0,2.3652694610778444,37.65,-122.1,1.944
2.1496,16.0,5.398176291793313,1.0699088145896656,1801.0,2.737082066869301,40.47,-122.43,0.977
3.6333,30.0,5.431578947368421,0.9473684210526316,288.0,3.031578947368421,36.79,-121.32,2.025
5.6038,34.0,6.626488095238095,1.0148809523809523,1805.0,2.6860119047619047,37.48,-122.26,4.513
1.0531,38.0,3.5411255411255413,0.9393939393939394,953.0,4.125541125541125,32.7,-117.12,0.657
2.0673,27.0,4.039660056657223,1.0311614730878187,792.0,2.2436260623229463,32.76,-117.12,1.188
4.5615,14.0,6.242718446601942,1.0764563106796117,2846.0,3.453883495145631,34.56,-118.08,1.372
3.8643,33.0,5.052536231884058,1.0271739130434785,1682.0,3.0471014492753623,37.73,-122.41,2.762
1.4318,36.0,3.842391304347826,1.2445652173913044,1762.0,2.3940217391304346,34.9,-117.06,0.596
3.2679,49.0,4.385802469135802,1.0339506172839503,1396.0,2.154320987654321,37.76,-122.47,3.457
2.7374,9.0,4.433444259567388,1.0682196339434276,2827.0,2.3519134775374377,38.01,-121.88,1.5
6.1359,52.0,8.275862068965518,1.5172413793103448,6675.0,230.17241379310343,38.69,-121.15,2.25
4.7083,25.0,5.248259860788863,0.9976798143851509,2426.0,2.8143851508120648,37.64,-122.07,1.909
4.375,33.0,4.888040712468193,1.010178117048346,1492.0,3.796437659033079,34.1,-117.92,1.505
3.1442,30.0,5.780487804878049,1.0048780487804878,1248.0,3.0439024390243903,36.7,-119.57,0.723
2.5272,5.0,6.080049261083744,1.4027093596059113,2204.0,2.7142857142857144,34.1,-117.41,0.92
1.4224,33.0,1.819277108433735,1.0,380.0,4.578313253012048,33.98,-118.19,1.896
3.5125,10.0,7.090128755364807,1.356223175965665,725.0,3.111587982832618,33.65,-117.25,1.556
3.9408,34.0,4.402035623409669,1.0865139949109417,1008.0,2.564885496183206,33.8,-118.34,3.277
1.8878,30.0,4.272952853598015,0.9230769230769232,1467.0,3.640198511166253,36.56,-119.62,0.516
4.0368,36.0,4.90084985835694,1.0963172804532575,1099.0,3.113314447592068,34.23,-118.44,1.831
0.4999,15.0,11.596491228070176,2.56140350877193,131.0,2.298245614035088,40.43,-123.32,0.567
4.6547,52.0,4.567340067340068,1.0505050505050506,1370.0,2.3063973063973062,37.74,-122.42,3.257
4.7287,46.0,5.172881355932203,0.994915254237288,1373.0,2.3271186440677964,37.31,-121.91,3.4
2.5833,37.0,4.158536585365853,0.9829268292682928,1839.0,4.485365853658537,33.92,-118.21,1.327
3.05,17.0,5.3837638376383765,1.095940959409594,753.0,2.77859778597786,37.94,-120.29,1.448
2.5625,35.0,6.966101694915254,1.2542372881355932,193.0,3.2711864406779663,37.96,-121.18,1.469
10.8045,44.0,5.494845360824742,0.9278350515463918,291.0,3.0,34.06,-118.42,5.00001
2.8237,34.0,5.203821656050955,1.019108280254777,1906.0,3.035031847133758,38.12,-121.28,1.107
5.9164,23.0,6.605194805194805,1.0077922077922077,1297.0,3.3688311688311687,37.24,-121.83,2.374
5.0942,35.0,5.0,1.015075376884422,615.0,3.090452261306533,37.37,-121.98,2.175
4.1467,52.0,5.6891891891891895,1.0439189189189189,675.0,2.2804054054054053,38.55,-121.48,1.75
1.2065,43.0,3.0084388185654007,1.0337552742616034,880.0,3.7130801687763713,34.0,-118.28,1.036
7.8031,18.0,7.1535087719298245,1.0,599.0,2.6271929824561404,38.58,-121.34,2.672
4.1771,44.0,4.920720720720721,1.0396396396396397,1396.0,2.5153153153153154,33.84,-118.19,2.191
6.2917,14.0,7.310262529832936,1.0167064439140812,1570.0,3.747016706443914,34.04,-117.21,2.247
3.4193,45.0,4.537074148296593,1.006012024048096,1970.0,3.947895791583168,33.73,-117.87,1.77
2.5663,26.0,4.036161335187761,1.0584144645340752,2258.0,3.1404728789986094,36.61,-121.84,1.289
2.712,38.0,4.5895196506550215,1.0873362445414847,799.0,3.489082969432314,34.1,-118.23,1.438
4.5987,12.0,6.527646129541864,1.1216429699842023,2087.0,3.296998420221169,38.26,-122.01,1.397
0.8252,15.0,5.05,1.35,145.0,3.625,39.48,-121.57,0.425
6.91,40.0,4.920454545454546,1.0284090909090908,399.0,2.2670454545454546,34.08,-118.6,3.8
9.5561,27.0,8.094936708860759,0.981012658227848,891.0,2.819620253164557,33.91,-117.92,4.118
7.2929,17.0,6.531120331950207,1.0871369294605808,672.0,2.788381742738589,37.53,-122.51,3.558
4.1181,36.0,4.8753709198813056,1.0356083086053411,1414.0,4.195845697329377,34.23,-118.4,1.727
1.3801,25.0,4.7375,1.725,604.0,2.5166666666666666,33.78,-116.46,0.55
10.4549,22.0,8.388135593220339,1.0610169491525423,1850.0,3.135593220338983,37.94,-122.12,5.00001
1.6675,6.0,5.5115089514066495,1.391304347826087,1039.0,2.657289002557545,34.05,-117.3,0.958
2.4706,28.0,3.833910034602076,0.9826989619377162,1498.0,5.183391003460208,33.9,-118.23,0.888
3.0469,40.0,4.299086757990867,0.906392694063927,1411.0,3.221461187214612,37.71,-122.4,2.38
3.6429,28.0,5.249180327868852,1.0098360655737706,848.0,2.780327868852459,38.69,-121.41,1.052
8.0837,25.0,7.587242026266416,1.0337711069418387,1699.0,3.1876172607879925,37.3,-122.01,3.806
4.63,52.0,6.936542669584245,1.0415754923413567,1027.0,2.2472647702407,38.56,-121.45,2.338
4.1071,29.0,4.871254162042176,0.9689234184239732,2069.0,2.2963374028856824,33.79,-118.33,3.656
2.4653,38.0,4.130681818181818,0.9829545454545454,559.0,3.176136363636364,36.21,-119.1,0.495
5.9254,23.0,6.38872970391595,1.0735434574976122,3081.0,2.9426934097421205,34.06,-117.88,4.912
1.1563,38.0,4.84390243902439,1.2,760.0,3.707317073170732,32.71,-117.13,0.827
1.4668,40.0,5.010752688172043,1.114695340501792,788.0,2.824372759856631,40.79,-124.18,0.646
6.7977,33.0,7.1945205479452055,1.0410958904109588,2041.0,2.795890410958904,34.18,-118.63,3.897
8.7394,23.0,6.951871657754011,1.0641711229946524,917.0,2.4518716577540105,34.44,-119.68,5.00001
6.7172,3.0,11.287383177570094,1.6179906542056075,2497.0,2.917056074766355,33.98,-117.76,2.924
3.1442,50.0,4.507692307692308,1.0038461538461538,685.0,2.6346153846153846,34.02,-118.34,1.303
3.1284,8.0,4.3759873617693525,1.014218009478673,1611.0,2.5450236966824646,38.11,-121.26,1.151
4.0775,28.0,3.9328358208955225,0.996268656716418,1485.0,2.7705223880597014,33.91,-118.35,2.414
4.4306,52.0,5.4665012406947895,1.066997518610422,1238.0,3.0719602977667493,34.09,-118.15,2.258
3.3882,17.0,6.155778894472362,1.1256281407035176,1693.0,2.835845896147404,33.22,-117.22,1.908
3.3836,38.0,5.693581780538302,1.184265010351967,1410.0,2.919254658385093,34.08,-117.65,1.449
2.1957,33.0,3.254368932038835,1.019417475728155,2564.0,4.978640776699029,34.02,-118.25,1.008
2.3333,52.0,3.8073701842546064,1.1105527638190955,1480.0,2.479061976549413,34.09,-118.28,1.965
4.5553,37.0,5.956521739130435,0.9565217391304348,632.0,2.49802371541502,37.71,-122.16,1.91
1.8333,48.0,5.72,1.1714285714285717,605.0,3.4571428571428573,38.54,-121.46,0.582
6.1599,34.0,5.833333333333333,0.9758454106280192,1278.0,3.0869565217391304,33.85,-118.37,3.412
4.6333,27.0,5.177152317880795,1.009933774834437,3257.0,5.392384105960265,37.33,-121.83,1.736
1.6063,20.0,4.88981288981289,1.155925155925156,1217.0,2.5301455301455302,34.13,-116.31,0.554
2.3523,52.0,5.172839506172839,1.0576131687242798,624.0,2.567901234567901,36.33,-119.65,0.591
2.5652,52.0,4.727987421383648,1.0864779874213837,1582.0,2.4874213836477987,37.86,-122.28,1.577
2.8777,13.0,3.60875,1.06625,2197.0,2.74625,33.9,-118.35,2.079
2.8,20.0,5.769423558897243,1.0325814536340852,1205.0,3.020050125313283,39.15,-121.74,0.712
2.4667,30.0,4.234782608695652,0.9884057971014492,1014.0,2.9391304347826086,34.1,-117.65,1.06
7.6012,4.0,7.265682656826568,1.033210332103321,805.0,2.970479704797048,33.47,-117.63,3.108
1.7734,43.0,4.523809523809524,1.1428571428571428,2133.0,3.627551020408163,33.97,-118.29,1.073
4.2098,21.0,5.185425101214575,0.9975708502024292,6047.0,4.896356275303644,37.34,-121.83,1.934
1.9929,30.0,2.682722513089005,1.0041884816753928,3909.0,4.093193717277487,33.98,-118.23,1.506
3.5052,26.0,4.835457705677868,1.034762456546929,2471.0,2.8632676709154112,33.9,-118.11,1.96
5.8777,27.0,5.618510158013544,1.0857787810383748,1082.0,2.4424379232505644,33.63,-117.95,3.588
3.1645,27.0,4.359375,1.0677083333333333,1427.0,2.477430555555556,32.58,-117.13,1.56
5.6716,15.0,6.286050156739812,1.0195924764890285,7732.0,3.029780564263323,33.98,-117.95,3.304
3.744,30.0,4.203488372093023,1.119186046511628,650.0,1.8895348837209305,32.8,-117.26,4.5
4.2639,31.0,5.688770999115826,1.0503978779840848,3540.0,3.129973474801061,34.24,-118.33,2.933
1.9722,28.0,3.7413793103448274,1.4482758620689655,333.0,1.913793103448276,34.01,-118.49,5.00001
2.2721,45.0,4.253112033195021,1.0428769017980637,1635.0,2.2614107883817427,38.31,-122.29,1.398
1.8417,33.0,3.7804878048780486,0.9817073170731708,420.0,2.5609756097560976,32.63,-117.09,1.5
3.6094,42.0,4.900990099009901,0.9570957095709572,971.0,3.2046204620462047,37.95,-122.35,1.146
2.1149,43.0,5.364077669902913,1.1699029126213591,982.0,4.766990291262136,37.32,-121.89,1.849
2.3171,7.0,4.399752475247524,1.062706270627063,4917.0,2.0284653465346536,33.14,-117.1,1.595
1.74,28.0,6.158892128279883,1.217201166180758,1908.0,2.7813411078717203,41.86,-121.93,0.44
3.6488,21.0,4.153649167733675,1.0435339308578746,1423.0,1.82202304737516,34.02,-118.42,3.408
3.4375,17.0,4.155555555555556,1.022222222222222,412.0,2.2888888888888888,37.4,-122.09,2.906
2.0675,25.0,3.1467991169977925,1.0684326710816776,3744.0,4.132450331125828,33.79,-118.2,1.167
3.5625,14.0,5.769349845201238,1.0603715170278638,1741.0,2.695046439628483,38.41,-121.37,1.257
3.1103,33.0,3.819852941176471,0.9411764705882352,1432.0,5.264705882352941,34.21,-119.17,1.435
3.5387,20.0,3.937201365187714,1.0901023890784982,4853.0,3.3126279863481227,33.73,-117.83,1.604
4.7283,11.0,5.421348314606742,0.9812734082397004,1633.0,3.0580524344569286,38.44,-122.76,1.702
6.5648,32.0,7.355844155844156,1.0207792207792208,1033.0,2.6831168831168832,34.03,-117.15,2.372
1.925,41.0,4.012422360248447,1.0372670807453417,1150.0,3.571428571428572,34.03,-118.2,1.352
4.4085,52.0,4.68561872909699,1.060200668896321,2023.0,1.6914715719063544,37.77,-122.44,4.0
3.3942,32.0,4.515037593984962,1.0357142857142858,1020.0,1.9172932330827068,32.81,-117.25,3.074
4.9743,19.0,5.412935323383085,1.0298507462686568,1002.0,2.492537313432836,33.9,-117.9,1.935
7.2692,40.0,6.816425120772947,1.070048309178744,907.0,2.190821256038648,34.13,-118.31,4.987
4.3906,44.0,5.936675461741425,0.9973614775725592,928.0,2.4485488126649075,35.4,-119.0,0.939
3.4852,30.0,3.416204217536071,1.0588235294117647,1561.0,1.732519422863485,34.01,-118.48,4.25
4.1324,44.0,5.129082426127527,0.9564541213063764,1417.0,2.2037325038880247,34.14,-118.11,4.348
4.693,11.0,5.873096446700508,1.0507614213197969,2760.0,2.802030456852792,34.23,-119.01,2.322
6.0758,4.0,6.520361990950226,1.1689291101055808,1479.0,2.230769230769231,34.12,-117.63,2.268
2.1563,22.0,3.653203342618384,1.0194986072423398,1283.0,1.786908077994429,32.76,-117.13,1.271
4.1818,34.0,5.5565610859728505,0.9276018099547512,1289.0,2.916289592760181,33.79,-117.97,2.242
5.6573,19.0,6.713080168776371,1.1772151898734178,891.0,3.759493670886076,33.87,-117.86,2.16
4.2411,27.0,6.436708860759493,1.0791139240506329,768.0,2.430379746835443,35.27,-120.65,2.589
4.0536,34.0,5.455268389662028,1.0755467196819086,1333.0,2.650099403578529,33.96,-118.14,2.772
3.2154,20.0,4.133444338725024,1.0601807802093244,7450.0,1.7721217887725975,34.17,-118.52,2.596
3.9464,32.0,4.95952023988006,1.0764617691154423,1803.0,2.7031484257871066,34.13,-118.02,2.736
6.0672,26.0,5.172506738544475,1.091644204851752,953.0,2.568733153638814,33.99,-118.45,4.208
2.3913,35.0,3.875,1.233108108108108,1016.0,3.4324324324324325,34.08,-118.27,1.988
3.25,46.0,4.972413793103448,1.0804597701149423,925.0,2.126436781609196,37.73,-122.17,1.775
4.4063,32.0,4.687793427230047,1.0023474178403755,944.0,2.215962441314554,33.62,-117.91,5.00001
8.7015,18.0,7.519823788546255,0.9559471365638766,1272.0,2.801762114537445,33.78,-118.05,3.909
1.7568,49.0,3.168646080760095,1.168646080760095,634.0,1.505938242280285,38.57,-121.49,0.938
3.0859,13.0,4.497902097902098,1.06993006993007,1627.0,2.275524475524476,37.95,-121.96,1.678
3.9336,18.0,6.188405797101449,1.207729468599034,1128.0,2.7246376811594204,38.38,-122.93,2.625
1.9583,47.0,5.906976744186046,1.255813953488372,384.0,4.465116279069767,34.06,-117.76,0.926
4.1,30.0,4.576687116564417,1.0552147239263805,1048.0,6.429447852760736,33.73,-117.9,1.664
3.7896,18.0,5.936031331592689,1.010443864229765,2269.0,2.962140992167102,40.52,-122.37,0.981
4.1062,52.0,4.611111111111111,1.0588235294117647,1091.0,3.565359477124183,34.42,-119.71,2.529
4.8906,15.0,5.728132387706856,1.0283687943262412,1366.0,3.2293144208037825,33.54,-117.67,1.818
5.0415,29.0,6.555555555555555,1.0408163265306123,1012.0,2.2947845804988662,38.46,-122.7,2.402
2.7284,21.0,3.2351885098743267,0.9982046678635548,1286.0,2.3087971274685817,33.96,-118.36,1.469
2.675,25.0,6.323741007194244,1.2841726618705036,689.0,2.4784172661870505,38.92,-120.01,1.042
5.2072,20.0,6.170212765957447,0.9627659574468084,543.0,2.8882978723404253,34.24,-117.41,1.643
1.9464,36.0,4.975510204081632,1.053061224489796,639.0,2.608163265306122,37.12,-120.27,0.57
2.5625,18.0,3.473529411764706,1.0382352941176471,781.0,2.297058823529412,33.81,-117.91,1.531
3.5684,7.0,4.670715249662618,1.1592442645074224,1518.0,2.048582995951417,38.03,-121.36,0.787
2.125,41.0,4.782608695652174,1.1014492753623188,776.0,3.748792270531401,33.89,-118.22,1.202
4.1641,16.0,6.404494382022472,1.0187265917602997,1025.0,3.838951310861423,33.14,-117.12,1.636
3.0773,15.0,3.9102902374670174,0.9102902374670184,669.0,1.7651715039577835,34.43,-119.82,1.125
3.1272,11.0,8.136,1.658,918.0,1.836,33.23,-117.14,2.813
5.0956,21.0,5.808917197452229,1.0414012738853504,2266.0,3.6082802547770703,33.7,-117.87,2.46
3.016,6.0,4.883196721311475,1.2418032786885247,1301.0,2.665983606557377,34.14,-117.24,1.075
1.9354,35.0,2.7146984470928133,1.0693391115926327,5899.0,2.1303719754423978,34.1,-118.3,3.4
3.7632,30.0,4.360082304526749,1.0390946502057614,1914.0,1.969135802469136,37.31,-121.94,3.07
2.8542,52.0,5.457831325301205,0.993975903614458,257.0,1.5481927710843373,38.56,-121.44,1.394
2.2569,20.0,5.604,1.12,668.0,2.672,39.74,-122.13,0.943
3.3669,29.0,4.589877835951135,1.0767888307155322,1071.0,1.869109947643979,34.15,-118.37,3.761
2.1979,41.0,3.975378787878788,1.003787878787879,2325.0,4.403409090909091,34.03,-118.17,1.408
3.2564,19.0,4.04102096627165,1.0733819507748406,5005.0,2.281221513217867,34.23,-118.6,2.303
3.5139,31.0,4.591973244147157,1.165551839464883,1973.0,3.29933110367893,33.93,-118.35,1.928
5.3028,35.0,6.026128266033254,0.992874109263658,1161.0,2.75771971496437,34.19,-118.51,2.292
1.3646,44.0,4.344,1.168,506.0,4.048,38.53,-121.47,0.654
1.9643,32.0,3.882249560632689,1.149384885764499,1718.0,3.0193321616871707,34.06,-117.72,1.132
2.6964,14.0,4.718693284936479,1.015426497277677,3221.0,2.922867513611615,37.65,-120.95,1.07
2.3798,17.0,4.784883720930233,0.9593023255813954,750.0,2.1802325581395348,39.74,-121.59,0.838
6.2242,13.0,6.121320890165111,0.9791816223977028,4597.0,3.3000717875089736,33.65,-117.66,2.379
1.6389,24.0,4.8441558441558445,0.9662337662337662,1087.0,2.823376623376624,39.51,-121.58,0.567
2.4926,21.0,4.796341463414634,1.1573170731707316,2219.0,2.7060975609756097,33.94,-118.08,1.714
2.6506,33.0,4.327464788732394,1.0,3091.0,3.6279342723004695,37.47,-122.16,1.626
4.0444,32.0,5.9922720247295205,1.061823802163833,1642.0,2.537867078825348,38.0,-121.34,1.292
2.2125,52.0,5.124293785310734,1.0169491525423728,479.0,2.7062146892655368,38.56,-121.46,1.04
9.0267,16.0,8.569131832797428,1.257234726688103,794.0,2.553054662379421,34.43,-119.61,5.00001
2.652,17.0,5.248543689320388,1.0679611650485437,1241.0,2.4097087378640776,38.3,-122.48,1.713
3.2411,35.0,5.908163265306122,0.9693877551020408,826.0,2.8095238095238093,32.82,-116.94,1.592
2.6352,12.0,5.633967789165447,1.0087847730600292,2008.0,2.939970717423133,40.32,-122.34,0.922
3.7969,14.0,5.105603448275862,1.3017241379310345,1546.0,3.331896551724138,33.91,-118.09,1.594
3.4408,44.0,4.867881548974943,1.0501138952164009,1126.0,2.5649202733485192,33.87,-118.18,1.729
4.2415,41.0,5.105015673981192,1.0642633228840126,1237.0,1.938871473354232,34.12,-118.34,4.096
1.3889,25.0,4.552529182879377,1.0077821011673151,804.0,3.1284046692607004,36.21,-119.36,0.502
3.5556,25.0,4.022012578616352,1.0393081761006289,1183.0,1.860062893081761,34.06,-118.38,5.0
7.1069,16.0,7.683636363636364,1.044848484848485,3132.0,3.796363636363637,33.71,-117.79,3.134
7.4597,31.0,8.275862068965518,1.0758620689655172,1382.0,3.177011494252873,33.95,-117.93,5.00001
2.7159,44.0,5.1054545454545455,1.0636363636363635,1444.0,2.625454545454545,34.1,-117.65,1.393
2.4485,34.0,5.214723926380368,0.9969325153374232,972.0,2.98159509202454,37.65,-120.96,0.955
6.1628,31.0,6.993464052287582,1.0130718954248366,426.0,2.784313725490196,32.77,-117.08,2.192
3.8456,35.0,5.461346633416459,0.9576059850374063,1154.0,2.877805486284289,37.96,-122.05,1.598
4.9355,34.0,6.5625,1.0791666666666666,1392.0,2.9,34.25,-118.25,3.369
3.4,23.0,5.424107142857143,1.0044642857142858,592.0,2.642857142857143,32.77,-117.18,2.006
4.0429,32.0,4.863340563991323,1.0629067245119306,921.0,1.997830802603037,34.02,-118.44,5.00001
4.3182,17.0,6.744416873449132,1.2853598014888337,815.0,2.022332506203474,33.06,-117.34,3.571
3.0114,42.0,3.673521850899743,1.1208226221079691,1537.0,3.951156812339332,33.99,-118.19,1.575
3.7585,19.0,5.112877583465819,1.0588235294117647,1363.0,2.166931637519873,33.96,-117.32,1.445
4.0052,35.0,5.336898395721925,1.074866310160428,1933.0,3.445632798573975,34.1,-117.92,1.607
5.4824,15.0,6.551051051051051,1.036036036036036,2410.0,3.618618618618618,34.0,-117.72,1.797
4.1518,52.0,5.546583850931677,0.9503105590062112,1018.0,3.1614906832298137,34.2,-118.15,1.821
2.3281,28.0,5.8817733990147785,1.3399014778325122,494.0,2.4334975369458127,38.93,-119.98,0.858
7.4382,11.0,10.822651448639157,1.7559262510974538,2450.0,2.151009657594381,33.72,-116.33,3.531
3.75,16.0,5.597916666666666,1.04375,1502.0,3.129166666666667,32.56,-117.1,1.468
6.8469,36.0,8.734265734265735,1.111888111888112,362.0,2.531468531468532,38.6,-121.38,4.464
6.5755,23.0,5.137640449438202,0.9297752808988764,891.0,2.502808988764045,33.87,-118.37,3.599
6.0069,29.0,6.305057096247961,1.3278955954323002,1266.0,2.065252854812398,34.4,-119.63,5.00001
4.8702,33.0,7.047297297297297,1.0608108108108107,425.0,2.871621621621621,37.95,-122.08,2.356
5.0976,34.0,4.325997248968363,1.0811554332874829,1352.0,1.8596973865199449,33.87,-118.4,4.698
3.2333,39.0,5.158441558441559,1.1090909090909091,1041.0,2.703896103896104,37.95,-122.34,1.351
1.528,43.0,4.651515151515151,1.067099567099567,1316.0,2.8484848484848486,33.96,-118.31,1.318
4.0603,37.0,6.164670658682635,1.0449101796407183,825.0,2.470059880239521,33.83,-118.1,2.252
5.575,10.0,6.247572815533981,1.0097087378640777,3242.0,3.1475728155339806,35.39,-119.08,1.322
10.5142,23.0,7.683431952662722,0.9911242603550297,922.0,2.727810650887574,37.34,-122.08,5.00001
5.1017,13.0,7.082857142857143,1.1257142857142857,1075.0,3.071428571428572,37.91,-121.6,2.414
2.0,25.0,4.0,1.126530612244898,896.0,3.657142857142857,34.65,-120.45,0.875
3.2619,25.0,6.193251533742331,1.2607361963190185,888.0,2.723926380368098,38.04,-121.63,1.838
8.203,21.0,7.595463137996219,1.0132325141776937,1508.0,2.850661625708885,34.26,-118.55,4.454
4.6042,21.0,5.359523809523809,1.076190476190476,913.0,2.173809523809524,33.82,-118.2,2.722
2.9506,35.0,5.063457330415755,0.9693654266958424,954.0,2.087527352297593,36.79,-119.81,0.738
4.1467,52.0,5.6891891891891895,1.0439189189189189,675.0,2.2804054054054053,38.55,-121.48,1.75
4.5938,20.0,5.136792452830188,0.981132075471698,531.0,2.504716981132076,36.74,-119.5,1.069
2.1067,24.0,4.2404181184668985,1.0975609756097562,1538.0,2.6794425087108014,38.36,-121.98,1.011
8.0158,13.0,6.298550724637681,1.0115942028985507,891.0,2.582608695652174,37.33,-122.07,4.2
2.775,31.0,5.160493827160494,1.0123456790123455,327.0,4.037037037037037,39.1,-123.16,1.208
4.6071,14.0,5.674698795180723,1.0271084337349397,1884.0,2.8373493975903616,35.28,-120.7,2.399
3.6154,5.0,4.193548387096774,0.9919354838709676,1037.0,2.7876344086021505,38.02,-121.9,1.818
3.7644,14.0,5.7569573283859,1.0556586270871986,1704.0,3.161410018552876,33.26,-117.05,2.647
5.9254,23.0,6.38872970391595,1.0735434574976122,3081.0,2.9426934097421205,34.06,-117.88,4.912
2.2292,28.0,4.476829268292683,1.0804878048780489,1733.0,2.1134146341463413,38.62,-121.4,1.132
3.6107,13.0,5.261096605744125,0.9712793733681462,2248.0,2.9347258485639687,37.8,-121.0,1.413
6.1001,29.0,7.023529411764706,1.035294117647059,474.0,2.788235294117647,33.83,-117.96,2.989
3.6815,17.0,4.765864332603939,1.0437636761487965,1077.0,2.3566739606126914,33.82,-118.03,2.453
6.918,32.0,6.87719298245614,0.9824561403508772,262.0,2.298245614035088,36.59,-121.89,5.00001
4.7431,35.0,4.621730382293762,1.0,1428.0,2.8732394366197185,37.39,-122.02,2.397
2.0786,33.0,4.562589928057554,1.1971223021582733,1591.0,2.289208633093525,38.62,-121.42,0.886
3.4583,41.0,4.582945736434109,1.0852713178294573,1212.0,1.8790697674418604,34.02,-118.45,4.219
3.7969,14.0,5.105603448275862,1.3017241379310345,1546.0,3.331896551724138,33.91,-118.09,1.594
3.8257,13.0,5.584026622296173,0.9800332778702164,1458.0,2.425956738768719,36.97,-120.08,0.942
4.3636,28.0,6.138020833333333,1.0625,1162.0,3.0260416666666665,34.67,-118.22,1.797
4.625,52.0,4.785714285714286,1.0927051671732524,1145.0,1.7401215805471124,37.8,-122.44,5.00001
3.0465,34.0,4.754137115839243,1.115839243498818,1087.0,2.569739952718676,33.91,-118.14,1.878
0.9365,28.0,3.043887147335423,1.134796238244514,1618.0,2.536050156739812,37.96,-121.28,0.525
3.3015,33.0,4.334728033472803,1.122733612273361,1895.0,2.6429567642956764,37.48,-122.23,2.677
4.3646,9.0,7.129436325678497,1.173277661795407,1208.0,2.521920668058455,39.25,-121.18,1.859
2.5833,52.0,3.8233532934131738,0.8532934131736527,954.0,2.856287425149701,34.04,-118.31,2.346
6.1288,18.0,8.154545454545454,1.290909090909091,263.0,2.390909090909091,34.23,-118.66,3.5
4.3468,33.0,4.639815880322209,0.998849252013809,1695.0,1.9505178365937856,34.15,-118.41,4.259
4.2727,47.0,4.612648221343873,0.9881422924901184,953.0,3.766798418972332,37.72,-122.4,2.419
1.1985,39.0,3.879021879021879,1.057915057915058,3212.0,4.133848133848134,33.99,-118.41,2.15
4.1471,37.0,5.435582822085889,0.9846625766871164,934.0,2.8650306748466257,33.95,-118.03,1.778
2.9891,18.0,5.96,1.3854545454545455,1338.0,2.4327272727272726,34.83,-118.95,1.165
5.128,29.0,3.932471264367816,1.160919540229885,1157.0,1.6623563218390804,33.97,-118.5,5.00001
2.1366,23.0,2.269607843137255,1.0024509803921569,1856.0,4.549019607843137,33.92,-118.22,1.0
5.0151,4.0,4.896984924623116,1.150753768844221,868.0,2.180904522613065,34.31,-118.61,2.852
4.675,36.0,5.09375,0.8854166666666666,475.0,2.473958333333333,34.19,-118.55,2.225
3.8646,36.0,4.975395430579965,1.0070298769771528,1462.0,2.5694200351493848,33.84,-118.16,2.146
3.5507,24.0,5.121052631578947,1.0526315789473684,718.0,1.8894736842105264,38.3,-122.45,2.579
5.0346,16.0,6.342696629213483,1.1123595505617978,758.0,4.258426966292135,33.15,-117.14,1.746
2.5224,19.0,3.5606299212598427,1.0110236220472442,3545.0,5.582677165354331,33.74,-117.88,1.485
1.5898,35.0,4.176678445229682,1.0777385159010602,977.0,3.452296819787986,33.95,-118.3,0.94
6.0102,16.0,6.78827361563518,1.026058631921824,1154.0,3.758957654723127,38.01,-122.24,2.356
4.2386,44.0,5.959488272921109,1.0575692963752663,1235.0,2.633262260127932,34.16,-118.1,2.837
4.375,36.0,4.896373056994818,1.0362694300518134,1232.0,3.1917098445595853,33.92,-118.15,1.842
3.4561,20.0,5.451171875,1.06640625,785.0,1.533203125,38.43,-122.59,2.167
5.0395,36.0,4.309352517985611,0.8992805755395683,361.0,2.597122302158273,33.89,-118.13,2.258
7.5813,20.0,8.197943444730077,1.0796915167095116,1234.0,3.172236503856041,37.36,-121.81,3.741
1.9667,2.0,5.715976331360947,1.5976331360946745,233.0,1.378698224852071,34.42,-118.56,4.5
5.3074,18.0,4.617241379310345,0.9793103448275862,761.0,2.6241379310344826,33.03,-117.08,1.372
2.3382,38.0,4.8352941176470585,1.04,1518.0,3.571764705882353,33.9,-118.24,1.03
3.1587,11.0,3.656874265569918,1.045828437132785,1700.0,1.9976498237367804,34.18,-118.31,1.813
4.2137,34.0,4.917710196779964,0.964221824686941,2330.0,4.168157423971378,34.17,-119.17,1.856
5.3767,29.0,5.829032258064516,1.0419354838709678,1234.0,3.9806451612903215,34.22,-118.42,2.33
3.3567,8.0,5.367123287671233,1.0383561643835617,995.0,2.7260273972602738,37.65,-121.04,1.291
3.0114,33.0,4.668094218415417,1.1177730192719486,1634.0,3.498929336188437,33.88,-118.16,1.67
3.066,37.0,4.882706766917293,0.9669172932330828,1737.0,2.61203007518797,37.98,-121.32,0.941
2.3026,25.0,5.543859649122807,1.1578947368421053,613.0,3.584795321637427,36.59,-120.18,0.906
3.6875,37.0,4.158249158249158,1.057239057239057,481.0,1.6195286195286196,37.78,-122.44,4.923
1.6318,19.0,2.909090909090909,0.9937304075235108,845.0,2.6489028213166144,33.2,-117.37,1.875
5.1072,49.0,5.989203778677463,1.0836707152496623,1650.0,2.22672064777328,34.13,-118.14,4.797
3.5982,52.0,5.447457627118644,1.1220338983050848,900.0,3.0508474576271185,33.98,-118.31,0.966
2.3071,41.0,4.444253859348199,1.169811320754717,2366.0,4.058319039451115,34.12,-118.19,1.464
3.4231,15.0,5.442508710801394,0.9581881533101044,961.0,3.3484320557491287,36.2,-119.32,0.833
6.015,41.0,6.794964028776978,1.0827338129496402,802.0,2.884892086330935,33.81,-118.38,4.885
3.125,26.0,4.096774193548387,0.9496774193548388,2460.0,3.174193548387097,34.22,-119.19,2.199
3.7986,38.0,5.35799522673031,1.0596658711217184,1540.0,3.675417661097852,34.01,-118.07,1.71
5.392,52.0,6.870535714285714,0.9464285714285714,535.0,2.388392857142857,32.75,-117.18,4.085
3.1312,19.0,4.137724550898204,1.1437125748502994,324.0,1.9401197604790417,36.91,-122.01,3.885
8.0082,16.0,7.790528233151184,1.029143897996357,1642.0,2.9908925318761383,33.57,-117.66,2.866
2.3687,38.0,4.370967741935484,1.0080645161290325,1019.0,2.739247311827957,34.04,-118.35,1.468
2.2083,47.0,5.167785234899329,1.0827740492170022,1126.0,2.519015659955257,37.5,-120.84,0.973
2.4672,37.0,3.1538461538461537,1.0,645.0,1.7108753315649867,32.75,-117.25,2.167
6.3538,49.0,6.29388560157791,1.017751479289941,1148.0,2.264299802761341,37.9,-122.28,3.337
3.2679,49.0,4.385802469135802,1.0339506172839503,1396.0,2.154320987654321,37.76,-122.47,3.457
3.1563,29.0,3.416141235813367,1.0075662042875158,1238.0,1.5611601513240858,34.02,-118.49,3.3
2.9917,36.0,4.875555555555556,0.9244444444444444,568.0,2.5244444444444443,37.7,-122.16,1.946
2.6221,18.0,4.679197994987469,1.0676691729323309,871.0,2.182957393483709,33.64,-117.94,2.72
4.1837,22.0,5.670781893004115,1.0617283950617284,1849.0,3.8045267489711936,32.7,-117.02,1.254
2.9764,14.0,4.578397212543554,1.1637630662020906,2208.0,3.846689895470383,34.06,-118.11,1.603
3.0469,25.0,6.386666666666667,1.149333333333333,983.0,2.6213333333333333,40.66,-123.74,1.36
4.97,52.0,6.685064935064935,1.12012987012987,800.0,2.5974025974025974,37.57,-122.35,5.00001
4.6094,52.0,6.185542168674699,1.0506024096385542,1119.0,2.6963855421686747,37.76,-122.24,2.293
6.6635,14.0,7.50080775444265,1.0250403877221326,3565.0,2.879644588045234,33.94,-117.37,2.196
4.5246,4.0,6.940845070422535,1.0845070422535212,3096.0,2.907042253521127,38.66,-121.02,1.989
5.1824,32.0,5.641148325358851,1.1961722488038278,369.0,1.7655502392344498,33.72,-118.07,5.00001
4.625,15.0,7.27,1.2033333333333334,1057.0,3.523333333333333,34.72,-118.14,1.181
3.9755,16.0,4.802,0.93,1757.0,3.514,34.09,-117.59,1.204
3.3958,38.0,5.266447368421052,1.1578947368421053,711.0,2.338815789473684,33.79,-118.31,2.5
4.6028,18.0,6.31630648330059,1.1552062868369353,1618.0,3.178781925343811,32.99,-117.09,2.168
7.1576,52.0,10.344827586206897,1.2137931034482758,384.0,2.648275862068965,34.08,-118.45,5.00001
1.9881,37.0,3.600790513833992,0.984189723320158,1961.0,3.875494071146245,34.09,-118.21,1.592
3.707,29.0,5.08411214953271,1.0934579439252337,1632.0,3.8130841121495327,33.82,-117.96,1.804
2.8472,27.0,12.32,2.993333333333333,396.0,2.64,40.16,-123.22,0.413
7.3715,17.0,5.0060975609756095,0.9939024390243902,229.0,1.396341463414634,34.15,-118.16,2.63
4.5116,43.0,4.711590296495957,0.9865229110512128,984.0,2.652291105121294,37.53,-122.3,3.378
5.4584,3.0,6.033160621761658,1.1523316062176163,7644.0,2.6404145077720207,32.97,-117.08,2.465
2.0658,29.0,3.575438596491228,1.0140350877192983,2070.0,3.631578947368421,34.04,-118.31,2.146
13.367,37.0,8.709480122324159,1.003058103975535,852.0,2.6055045871559632,37.47,-122.18,5.00001
2.7483,28.0,4.106508875739645,1.111439842209073,2934.0,2.893491124260355,34.09,-118.14,2.188
4.7917,34.0,6.112328767123287,0.9863013698630136,1035.0,2.835616438356164,37.25,-121.92,2.432
6.8419,16.0,6.822517591868648,1.029710711493354,3789.0,2.962470680218921,34.39,-118.55,3.233
3.5893,26.0,5.411552346570397,1.0469314079422385,755.0,2.7256317689530687,33.84,-117.88,2.385
4.22,33.0,6.278688524590164,1.036885245901639,1355.0,2.776639344262295,32.81,-117.17,1.787
13.1867,34.0,8.75,1.0166666666666666,511.0,2.838888888888889,37.36,-122.11,5.00001
3.8611,18.0,5.974763406940063,1.0063091482649842,846.0,2.668769716088328,35.4,-119.05,1.264
2.9792,37.0,5.393728222996516,1.1428571428571428,863.0,3.0069686411149825,38.73,-122.95,1.513
3.2222,6.0,4.821428571428571,1.0324675324675323,894.0,2.9025974025974026,38.54,-121.96,1.396
4.2685,38.0,5.835051546391752,1.1855670103092784,1124.0,2.8969072164948453,34.26,-118.31,1.896
3.775,14.0,5.519572953736655,1.0569395017793597,785.0,2.793594306049822,38.1,-121.29,1.633
6.6343,52.0,7.166189111747851,1.0372492836676217,748.0,2.1432664756447,34.06,-118.4,5.00001
3.3005,12.0,5.92018779342723,1.0985915492957747,1970.0,3.082942097026604,40.39,-122.37,0.985
3.3889,32.0,4.338730569948186,1.153497409326425,2725.0,1.7648963730569949,33.97,-118.37,2.857
5.2444,33.0,6.753363228699552,1.0523168908819134,1776.0,2.6547085201793723,38.31,-122.26,2.811
5.8362,32.0,6.511029411764706,1.088235294117647,995.0,3.6580882352941178,33.77,-118.01,2.175
3.25,19.0,5.800469483568075,1.011737089201878,1040.0,2.4413145539906105,36.08,-119.03,0.806
15.0001,37.0,8.761061946902656,1.0,697.0,3.084070796460177,34.15,-118.06,5.00001
7.9248,21.0,7.246951219512195,0.9817073170731708,1007.0,3.0701219512195124,34.48,-119.78,5.00001
2.3152,16.0,5.174934725848564,1.0757180156657964,2622.0,3.422976501305483,37.59,-120.94,1.113
3.4559,16.0,5.684931506849315,1.0547945205479452,956.0,4.365296803652968,37.34,-120.5,1.08
3.3583,19.0,5.10377358490566,0.981132075471698,457.0,4.311320754716981,32.87,-115.49,1.028
3.2788,29.0,5.2620689655172415,1.032183908045977,1215.0,2.793103448275862,38.01,-121.3,1.0
4.4444,16.0,6.255555555555556,0.9407407407407408,921.0,3.411111111111111,38.35,-122.69,1.918
4.4213,11.0,7.34593572778828,1.1323251417769375,1605.0,3.034026465028356,37.74,-121.11,1.827
6.3712,9.0,6.762043795620438,1.108029197080292,1724.0,2.5167883211678834,33.02,-117.26,3.698
1.7411,52.0,5.435540069686411,1.2299651567944252,670.0,2.334494773519164,38.11,-122.26,0.984
3.0859,16.0,8.181533646322379,1.5524256651017214,1177.0,1.841940532081377,33.78,-116.45,1.346
2.875,26.0,5.1697612732095495,1.0503978779840848,1575.0,4.177718832891247,34.96,-120.45,1.214
4.4777,44.0,5.604373757455268,1.021868787276342,1258.0,2.5009940357852884,32.69,-117.18,4.528
1.0398,25.0,5.465798045602606,1.1954397394136809,971.0,3.1628664495114007,38.64,-121.44,0.621
3.3438,18.0,5.622596153846154,1.0649038461538465,1097.0,2.637019230769231,35.48,-120.67,1.761
4.8125,21.0,7.02710843373494,1.1355421686746987,1073.0,3.2319277108433737,38.07,-121.18,1.611
4.3882,52.0,5.125964010282776,1.038560411311054,1014.0,2.6066838046272496,37.31,-121.89,2.236
3.3958,42.0,4.523809523809524,1.1904761904761905,643.0,2.5515873015873014,34.18,-118.37,1.784
9.0055,28.0,7.573033707865169,0.9719101123595506,947.0,2.6601123595505616,33.88,-117.9,3.754
6.5356,15.0,5.233333333333333,0.9733333333333334,747.0,1.66,33.66,-117.83,2.728
3.125,30.0,3.791970802919708,1.1058394160583942,606.0,2.2116788321167884,34.03,-118.44,3.438
2.8125,18.0,4.9625,1.1125,239.0,2.9875,33.63,-116.92,1.438
4.0833,41.0,6.598591549295775,1.1126760563380282,396.0,2.788732394366197,36.06,-119.0,0.813
2.5833,37.0,4.158536585365853,0.9829268292682928,1839.0,4.485365853658537,33.92,-118.21,1.327
3.5073,42.0,4.251351351351351,1.0405405405405406,1859.0,2.5121621621621624,33.85,-118.32,2.348
3.0972,31.0,5.359882005899705,1.0973451327433628,992.0,2.926253687315634,38.63,-121.3,1.5
4.1042,36.0,5.822085889570552,1.0061349693251531,502.0,3.079754601226994,33.92,-118.25,1.244
7.3719,22.0,7.104591836734694,1.125,1086.0,2.770408163265306,33.66,-117.95,3.374
3.6953,14.0,4.877419354838709,0.9096774193548388,424.0,2.735483870967742,38.66,-121.36,1.161
4.6042,36.0,5.940919037199125,1.0371991247264771,1303.0,2.851203501094092,33.75,-118.31,3.573
3.5707,29.0,5.50379746835443,1.058227848101266,1030.0,2.607594936708861,34.21,-118.22,3.417
2.9338,18.0,2.866228070175439,0.9671052631578948,884.0,1.9385964912280704,34.0,-118.41,2.763
2.5373,18.0,4.734887108521486,1.031318281136198,2954.0,2.1514930808448653,38.91,-121.06,1.43
2.5068,26.0,4.2406931964056485,1.0673940949935816,4066.0,2.609756097560976,33.86,-118.16,1.563
4.125,32.0,6.151282051282052,0.9846153846153848,1199.0,3.0743589743589745,34.2,-118.86,2.646
2.375,41.0,5.205078125,1.005859375,1664.0,3.25,32.68,-117.06,1.135
2.5221,7.0,5.098591549295775,1.087323943661972,931.0,2.6225352112676057,33.74,-117.22,1.092
2.4505,25.0,4.225388601036269,1.0751295336787563,1045.0,2.7072538860103625,33.2,-117.24,1.475
3.8462,52.0,6.281853281853282,1.0810810810810811,565.0,2.1814671814671813,37.85,-122.25,3.422
6.4459,51.0,6.174509803921569,1.0176470588235291,1082.0,2.1215686274509804,34.1,-118.27,4.216
2.9312,52.0,4.39367816091954,1.1063218390804597,1347.0,3.8706896551724137,37.76,-122.4,2.391
1.8792,41.0,4.254545454545455,0.9484848484848484,765.0,2.3181818181818183,38.61,-121.44,0.633
5.8625,8.0,6.724310776942356,1.0426065162907268,1154.0,2.892230576441103,35.64,-117.7,1.094
2.9201,32.0,3.7255244755244754,1.0926573426573427,1229.0,2.1486013986013988,37.79,-122.55,3.222
7.316,13.0,6.694096601073345,0.992844364937388,1590.0,2.8443649373881934,37.69,-121.92,2.854
3.3897,18.0,8.644951140065146,1.793702497285559,2009.0,2.181324647122693,33.84,-116.57,2.302
10.3983,31.0,7.888888888888889,1.2006172839506173,1530.0,2.361111111111111,33.49,-117.73,5.00001
5.1645,11.0,5.358267716535433,1.0905511811023625,1565.0,3.0807086614173227,33.64,-117.67,1.641
3.1736,23.0,2.495145631067961,1.019417475728155,367.0,1.7815533980582523,37.4,-122.1,1.813
6.776,21.0,6.753371868978806,1.0240847784200386,3331.0,3.2090558766859343,34.37,-118.55,2.781
4.0647,23.0,4.717112922002328,1.1117578579743888,1950.0,2.270081490104773,33.43,-117.62,2.406
5.2815,30.0,6.392434988179669,1.0070921985815602,1289.0,3.0472813238770686,33.69,-117.91,2.295
3.4583,52.0,4.421568627450981,0.8954248366013072,852.0,2.784313725490196,34.16,-118.11,2.399
2.913,31.0,4.560669456066946,1.0502092050209204,955.0,3.99581589958159,34.04,-118.33,1.925
5.8898,22.0,6.445012787723785,0.989769820971867,1338.0,3.421994884910486,33.62,-117.71,2.428
3.8934,52.0,5.567233384853169,1.1406491499227205,2270.0,3.508500772797527,37.73,-122.43,2.518
8.1872,52.0,8.268292682926829,1.032520325203252,1005.0,2.7235772357723578,37.82,-122.23,4.661
2.6147,11.0,6.26813880126183,1.1466876971608833,1610.0,2.539432176656152,39.82,-121.63,1.077
10.8634,20.0,5.903448275862069,0.8551724137931035,395.0,2.7241379310344827,34.03,-117.19,3.818
4.0668,14.0,4.7193460490463215,0.9305177111716622,2139.0,2.9141689373297,32.67,-117.04,1.375
3.8026,49.0,3.944852941176471,0.9558823529411764,725.0,2.6654411764705883,33.85,-118.19,1.497
5.1054,31.0,5.622844827586207,0.9331896551724138,1746.0,3.7629310344827593,37.67,-122.48,2.945
6.7685,21.0,8.452914798206278,1.100896860986547,1410.0,3.161434977578476,32.79,-116.9,2.947
2.3603,27.0,4.07183908045977,1.0718390804597702,814.0,2.339080459770115,32.58,-117.13,1.953
4.0451,27.0,5.03595206391478,1.0266311584553929,1742.0,2.3195739014647137,34.4,-119.71,3.951
1.8652,35.0,3.498533724340176,1.0410557184750733,1784.0,5.231671554252199,34.01,-118.27,1.161
2.4167,22.0,3.618361153262519,1.0364188163884671,5534.0,4.198786039453718,34.15,-119.18,1.92
4.6591,27.0,6.4964200477326965,1.116945107398568,1164.0,2.778042959427208,34.26,-118.49,2.399
7.2118,13.0,6.524752475247524,1.0297029702970295,1137.0,2.8143564356435644,33.68,-117.79,3.115
3.0021,19.0,5.934803451581975,1.299137104506232,2242.0,2.149568552253116,33.72,-116.37,1.523
2.8323,40.0,5.386804657179819,1.0504527813712807,1998.0,2.584734799482536,35.17,-119.46,0.508
3.6625,37.0,5.601607347876005,1.0401836969001148,2076.0,2.383467278989667,32.76,-117.05,1.548
2.725,23.0,5.633738601823708,1.168693009118541,1938.0,2.945288753799392,34.01,-117.35,0.953
4.1304,38.0,4.124413145539906,1.0892018779342725,821.0,1.9272300469483568,33.55,-117.8,4.333
2.726,16.0,4.46218487394958,0.988795518207283,836.0,2.341736694677872,34.17,-119.14,0.675
5.7201,8.0,7.867768595041323,1.0537190082644627,895.0,3.698347107438016,38.03,-121.35,1.557
4.65,36.0,5.5787545787545785,1.006105006105006,1950.0,2.380952380952381,37.71,-122.11,2.068
2.8155,27.0,4.257352941176471,1.0275735294117647,2012.0,3.698529411764706,33.99,-118.12,1.768
3.3322,35.0,4.330316742081448,0.8778280542986425,804.0,3.638009049773756,34.12,-117.9,1.514
3.5607,21.0,6.12106135986733,1.0613598673300166,1758.0,2.915422885572139,38.83,-121.21,1.519
3.625,36.0,5.108527131782946,1.0930232558139534,812.0,2.098191214470284,33.17,-117.35,1.98
3.0909,34.0,5.572944297082228,1.129973474801061,1150.0,3.050397877984085,34.01,-117.43,0.983
2.5556,13.0,4.013201320132013,0.966996699669967,1441.0,2.377887788778878,38.1,-121.28,1.331
2.4961,16.0,5.91044776119403,1.1529850746268655,1011.0,3.772388059701493,35.6,-119.34,0.588
4.9115,31.0,5.231578947368421,0.9596491228070176,1895.0,3.324561403508772,33.84,-117.99,2.555
6.0531,34.0,7.081967213114754,0.9770491803278688,852.0,2.79344262295082,33.84,-117.93,2.871
2.4308,18.0,9.62534435261708,2.25206611570248,2044.0,2.815426997245179,34.26,-116.85,0.906
3.9167,28.0,8.839142091152816,1.8123324396782845,923.0,2.474530831099196,38.38,-123.08,2.326
1.9387,30.0,3.655294117647059,1.1694117647058824,3543.0,4.168235294117647,33.79,-118.19,1.417
3.1702,25.0,4.316570486397362,1.0882110469909316,2529.0,2.084913437757626,37.34,-121.95,2.561
4.5833,27.0,5.817258883248731,0.9593908629441624,595.0,3.020304568527919,34.27,-118.79,1.985
5.1626,40.0,6.067193675889328,1.1264822134387351,1264.0,2.49802371541502,33.83,-118.38,4.327
1.7292,47.0,3.628032345013477,1.0323450134770888,1452.0,3.913746630727762,34.07,-118.21,1.917
2.625,23.0,5.101176470588236,1.183529411764706,1190.0,2.8,36.77,-119.83,0.716
1.4497,25.0,2.7204176334106727,0.988399071925754,2860.0,3.3178654292343386,34.09,-118.3,2.056
3.6111,44.0,4.864022662889519,1.1076487252124645,848.0,2.4022662889518416,34.16,-118.34,2.545
3.015,50.0,3.280334728033473,1.0481171548117154,764.0,1.598326359832636,33.99,-118.47,4.143
2.1889,29.0,4.548654244306419,1.0766045548654244,1374.0,2.8447204968944098,38.63,-121.47,0.693
4.615,36.0,5.566197183098591,1.036619718309859,1236.0,3.4816901408450702,33.95,-118.04,1.74
4.3814,16.0,6.286415711947627,1.0147299509001635,1799.0,2.944353518821604,36.79,-121.74,2.453
5.5771,27.0,5.388297872340425,1.074468085106383,1421.0,2.519503546099291,33.88,-118.38,3.455
6.7741,9.0,6.922063666300768,1.0559824368825466,2581.0,2.8331503841931944,37.96,-122.2,3.107
4.625,52.0,5.3681592039801,1.1044776119402986,439.0,2.18407960199005,34.09,-118.27,2.308
4.5757,15.0,3.610410094637224,1.0820189274447949,982.0,1.5488958990536277,33.7,-117.9,1.625
3.1538,39.0,5.072463768115942,1.0483091787439611,895.0,4.323671497584541,33.92,-118.2,1.556
3.3155,27.0,4.419243986254296,1.2164948453608246,2321.0,2.65864833906071,33.43,-117.62,2.31
2.3125,7.0,5.348684210526316,1.069078947368421,677.0,2.226973684210526,36.85,-121.42,1.708
3.7635,14.0,5.401898734177215,1.268987341772152,1236.0,1.9556962025316456,35.19,-120.81,3.362
3.35,35.0,4.688372093023256,0.9488372093023256,1162.0,5.404651162790698,34.29,-118.41,1.476
5.1629,20.0,6.178787878787879,1.1303030303030304,862.0,2.6121212121212123,37.73,-121.46,2.229
3.3306,15.0,3.912751677852349,1.018216682646213,8793.0,4.215244487056568,37.37,-121.86,2.103
3.3702,52.0,4.576744186046511,1.0976744186046512,784.0,1.8232558139534885,37.76,-122.44,3.7
3.3675,33.0,4.84144645340751,0.9847009735744088,1726.0,2.400556328233658,32.78,-117.02,1.582
2.0042,47.0,4.875739644970414,1.0236686390532543,1120.0,3.3136094674556213,34.02,-118.32,1.142
4.0444,15.0,5.980392156862745,1.0163398692810457,2629.0,4.295751633986928,32.7,-116.99,1.501
3.1364,25.0,7.626822157434402,1.5947521865889214,581.0,1.6938775510204085,33.76,-116.57,3.016
4.9671,24.0,4.188725490196078,1.071078431372549,892.0,2.1862745098039214,37.36,-122.02,3.352
3.4561,20.0,5.451171875,1.06640625,785.0,1.533203125,38.43,-122.59,2.167
2.6074,17.0,4.43801652892562,1.2219598583234947,1722.0,2.0330578512396693,34.1,-117.69,1.375
5.2444,33.0,6.753363228699552,1.0523168908819134,1776.0,2.6547085201793723,38.31,-122.26,2.811
5.7876,33.0,6.117647058823529,0.9963235294117648,759.0,2.7904411764705883,37.27,-122.0,4.158
2.5726,41.0,3.8424015009380863,1.127579737335835,852.0,1.598499061913696,33.77,-118.18,1.938
5.5379,42.0,5.689542483660131,0.9836601307189542,723.0,2.362745098039216,37.92,-122.53,4.105
3.0217,52.0,4.424242424242424,1.0404040404040404,176.0,1.7777777777777777,38.57,-121.47,2.0
1.7694,28.0,4.594444444444444,1.0638888888888889,3201.0,4.445833333333334,37.92,-121.3,0.739
3.119,34.0,4.130890052356021,1.0471204188481675,1041.0,5.450261780104712,33.91,-118.23,0.903
4.5152,14.0,6.478142076502732,1.0327868852459017,2149.0,2.935792349726776,38.46,-122.76,1.992
2.2937,42.0,1.9865470852017937,1.0,582.0,2.609865470852018,34.05,-118.31,3.5
4.7446,15.0,5.164102564102564,1.0743589743589743,839.0,2.151282051282051,33.93,-117.96,1.754
3.5871,30.0,4.098540145985401,1.0072992700729928,1032.0,1.8832116788321167,33.83,-118.19,3.471
2.3182,38.0,3.365432098765432,0.9753086419753086,1798.0,4.439506172839506,34.21,-118.38,1.712
2.6154,44.0,5.156498673740053,1.2148541114058355,981.0,2.6021220159151195,34.02,-118.37,1.932
4.6042,20.0,5.106481481481482,1.0601851851851851,926.0,2.1435185185185186,37.82,-122.0,2.564
1.8438,32.0,5.139817629179332,1.0729483282674772,1457.0,4.428571428571429,34.14,-117.32,0.666
5.2287,37.0,4.3657407407407405,1.0092592592592593,803.0,3.717592592592593,33.82,-118.27,1.911
2.2813,21.0,5.207272727272727,1.0327272727272727,862.0,3.1345454545454547,39.42,-121.71,0.576
4.7216,41.0,5.796791443850268,0.9545454545454546,1171.0,3.1310160427807485,33.69,-118.33,3.119
2.8542,34.0,3.8587786259541983,1.045801526717557,1164.0,4.442748091603053,34.04,-118.19,1.469
1.0714,31.0,3.012323943661972,1.216549295774648,1092.0,1.9225352112676053,33.77,-118.19,1.5
7.8711,34.0,7.923287671232877,1.1315068493150684,903.0,2.473972602739726,37.25,-122.03,5.00001
3.628,14.0,4.477894736842106,1.1305263157894736,1338.0,2.816842105263158,33.72,-117.99,1.885
5.4584,3.0,6.033160621761658,1.1523316062176163,7644.0,2.6404145077720207,32.97,-117.08,2.465
3.0962,38.0,4.4475,1.0325,1061.0,2.6525,37.68,-122.1,1.809
4.5814,24.0,5.796812749003984,1.0677290836653386,2663.0,3.536520584329349,33.71,-117.89,2.333
3.3375,32.0,5.245098039215686,1.026143790849673,986.0,3.2222222222222223,33.85,-117.9,1.862
2.325,35.0,6.908355795148248,1.4285714285714286,861.0,2.320754716981132,36.94,-118.31,0.806
5.1054,31.0,5.622844827586207,0.9331896551724138,1746.0,3.7629310344827593,37.67,-122.48,2.945
2.3924,35.0,5.271428571428571,1.0809523809523809,573.0,2.7285714285714286,37.73,-121.12,1.022
2.1528,10.0,3.4516129032258065,0.946236559139785,462.0,2.4838709677419355,33.98,-117.38,1.625
1.3039,22.0,4.538834951456311,1.171116504854369,2011.0,2.4405339805825244,33.75,-116.97,0.775
1.9797,36.0,5.7421383647798745,1.0345911949685536,1068.0,3.358490566037736,38.96,-121.62,1.188
6.9833,10.0,10.765466297322252,1.853185595567867,2186.0,2.018467220683287,33.69,-116.39,2.388
2.505,11.0,5.459047619047619,1.2457142857142858,1404.0,2.6742857142857144,38.03,-121.3,0.95
3.5329,31.0,4.5,1.0308370044052864,1524.0,3.356828193832599,33.84,-117.9,1.874
2.5643,21.0,4.229224376731302,1.079639889196676,2805.0,1.9425207756232687,34.06,-117.19,1.027
2.551,37.0,4.840466926070039,1.1245136186770428,1854.0,3.607003891050584,37.93,-121.29,0.591
3.5417,16.0,5.311643835616438,0.928082191780822,1010.0,3.458904109589041,36.79,-119.68,0.713
4.53,35.0,5.601415094339623,1.035377358490566,1343.0,3.167452830188679,33.86,-117.95,1.935
6.5226,21.0,5.392996108949417,1.0116731517509727,946.0,3.6809338521400776,37.4,-121.86,2.585
6.2498,19.0,6.428861788617886,1.0416666666666667,3444.0,3.5,37.64,-122.45,3.533
2.0284,52.0,4.511904761904762,1.132936507936508,1167.0,2.3154761904761907,33.98,-117.38,1.016
2.1377,30.0,3.3784135240572173,0.9843953185955788,2869.0,3.730819245773732,34.16,-118.14,1.423
2.625,25.0,59.875,15.3125,28.0,1.75,40.27,-121.25,0.675
3.37,52.0,3.828282828282828,1.0235690235690236,754.0,2.538720538720539,34.08,-118.32,3.303
4.6528,27.0,5.018965517241379,0.9689655172413794,1773.0,3.056896551724138,34.28,-118.71,1.866
1.6792,43.0,3.255357142857143,1.0714285714285714,2339.0,4.176785714285714,33.79,-118.19,1.306
2.3125,18.0,13.440677966101696,2.5084745762711864,186.0,3.152542372881356,39.0,-122.7,1.625
3.1979,36.0,4.543478260869565,1.0391304347826087,1165.0,5.065217391304348,33.93,-118.04,1.618
3.7596,36.0,4.497847919655667,1.0703012912482066,1815.0,2.6040172166427547,33.71,-118.29,3.0
1.5,45.0,2.7683397683397684,1.2104247104247103,735.0,1.4189189189189189,33.77,-118.18,1.625
4.025,16.0,4.90748031496063,1.063976377952756,2805.0,2.7608267716535435,38.0,-122.29,1.732
3.7361,5.0,6.202150537634409,1.219354838709677,1396.0,3.0021505376344084,34.41,-117.51,1.196
4.8889,18.0,5.860894941634241,1.0330739299610896,3360.0,3.268482490272373,34.11,-117.6,1.557
3.1864,28.0,3.845061329890252,1.040671400903809,3571.0,2.305358295674629,37.47,-122.22,2.728
2.85,15.0,2.839517625231911,1.0009276437847867,2173.0,2.015769944341373,34.19,-118.58,1.875
1.7778,38.0,3.3792486583184256,1.0107334525939178,2087.0,3.7334525939177103,33.95,-118.21,1.54
2.5259,30.0,5.508108108108108,1.037837837837838,501.0,2.708108108108108,39.33,-121.8,0.813
3.3348,52.0,4.929133858267717,1.031496062992126,722.0,1.89501312335958,38.56,-121.46,1.228
7.0173,16.0,8.073783359497645,1.023547880690738,2209.0,3.467817896389325,33.67,-117.96,3.821
5.3409,15.0,6.081081081081081,1.0115830115830116,716.0,2.7644787644787643,38.48,-122.68,2.446
3.4167,36.0,5.19634703196347,1.0410958904109588,725.0,3.310502283105023,33.86,-117.99,1.872
2.8295,51.0,4.576666666666667,0.9466666666666668,648.0,2.16,35.39,-119.0,0.721
2.5013,52.0,3.104332449160036,1.0893015030946065,2452.0,2.1679929266136164,37.79,-122.42,2.75
6.8406,41.0,7.394052044609666,1.0074349442379182,666.0,2.475836431226766,34.44,-119.69,5.00001
3.1305,25.0,4.310077519379845,1.124031007751938,985.0,1.9089147286821704,33.64,-117.92,2.688
3.0769,52.0,5.119047619047619,1.1857142857142855,519.0,2.4714285714285715,38.23,-122.64,2.309
3.5714,5.0,4.6938775510204085,1.2693877551020407,648.0,2.6448979591836737,37.49,-121.93,3.0
4.1719,36.0,5.353488372093024,1.0046511627906978,727.0,3.3813953488372093,37.61,-122.04,1.87
4.2589,21.0,6.487684729064039,1.0369458128078817,1376.0,3.3891625615763545,33.98,-117.43,1.522
2.5398,47.0,5.416413373860182,1.027355623100304,1003.0,3.048632218844985,33.94,-118.29,1.057
4.1591,27.0,5.381834215167548,1.101410934744268,3026.0,2.6684303350970016,37.55,-122.0,3.324
3.1103,44.0,4.661849710982659,0.9797687861271676,776.0,2.2427745664739884,37.71,-122.13,1.889
1.8281,44.0,3.78,0.8933333333333333,565.0,3.7666666666666666,34.11,-117.27,0.629
3.7049,34.0,5.366355140186916,1.0859813084112149,1350.0,2.5233644859813085,34.2,-118.51,2.275
3.9107,40.0,6.5,1.1495327102803738,546.0,2.5514018691588785,38.43,-120.79,1.298
3.8643,46.0,4.63490099009901,0.9876237623762376,1502.0,1.858910891089109,34.02,-118.36,1.958
2.3175,26.0,3.813606194690265,1.0381637168141593,8551.0,4.729535398230088,33.97,-118.18,1.545
5.0275,36.0,5.469387755102041,0.9846938775510204,639.0,3.260204081632653,33.83,-117.92,1.793
1.6699,42.0,3.6096822995461424,1.0136157337367624,2327.0,3.520423600605144,34.02,-118.3,1.08
2.4537,10.0,5.583333333333333,0.9839743589743588,721.0,2.310897435897436,39.8,-121.6,1.179
3.0962,35.0,5.200980392156863,0.9803921568627452,1189.0,2.9142156862745097,38.11,-122.21,1.246
3.3269,15.0,5.265107212475634,1.1228070175438596,1245.0,2.426900584795322,35.65,-117.68,0.819
6.101,42.0,6.496815286624204,0.9936305732484076,398.0,2.535031847133758,34.16,-118.0,3.118
6.8976,34.0,6.6122715404699735,1.0287206266318538,1627.0,2.1240208877284594,37.83,-122.21,3.333
4.6333,35.0,5.729166666666667,1.0763888888888888,590.0,4.097222222222222,33.97,-118.08,1.612
3.1875,11.0,5.286178861788618,1.0130081300813008,1700.0,2.7642276422764227,38.67,-121.8,1.72
5.021,23.0,5.4485981308411215,0.9906542056074766,1574.0,2.451713395638629,33.75,-117.81,2.522
2.4,31.0,5.605442176870748,0.9965986394557824,792.0,2.693877551020408,37.67,-120.97,1.215
3.5982,52.0,5.447457627118644,1.1220338983050848,900.0,3.0508474576271185,33.98,-118.31,0.966
3.5492,25.0,4.946043165467626,0.960431654676259,1032.0,3.712230215827338,32.73,-117.04,1.254
8.1189,52.0,8.154761904761905,1.0515873015873016,735.0,2.9166666666666665,37.74,-122.47,5.00001
2.0549,52.0,4.242819843342037,1.0939947780678851,614.0,1.6031331592689295,38.57,-121.46,1.567
1.075,52.0,4.384615384615385,1.0,158.0,6.076923076923077,35.38,-119.01,0.675
1.7546,50.0,1.625514403292181,0.9547325102880658,948.0,3.9012345679012346,34.03,-118.27,1.75
6.0352,23.0,4.831632653061225,1.0612244897959184,769.0,1.961734693877551,34.12,-118.33,5.00001
1.4688,40.0,4.32,1.0666666666666669,761.0,3.382222222222222,33.91,-118.24,0.882
2.8542,52.0,4.497237569060774,1.1933701657458564,327.0,1.806629834254144,38.56,-121.48,1.25
2.2267,25.0,3.2448979591836733,1.0680272108843538,1412.0,2.401360544217687,34.14,-118.21,1.898
2.3199,15.0,3.130311614730878,0.983947119924457,2749.0,2.595845136921624,37.37,-121.84,1.401
1.7857,25.0,5.019354838709678,0.8709677419354839,340.0,2.193548387096774,38.81,-121.58,2.583
1.2411,52.0,3.441860465116279,1.255813953488372,630.0,2.441860465116279,37.96,-121.29,1.125
2.0268,17.0,6.190082644628099,1.3677685950413223,574.0,2.371900826446281,40.67,-122.95,0.942
7.2986,24.0,6.424817518248175,1.018978102189781,1818.0,2.654014598540146,37.31,-122.07,5.00001
2.0216,17.0,4.581967213114754,1.1065573770491803,560.0,2.295081967213114,37.09,-121.02,1.125
1.8419,18.0,6.946268656716418,1.9164179104477608,799.0,2.385074626865672,35.74,-118.31,0.923
4.0687,38.0,4.832080200501253,1.075187969924812,1358.0,3.4035087719298245,33.84,-118.22,1.603
3.5035,37.0,3.938697318007663,1.053639846743295,904.0,3.4636015325670497,37.7,-122.46,2.386
4.6364,17.0,6.16986301369863,1.0356164383561643,1776.0,4.865753424657535,32.57,-117.06,1.411
3.1875,5.0,5.3788927335640135,1.0968858131487889,1823.0,3.1539792387543253,33.24,-117.29,1.538
5.8587,52.0,5.885922330097087,1.055825242718447,962.0,2.33495145631068,34.04,-118.43,4.947
5.2001,16.0,6.118892508143323,1.0586319218241045,1291.0,2.1026058631921822,33.75,-118.04,2.356
6.3835,31.0,10.211764705882352,1.4705882352941178,497.0,2.9235294117647057,36.61,-121.95,4.078
1.9402,43.0,2.8190709046454767,1.0048899755501222,1667.0,4.075794621026895,34.05,-118.22,1.393
1.5455,13.0,5.822222222222222,1.4333333333333331,215.0,2.388888888888889,38.94,-122.62,0.55
3.0962,36.0,4.746421267893661,0.9304703476482618,1168.0,2.388548057259713,39.15,-121.62,0.74
4.625,52.0,4.785714285714286,1.0927051671732524,1145.0,1.7401215805471124,37.8,-122.44,5.00001
2.4286,25.0,4.0462633451957295,1.0427046263345197,800.0,2.846975088967972,34.06,-118.12,2.333
5.163,24.0,5.5,1.0116279069767442,2465.0,2.605708245243129,33.72,-118.03,2.61
4.2542,16.0,6.048561151079137,1.0989208633093526,1603.0,2.883093525179856,36.97,-122.05,2.941
8.3996,15.0,7.946778711484594,1.0476190476190477,2412.0,3.3781512605042017,37.56,-121.94,4.429
1.9647,23.0,4.093220338983051,1.0317796610169492,1380.0,2.9237288135593222,35.29,-120.66,2.536
2.0959,36.0,5.240384615384615,1.0934065934065933,2945.0,4.045329670329671,32.68,-117.06,1.25
3.6853,10.0,6.716923076923077,1.1353846153846154,1061.0,3.2646153846153845,40.63,-122.34,1.516
4.3542,34.0,5.578313253012048,0.9698795180722892,978.0,2.9457831325301207,33.2,-117.27,1.569
1.3302,38.0,4.37958115183246,1.044502617801047,1116.0,2.9214659685863875,38.63,-121.44,0.622
2.7483,28.0,4.106508875739645,1.111439842209073,2934.0,2.893491124260355,34.09,-118.14,2.188
2.6563,30.0,5.223175965665236,1.0214592274678111,677.0,2.9055793991416308,39.49,-121.52,0.636
2.7391,44.0,4.406896551724138,1.0206896551724138,936.0,2.1517241379310343,37.94,-122.34,1.403
2.1333,31.0,3.93065693430657,1.094890510948905,1198.0,4.372262773722627,34.07,-118.21,1.602
2.3523,28.0,5.206896551724138,1.0,535.0,2.306034482758621,37.77,-120.86,0.947
1.7805,32.0,4.199831365935919,1.118043844856661,3779.0,3.186340640809444,33.72,-116.23,0.769
3.449,15.0,5.151515151515151,1.0524475524475525,2373.0,2.765734265734266,34.03,-117.65,1.491
3.8616,8.0,6.19,1.088,2967.0,2.967,38.55,-122.82,1.951
2.8608,30.0,3.641340782122905,1.0525139664804468,2744.0,3.065921787709497,33.91,-118.08,1.656
4.1587,43.0,5.861495844875346,1.1274238227146811,900.0,2.4930747922437675,37.92,-122.31,2.122
3.1944,40.0,4.43859649122807,1.043859649122807,397.0,3.482456140350877,34.07,-118.23,1.438
2.6648,39.0,5.598705501618123,1.0032362459546926,899.0,2.9093851132686086,36.4,-119.18,1.292
7.9248,21.0,7.246951219512195,0.9817073170731708,1007.0,3.0701219512195124,34.48,-119.78,5.00001
3.8125,43.0,6.152173913043479,1.059782608695652,931.0,2.529891304347826,37.73,-122.14,2.351
1.1458,48.0,3.2470238095238093,1.199404761904762,926.0,2.755952380952381,38.55,-121.47,0.654
1.7875,17.0,6.103174603174603,1.626984126984127,301.0,2.388888888888889,40.61,-123.41,0.55
2.3924,35.0,5.271428571428571,1.0809523809523809,573.0,2.7285714285714286,37.73,-121.12,1.022
3.8611,37.0,5.429223744292237,1.1324200913242009,627.0,2.863013698630137,39.22,-121.64,1.0
4.35,44.0,5.17948717948718,1.0769230769230769,142.0,3.641025641025641,39.17,-122.91,0.683
6.235,44.0,5.92972972972973,1.0054054054054054,513.0,2.772972972972973,33.97,-118.39,3.614
3.5278,32.0,3.878524945770065,0.9956616052060736,1131.0,2.453362255965293,33.88,-118.13,1.661
6.0247,41.0,6.302816901408451,1.2711267605633805,540.0,1.9014084507042253,33.61,-117.89,5.00001
1.9107,15.0,5.951923076923077,1.5384615384615383,287.0,2.7596153846153846,40.79,-123.48,0.792
3.5426,26.0,5.301321585903084,1.096035242290749,2673.0,2.3550660792951543,33.66,-117.88,2.954
1.1346,17.0,1.8680738786279685,1.02726473175022,3915.0,3.4432717678100264,34.06,-118.27,1.375
10.2317,52.0,7.656593406593407,0.9697802197802198,1057.0,2.9038461538461537,34.11,-118.12,5.00001
1.275,46.0,3.751091703056769,1.0232896652110626,2446.0,3.5604075691411934,33.99,-118.28,0.983
1.9583,47.0,5.906976744186046,1.255813953488372,384.0,4.465116279069767,34.06,-117.76,0.926
3.9265,31.0,5.062857142857143,1.008571428571429,1090.0,3.1142857142857143,32.83,-117.18,1.62
7.8601,16.0,7.922190201729107,1.0504322766570606,2051.0,2.9553314121037464,37.15,-121.61,4.163
2.809,20.0,4.305135951661631,1.1132930513595165,1855.0,2.802114803625378,33.9,-118.15,1.446
5.4694,25.0,5.360441075120606,1.0289455547898,4674.0,3.221226740179187,37.66,-122.53,2.724
5.0893,25.0,4.393530997304582,0.9514824797843666,1546.0,4.16711590296496,37.47,-122.13,1.734
10.5511,19.0,8.986206896551725,1.0689655172413792,450.0,3.103448275862069,34.14,-118.59,4.831
1.9127,15.0,2.843642611683849,1.075601374570447,1549.0,2.661512027491409,33.88,-117.89,1.75
4.0536,36.0,6.597701149425287,1.0727969348659003,830.0,3.1800766283524906,33.94,-118.32,1.89
2.6583,52.0,4.310204081632653,0.9142857142857144,792.0,3.23265306122449,37.78,-122.21,1.426
1.4005,43.0,2.5077639751552794,1.139751552795031,1460.0,2.267080745341615,34.1,-118.32,1.938
4.0268,44.0,5.657718120805369,0.9563758389261744,712.0,2.389261744966443,32.74,-117.24,2.986
3.8906,30.0,5.630813953488372,1.0203488372093024,945.0,2.747093023255814,34.17,-117.26,1.237
1.869,43.0,5.966911764705882,1.0808823529411764,781.0,2.8713235294117645,36.76,-119.77,0.56
1.9871,35.0,5.1248073959938365,1.072419106317411,2511.0,3.869029275808937,38.62,-121.46,0.609
2.8015,40.0,3.659259259259259,0.8444444444444444,547.0,4.051851851851852,37.77,-122.22,1.148
2.6902,15.0,5.087064676616915,1.1467661691542288,1121.0,2.788557213930348,40.43,-120.57,0.715
2.1,51.0,3.1818181818181817,0.7818181818181819,228.0,4.1454545454545455,37.79,-122.25,0.75
1.5662,28.0,3.8308823529411766,0.9877450980392156,1564.0,3.8333333333333335,36.97,-120.07,0.48
3.4688,8.0,5.811145510835913,1.4829721362229102,884.0,2.736842105263158,38.85,-120.71,1.201
5.5551,9.0,6.709507042253521,1.0651408450704225,1518.0,2.672535211267605,35.55,-117.68,1.425
3.375,36.0,4.941176470588236,0.7058823529411765,29.0,1.7058823529411764,34.47,-118.48,1.875
1.875,15.0,4.294117647058823,1.1490196078431372,1570.0,3.07843137254902,36.61,-121.84,1.223
2.7679,50.0,5.025821596244131,1.0586854460093895,1777.0,4.171361502347418,34.11,-118.24,1.788
7.7773,33.0,6.546583850931677,1.2981366459627328,400.0,2.484472049689441,37.34,-122.38,4.563
4.5272,17.0,5.895161290322581,1.0376344086021505,1148.0,3.086021505376344,38.36,-121.29,1.917
1.6652,34.0,3.8755244755244753,1.1216783216783217,2782.0,3.890909090909091,33.97,-118.28,0.99
5.6112,20.0,5.417536534446764,0.8935281837160751,1751.0,3.65553235908142,34.03,-118.12,3.08
3.9063,52.0,4.569696969696969,1.0606060606060606,447.0,2.709090909090909,37.76,-122.18,0.938
4.061,27.0,5.074300699300699,1.006993006993007,3106.0,2.715034965034965,33.92,-117.99,2.227
5.1586,29.0,5.357407407407408,1.0055555555555555,1636.0,3.0296296296296297,34.21,-118.42,2.374
2.1458,30.0,5.153184165232358,1.2753872633390706,1481.0,2.549053356282272,35.62,-117.68,0.524
5.4868,7.0,6.466101694915254,0.9661016949152542,1077.0,3.042372881355932,36.84,-119.82,1.588
3.0357,7.0,5.541490857946554,1.0745428973277074,2140.0,3.009845288326301,34.54,-117.36,0.913
4.6864,35.0,6.450495049504951,1.1064356435643563,1555.0,3.849009900990099,34.29,-118.44,1.938
2.75,37.0,4.069915254237288,1.0635593220338984,811.0,1.7182203389830508,32.76,-117.15,1.75
1.6037,44.0,2.767391304347826,1.0304347826086957,1754.0,3.8130434782608695,34.05,-118.28,2.75
5.2463,16.0,5.95703125,1.091796875,1444.0,2.8203125,32.96,-117.12,1.563
1.6896,21.0,3.527363184079602,1.0912106135986732,1812.0,3.004975124378109,32.75,-117.11,1.0
1.7868,25.0,5.852739726027397,1.5034246575342465,632.0,2.164383561643836,36.13,-117.69,0.455
3.0952,23.0,5.801324503311259,1.1015452538631347,1210.0,2.671081677704194,38.65,-121.32,1.577
2.6429,33.0,4.494565217391305,1.0434782608695652,981.0,5.331521739130435,34.25,-118.41,1.431
1.7986,32.0,3.6473429951690814,0.9903381642512076,681.0,3.289855072463768,36.68,-119.73,0.493
4.056,35.0,4.246376811594203,1.1188405797101448,1104.0,3.2,34.0,-118.39,3.391
3.6128,10.0,3.832352941176471,1.1,1373.0,2.0191176470588235,34.16,-118.37,2.25
2.5559,29.0,4.440476190476191,1.0376984126984128,2061.0,4.089285714285714,32.71,-117.09,0.968
4.8,31.0,5.546875,0.9732142857142856,942.0,2.102678571428572,32.78,-117.06,2.208
3.4,27.0,5.049459041731066,1.17774343122102,2099.0,3.244204018547141,33.9,-118.3,2.241
5.2736,35.0,6.009732360097324,1.0121654501216546,1386.0,3.372262773722628,33.93,-118.03,1.795
4.225,12.0,9.979166666666666,1.8611111111111112,395.0,2.743055555555556,38.87,-120.0,1.276
4.226,52.0,5.011764705882353,1.0911764705882352,663.0,1.95,37.77,-122.26,2.75
2.2269,17.0,5.020435967302452,1.055858310626703,1714.0,2.335149863760218,38.74,-120.83,1.283
2.1212,16.0,5.330532212885154,1.112044817927171,1501.0,2.1022408963585435,37.35,-118.18,1.083
3.1546,34.0,4.669576059850374,1.1945137157107233,1622.0,2.0224438902743143,36.98,-121.95,2.612
4.4615,16.0,4.774818401937046,0.973365617433414,1377.0,3.334140435835351,32.92,-117.15,1.683
1.4917,35.0,3.847290640394089,0.9926108374384236,1587.0,3.908866995073892,33.93,-118.26,0.932
2.6328,11.0,4.129438717067584,1.0080183276059564,3637.0,4.166093928980527,33.89,-118.17,1.607
5.2923,5.0,4.363380281690141,1.064788732394366,735.0,2.0704225352112675,33.7,-117.8,1.94
4.1716,11.0,5.472144063027574,1.0106921778277995,5247.0,2.952729319077096,32.85,-116.96,1.661
2.3667,11.0,4.559602649006623,1.097682119205298,1328.0,2.198675496688742,36.83,-119.78,0.693
7.7042,32.0,6.62753807106599,1.0279187817258884,4474.0,2.8388324873096447,33.79,-118.38,5.00001
3.9866,36.0,6.360128617363344,1.0836012861736335,834.0,2.6816720257234725,34.2,-118.32,2.944
4.1042,36.0,5.822085889570552,1.0061349693251531,502.0,3.079754601226994,33.92,-118.25,1.244
3.4009,22.0,6.2148337595907925,1.0664961636828645,1292.0,3.3043478260869565,37.76,-121.25,1.824
2.6397,23.0,4.098550724637681,1.0579710144927537,889.0,2.576811594202898,34.39,-119.52,2.5
2.2357,30.0,5.152406417112299,1.0508021390374331,996.0,2.663101604278075,40.5,-124.1,0.723
4.1607,52.0,4.683363148479428,1.0930232558139534,1328.0,2.37567084078712,37.8,-122.41,3.5
5.5111,9.0,6.536656891495602,1.0410557184750733,788.0,2.310850439882698,38.77,-120.93,1.963
3.3567,8.0,5.367123287671233,1.0383561643835617,995.0,2.7260273972602738,37.65,-121.04,1.291
3.33,15.0,4.90979381443299,1.0721649484536082,1258.0,3.242268041237113,33.23,-117.33,1.279
3.5972,26.0,5.285714285714286,1.227405247813411,1235.0,3.6005830903790086,33.78,-117.88,1.875
3.8456,33.0,5.057755775577558,1.0082508250825082,2204.0,3.636963696369637,33.83,-117.9,2.118
6.0857,5.0,6.208558371416701,1.0344827586206895,6600.0,2.7420024927295388,32.93,-117.08,3.083
1.3169,47.0,2.1530944625407167,1.1693811074918568,1406.0,4.579804560260587,34.05,-118.27,1.125
5.7652,18.0,6.6895874263261295,1.0923379174852652,1945.0,3.821218074656189,33.87,-118.07,2.991
2.875,30.0,4.731152204836415,1.0611664295874823,1704.0,2.4238975817923185,37.77,-122.17,1.353
4.1514,10.0,5.4706439393939394,1.053030303030303,2917.0,2.762310606060606,34.32,-118.46,1.941
3.475,11.0,5.549222797927461,1.0949913644214162,1975.0,3.41105354058722,33.03,-116.9,1.672
3.0882,14.0,7.001727115716753,1.359240069084629,1581.0,2.7305699481865284,34.95,-119.16,1.482
5.4688,38.0,6.262135922330097,1.203883495145631,265.0,2.5728155339805827,37.47,-122.25,3.05
6.1359,14.0,22.823529411764707,6.352941176470588,35.0,2.0588235294117645,40.12,-121.78,1.063
7.1497,21.0,6.755244755244755,0.93006993006993,860.0,3.006993006993007,33.61,-117.66,2.74
4.745,28.0,6.313932980599647,1.0776014109347445,1634.0,2.8818342151675487,38.46,-122.81,2.486
3.0938,34.0,5.424568965517241,1.040948275862069,1324.0,2.853448275862069,38.58,-122.45,1.894
2.7401,41.0,5.412,1.144,751.0,3.004,33.94,-118.31,1.317
2.4375,29.0,6.74496644295302,1.0201342281879195,513.0,3.442953020134228,33.99,-117.64,1.813
3.1859,26.0,5.838323353293413,1.1477045908183632,1921.0,3.834331337325349,33.94,-117.6,1.531
5.5259,52.0,5.943786982248521,1.0,841.0,2.4881656804733727,37.33,-121.92,2.958
4.6349,31.0,6.052795031055901,1.0683229813664596,986.0,3.062111801242236,37.54,-121.97,1.962
4.7273,23.0,5.506306306306306,1.0018018018018018,1508.0,2.717117117117117,33.73,-117.81,2.342
4.0556,19.0,10.920529801324504,2.172185430463576,382.0,2.529801324503312,34.31,-116.86,1.33
3.2383,18.0,4.4557926829268295,1.021341463414634,1751.0,2.669207317073171,34.11,-117.88,1.57
3.0905,38.0,5.951648351648352,1.010989010989011,1260.0,2.769230769230769,36.22,-119.34,0.782
1.6267,23.0,4.263586956521739,1.125,1031.0,2.801630434782609,38.42,-122.71,1.292
2.0781,41.0,4.7981220657277,0.9812206572769951,741.0,3.4788732394366195,36.75,-119.82,0.488
4.4896,31.0,4.52542372881356,1.0112994350282485,1179.0,3.330508474576271,37.36,-121.86,1.568
2.6563,36.0,3.072607260726073,0.9207920792079208,778.0,2.567656765676568,33.86,-117.93,1.55
3.1635,34.0,5.767650834403081,1.0757381258023109,2335.0,2.9974326059050065,34.52,-117.3,0.743
2.64,45.0,4.847494553376906,1.0588235294117647,1304.0,2.840958605664488,37.93,-122.34,1.121
5.8661,16.0,7.888888888888889,1.1071428571428572,770.0,3.055555555555556,33.06,-117.16,4.045
4.4097,34.0,6.37888198757764,1.031055900621118,1659.0,2.5760869565217392,32.78,-117.19,2.52
4.2083,26.0,5.366323907455013,1.1375321336760926,2118.0,2.7223650385604112,34.18,-118.53,2.403
2.6458,41.0,4.710743801652892,1.115702479338843,466.0,3.851239669421488,33.93,-118.27,0.913
2.6062,33.0,6.997518610421836,1.2779156327543424,976.0,2.4218362282878414,41.4,-120.12,0.526
5.17,39.0,6.190804597701149,1.0988505747126436,1219.0,2.802298850574713,34.16,-118.52,3.354
2.809,20.0,4.305135951661631,1.1132930513595165,1855.0,2.802114803625378,33.9,-118.15,1.446
2.4145,14.0,5.838709677419355,1.1370967741935485,2708.0,2.183870967741936,33.77,-116.94,1.376
3.0341,27.0,4.541554959785523,1.0536193029490617,1890.0,5.067024128686327,33.91,-118.23,0.891
5.5,30.0,6.004651162790697,1.069767441860465,835.0,3.883720930232558,33.79,-118.26,1.815
1.9694,14.0,6.853745541022592,1.1961950059453033,1876.0,2.2306777645659928,34.05,-117.07,1.732
5.136,15.0,9.466666666666669,1.3777777777777778,133.0,2.955555555555556,33.52,-117.55,4.474
2.5769,35.0,4.870090634441088,1.0694864048338368,887.0,2.6797583081570995,37.95,-122.32,1.461
5.3416,31.0,5.444759206798867,0.9320113314447592,1030.0,2.917847025495751,33.85,-118.02,2.13
4.108,36.0,5.405144694533762,1.0578778135048232,964.0,3.09967845659164,33.95,-118.02,1.812
2.8622,26.0,4.516501650165017,1.0132013201320131,1877.0,3.097359735973597,33.79,-117.92,1.843
1.5326,52.0,3.676795580110497,0.9558011049723756,1144.0,3.160220994475138,33.97,-118.26,0.906
1.9821,23.0,4.805763073639274,1.2337246531483457,3264.0,3.4834578441835644,34.06,-117.25,0.93
3.2875,6.0,8.00625,1.53125,422.0,2.6375,38.04,-120.3,1.113
4.9886,8.0,7.050669772859639,1.1141525917297612,5810.0,3.3838089691322075,33.98,-117.47,1.581
1.2188,40.0,3.882911392405063,1.0443037974683544,1199.0,3.794303797468354,32.7,-117.14,0.925
5.1046,27.0,6.094285714285714,0.9914285714285714,850.0,2.4285714285714284,37.98,-122.29,2.098
2.0363,31.0,4.9326599326599325,1.02020202020202,1013.0,3.410774410774411,36.39,-119.21,0.535
2.5978,17.0,4.316920322291853,1.0456580125335722,3868.0,3.4628469113697404,33.83,-118.07,1.429
3.7065,36.0,5.235807860262009,1.1353711790393013,665.0,2.903930131004367,34.89,-117.05,0.62
2.8088,18.0,3.675555555555556,1.12,1763.0,2.611851851851852,34.15,-118.26,2.475
5.5342,9.0,4.61070110701107,0.9077490774907748,1111.0,2.049815498154981,33.64,-117.75,1.823
2.1389,39.0,4.22680412371134,1.090721649484536,1959.0,4.039175257731959,33.96,-118.21,1.689
2.4659,32.0,5.356415478615071,1.1384928716904277,1069.0,2.177189409368636,33.86,-118.15,2.09
5.7519,27.0,7.331775700934579,1.1308411214953271,583.0,2.7242990654205608,37.66,-121.87,2.785
3.8317,9.0,4.732510288065844,1.1810699588477367,377.0,1.551440329218107,37.56,-122.32,2.375
1.7159,25.0,4.56283185840708,1.1221238938053095,2082.0,3.684955752212389,32.99,-115.53,0.622
2.3571,36.0,5.069026548672566,1.0672566371681416,1155.0,2.04424778761062,37.99,-120.38,1.134
3.7949,13.0,5.832258064516129,1.0725806451612905,2189.0,3.5306451612903227,34.17,-117.33,1.063
3.3427,16.0,3.748995983935743,1.1465863453815262,951.0,1.909638554216868,33.79,-118.29,1.542
2.2551,10.0,6.251968503937008,1.311023622047244,585.0,2.3031496062992125,39.11,-122.89,0.711
2.3,30.0,3.65,1.025,164.0,4.1,36.32,-121.26,2.063
3.5089,31.0,4.458885941644563,1.059681697612732,1939.0,2.5716180371352784,34.05,-118.15,3.058
3.0536,35.0,5.318435754189944,0.994413407821229,480.0,2.681564245810056,40.62,-124.18,1.07
4.5272,17.0,5.895161290322581,1.0376344086021505,1148.0,3.086021505376344,38.36,-121.29,1.917
1.9535,11.0,4.613941018766756,1.021447721179625,1708.0,4.579088471849866,37.28,-120.49,0.571
4.7344,50.0,5.416851441241685,1.0953436807095345,947.0,2.0997782705099777,34.13,-118.15,3.147
1.191,52.0,7.69811320754717,1.490566037735849,521.0,3.276729559748428,37.81,-122.3,0.761
3.3269,22.0,7.677083333333333,1.65625,773.0,2.6840277777777777,37.09,-119.4,1.027
2.5185,36.0,4.03728813559322,1.1694915254237288,1193.0,4.04406779661017,33.93,-118.2,1.388
3.025,25.0,3.982378854625552,0.9691629955947136,1342.0,2.9559471365638768,33.88,-117.87,1.569
2.5048,28.0,3.9864864864864864,1.025337837837838,2623.0,4.430743243243243,34.04,-117.65,1.0
2.25,41.0,3.505988023952096,1.0,1479.0,4.42814371257485,34.06,-117.65,0.905
2.1964,44.0,4.033333333333333,0.9666666666666668,153.0,5.1,33.79,-118.21,1.5
3.3594,28.0,5.729903536977492,1.0739549839228295,873.0,2.807073954983923,40.2,-122.17,0.791
1.725,33.0,5.068027210884353,1.1473922902494331,1165.0,2.6417233560090705,40.88,-124.15,0.575
5.9024,21.0,6.397476340694007,1.004731861198738,1974.0,3.1135646687697163,34.28,-118.74,2.21
6.3066,17.0,4.714907508161045,1.030467899891186,1650.0,1.7954298150163222,37.87,-122.5,3.461
5.5357,40.0,6.150442477876106,0.9705014749262536,796.0,2.3480825958702063,37.91,-122.29,2.737
6.6813,13.0,6.140206185567011,1.041237113402062,1794.0,3.6989690721649486,37.33,-121.79,2.778
5.2649,26.0,6.88785046728972,1.071651090342679,1024.0,3.190031152647975,37.67,-121.78,1.998
8.289,25.0,6.788679245283019,0.879245283018868,810.0,3.056603773584906,33.67,-117.95,3.724
3.1346,50.0,5.869426751592357,1.038216560509554,892.0,2.840764331210191,33.95,-118.3,1.2
4.2679,14.0,6.392592592592592,1.1185185185185185,315.0,2.333333333333333,36.94,-119.61,1.518
3.5,43.0,5.287081339712919,1.1220095693779903,1042.0,2.492822966507177,33.82,-118.18,2.167
5.4847,36.0,5.735562310030395,1.0911854103343466,761.0,2.31306990881459,34.17,-118.59,2.96
3.4167,31.0,7.023255813953488,1.131782945736434,383.0,2.9689922480620154,37.67,-121.06,1.969
4.7941,24.0,5.986111111111111,1.0527777777777778,1158.0,3.216666666666667,33.15,-117.06,1.475
2.7054,39.0,2.302919708029197,1.0875912408759123,744.0,2.7153284671532845,34.1,-118.29,1.625
4.4583,30.0,5.784070796460177,1.0035398230088497,1714.0,3.033628318584071,38.0,-121.82,1.31
2.1029,11.0,23.994152046783626,5.157894736842105,356.0,2.08187134502924,36.12,-118.54,0.991
2.3818,17.0,6.84390243902439,1.4634146341463414,990.0,2.414634146341464,37.72,-120.02,0.881
4.5052,52.0,4.94228356336261,1.06900878293601,1737.0,2.179422835633626,37.77,-122.45,5.00001
2.0694,33.0,3.344519015659955,1.0604026845637584,1272.0,2.8456375838926173,33.97,-118.35,1.435
2.6434,20.0,4.4049180327868855,1.044262295081967,2154.0,3.5311475409836066,36.92,-121.76,1.697
3.5687,36.0,4.832460732984293,0.8638743455497382,603.0,3.157068062827225,33.89,-118.26,1.207
6.7159,12.0,7.289962825278811,1.0408921933085502,985.0,3.661710037174721,37.3,-121.74,3.627
3.6429,25.0,4.304232804232805,0.992063492063492,735.0,1.9444444444444444,32.79,-117.25,3.171
5.5551,9.0,6.709507042253521,1.0651408450704225,1518.0,2.672535211267605,35.55,-117.68,1.425
1.2091,39.0,4.282913165266106,1.0028011204481793,1154.0,3.23249299719888,33.95,-118.27,0.979
2.1394,15.0,4.134674922600619,1.1207430340557276,1800.0,2.7863777089783284,32.75,-117.12,1.067
7.6933,26.0,7.592885375494071,0.9881422924901184,725.0,2.865612648221344,37.22,-121.87,4.059
2.5577,24.0,3.690533015115354,1.0930787589498807,3093.0,2.460620525059666,33.83,-118.01,2.023
13.4196,33.0,8.25531914893617,1.0292553191489362,1111.0,2.9547872340425534,34.15,-118.5,5.00001
5.0,37.0,4.368876080691643,0.9913544668587896,983.0,2.8328530259366,34.19,-118.44,2.436
4.7361,22.0,6.08021978021978,1.0362637362637364,2474.0,2.718681318681319,37.7,-121.8,2.168
1.9531,52.0,4.723333333333334,1.1766666666666667,881.0,2.9366666666666665,33.98,-117.33,1.625
3.1972,20.0,3.5460122699386503,1.1196319018404908,583.0,1.7883435582822085,37.75,-122.28,1.0
3.0417,41.0,6.0092879256965945,1.1362229102167185,1204.0,3.727554179566563,33.88,-118.23,1.137
3.2813,45.0,5.934579439252336,1.1308411214953271,598.0,2.794392523364486,36.8,-119.99,1.054
4.7396,52.0,7.098245614035088,1.056140350877193,649.0,2.2771929824561403,32.76,-117.18,4.417
3.1065,48.0,4.978947368421053,1.0315789473684212,1034.0,2.176842105263158,37.88,-122.29,2.292
3.6875,36.0,5.327526132404182,1.0104529616724738,1271.0,4.428571428571429,33.99,-118.1,1.752
1.6029,32.0,3.4663461538461537,0.9855769230769232,842.0,4.048076923076923,33.95,-118.29,0.897
3.0147,17.0,4.362616822429906,1.0037383177570094,1662.0,3.1065420560747663,33.87,-117.99,2.17
3.5871,30.0,4.098540145985401,1.0072992700729928,1032.0,1.8832116788321167,33.83,-118.19,3.471
3.8819,39.0,5.5559701492537314,1.1343283582089552,700.0,2.611940298507463,34.44,-119.72,2.899
2.8864,23.0,5.60702875399361,1.02555910543131,1061.0,3.389776357827476,38.69,-121.79,1.031
5.3559,26.0,5.741496598639456,0.9546485260770976,1274.0,2.888888888888889,33.74,-118.04,2.358
4.7287,46.0,5.172881355932203,0.994915254237288,1373.0,2.3271186440677964,37.31,-121.91,3.4
5.1701,23.0,5.809891808346213,0.9884080370942812,3827.0,2.957496136012365,37.68,-122.05,2.168
1.1635,39.0,3.7808988764044944,1.0674157303370786,1520.0,4.269662921348314,33.97,-118.25,1.087
3.0,50.0,4.297356828193832,1.0088105726872247,1362.0,3.0,33.98,-118.04,1.632
3.6895,14.0,5.316441441441442,1.125,2648.0,2.981981981981982,37.12,-121.65,2.393
3.3785,44.0,4.395833333333333,1.109375,1605.0,4.1796875,34.09,-118.18,1.849
2.8226,17.0,5.190066857688635,1.0563514804202483,2755.0,2.6313276026743075,38.71,-121.3,0.999
4.045,4.0,5.052227342549923,1.1566820276497696,1285.0,1.9738863287250383,33.57,-117.71,2.26
2.4219,46.0,3.5641025641025643,0.9333333333333332,601.0,3.082051282051282,32.75,-117.11,0.906
1.7774,23.0,3.636898920510304,1.085377821393523,3785.0,3.714425907752698,38.0,-121.3,1.0
2.1333,31.0,3.93065693430657,1.094890510948905,1198.0,4.372262773722627,34.07,-118.21,1.602
4.7708,48.0,5.427777777777778,1.0777777777777775,446.0,2.477777777777778,37.77,-122.16,1.563
2.7101,25.0,4.837320574162679,1.0606060606060606,1559.0,2.486443381180224,38.5,-121.45,0.995
3.0393,17.0,4.235802469135803,1.1530864197530863,2365.0,2.919753086419753,33.96,-118.36,1.292
4.2875,17.0,5.235514018691589,1.2130841121495326,1473.0,2.753271028037384,33.72,-117.99,1.348
1.7377,33.0,3.97594501718213,1.0721649484536082,1714.0,2.9450171821305844,34.03,-118.33,1.839
2.4861,25.0,5.834123222748815,1.1374407582938388,658.0,3.118483412322275,39.5,-122.53,0.719
0.6825,17.0,2.372549019607843,0.9901960784313726,198.0,0.9705882352941176,37.65,-121.0,1.875
3.0086,27.0,5.254424778761062,1.1880530973451326,863.0,1.90929203539823,38.61,-121.38,1.269
4.6591,29.0,5.635593220338983,1.2415254237288136,613.0,2.597457627118644,33.66,-117.99,3.531
2.6513,21.0,4.9800796812749,0.9282868525896414,1428.0,2.8446215139442232,40.55,-122.36,1.133
1.9625,35.0,5.104477611940299,1.1865671641791045,900.0,2.238805970149253,40.11,-123.75,1.015
5.5102,7.0,7.354154390100176,1.1467295226870948,5102.0,3.006482027106659,33.0,-116.78,2.21
8.565,31.0,8.107438016528926,1.0041322314049588,697.0,2.8801652892561984,34.25,-118.56,5.00001
2.1354,29.0,5.096085409252669,1.0676156583629892,1314.0,2.3380782918149468,40.57,-124.14,0.751
1.06,31.0,3.5792682926829267,1.0975609756097562,1161.0,3.539634146341464,34.54,-117.3,0.565
6.0531,34.0,7.081967213114754,0.9770491803278688,852.0,2.79344262295082,33.84,-117.93,2.871
2.1944,27.0,4.02,1.0342857142857145,1684.0,4.811428571428571,34.05,-117.64,0.957
2.6591,26.0,7.22457627118644,1.1822033898305084,642.0,2.720338983050848,37.59,-120.92,1.805
4.3523,26.0,4.901694915254238,1.0033898305084743,884.0,2.9966101694915253,38.42,-122.73,1.5
3.775,14.0,5.519572953736655,1.0569395017793597,785.0,2.793594306049822,38.1,-121.29,1.633
0.9298,36.0,3.67616191904048,1.1004497751124438,2664.0,3.9940029985007497,33.93,-118.25,1.0
4.325,37.0,5.074380165289257,0.9793388429752066,572.0,2.363636363636364,33.81,-118.13,2.239
3.5528,27.0,4.073627844712182,1.0535475234270415,1398.0,1.8714859437751004,33.77,-118.15,2.711
1.4625,37.0,4.247844827586207,1.105603448275862,1673.0,3.605603448275862,33.99,-118.28,1.03
3.9934,18.0,5.781935483870968,1.0064516129032255,2211.0,2.852903225806452,38.55,-121.35,1.233
6.0516,30.0,6.780612244897959,0.9744897959183674,1135.0,2.895408163265306,33.94,-117.93,2.45
2.375,26.0,6.0,1.0,13.0,1.625,35.87,-120.13,0.713
4.5694,27.0,4.706214689265536,1.0310734463276836,995.0,2.810734463276836,33.95,-118.1,2.043
1.2667,7.0,3.326241134751773,1.053191489361702,1187.0,4.209219858156028,32.54,-117.04,0.675
4.3269,40.0,5.534090909090909,1.0833333333333333,1322.0,5.007575757575758,33.8,-117.85,1.941
2.0548,52.0,2.976470588235294,1.2666666666666666,421.0,1.6509803921568629,37.77,-122.42,1.625
4.5817,30.0,4.146135265700483,1.108695652173913,1526.0,1.8429951690821256,33.82,-118.39,5.00001
3.0703,37.0,5.049586776859504,1.068870523415978,1093.0,3.0110192837465566,37.72,-122.46,2.118
2.9559,22.0,5.909937888198757,1.0869565217391304,760.0,2.360248447204969,37.02,-121.83,2.884
2.098,21.0,5.110112359550562,1.1123595505617978,1157.0,2.6,38.65,-121.42,0.498
3.101,29.0,4.004744958481614,1.0462633451957295,1513.0,1.7947805456702255,32.8,-117.24,2.382
1.4063,51.0,4.446428571428571,1.0267857142857142,368.0,3.2857142857142856,34.06,-117.73,0.988
5.2681,21.0,5.755555555555556,0.8444444444444444,142.0,3.1555555555555554,34.31,-119.17,5.00001
7.2419,38.0,7.173684210526316,1.0473684210526315,1059.0,2.786842105263158,34.17,-118.06,4.104
3.9063,43.0,6.178571428571429,1.2678571428571428,582.0,2.5982142857142856,38.66,-122.7,2.1
2.9413,23.0,4.129221732745962,1.1292217327459615,1983.0,2.911894273127753,37.68,-122.46,2.294
2.2982,45.0,5.5,1.06,1980.0,3.6,32.74,-117.21,0.875
1.625,1.0,3.0,1.0,8.0,4.0,33.86,-116.95,0.55
0.6775,52.0,1.7482866043613707,1.211214953271028,2232.0,1.3906542056074769,34.05,-118.25,3.5
3.0,34.0,6.25531914893617,1.0425531914893618,147.0,3.127659574468085,37.5,-121.21,1.625
1.6652,34.0,3.8755244755244753,1.1216783216783217,2782.0,3.890909090909091,33.97,-118.28,0.99
2.225,41.0,5.157894736842105,1.0526315789473684,68.0,3.5789473684210527,37.64,-122.42,2.125
2.3971,17.0,4.654867256637168,1.0553097345132745,1476.0,1.6327433628318584,37.28,-121.85,0.875
1.6724,33.0,4.095959595959596,0.9343434343434344,446.0,2.2525252525252526,37.79,-121.21,0.969
2.8964,25.0,4.848101265822785,1.077757685352622,1947.0,3.5207956600361663,32.71,-117.06,1.043
5.1878,10.0,6.7990430622009566,0.9760765550239234,657.0,3.1435406698564594,38.04,-121.33,1.539
3.5694,31.0,4.305019305019305,1.034749034749035,1369.0,5.285714285714286,33.73,-117.86,1.505
2.5947,29.0,3.217815741305674,0.9914582062233068,6234.0,3.8035387431360586,37.34,-121.86,1.773
2.3762,20.0,4.214363438520131,1.1071817192600653,5370.0,2.9216539717083787,33.13,-117.05,0.985
2.3317,39.0,3.975609756097561,1.0585365853658537,2470.0,2.4097560975609755,33.78,-118.16,2.225
1.9191,9.0,4.984615384615385,1.103846153846154,768.0,2.953846153846154,39.93,-122.2,0.544
4.0519,7.0,5.927762039660057,1.0623229461756374,2147.0,3.0410764872521248,38.75,-121.31,1.292
5.5106,50.0,5.509984639016897,1.064516129032258,1513.0,2.324116743471582,33.82,-118.17,2.522
3.3289,37.0,4.934984520123839,0.9938080495356038,1003.0,3.1052631578947367,33.94,-118.15,1.997
3.4762,52.0,5.305084745762712,1.0932203389830508,979.0,2.074152542372881,37.76,-122.24,2.44
5.5545,16.0,6.2075,1.1075,1357.0,3.3925,33.57,-117.66,2.142
10.8758,48.0,8.50498338870432,1.069767441860465,921.0,3.0598006644518274,37.46,-122.21,5.00001
2.63,52.0,4.513119533527697,1.0145772594752187,1131.0,3.2973760932944605,34.07,-117.75,1.273
5.6445,8.0,7.7105263157894735,1.5239234449760766,851.0,2.035885167464115,38.33,-123.0,3.648
2.125,9.0,5.676136363636363,1.0738636363636365,411.0,2.335227272727273,39.17,-121.25,1.518
9.1232,20.0,7.621866666666667,1.0314666666666668,5452.0,2.9077333333333333,34.13,-118.6,4.72
3.4138,14.0,6.01203007518797,1.069172932330827,1509.0,2.269172932330827,34.13,-117.2,1.267
3.4896,28.0,5.213414634146342,1.0533536585365857,1502.0,2.289634146341464,33.97,-117.31,1.403
4.1852,44.0,4.991228070175438,1.0,497.0,2.179824561403509,33.96,-118.4,3.033
4.0625,10.0,5.916859122401847,1.0623556581986142,1478.0,3.413394919168592,38.7,-121.42,0.962
3.2417,28.0,4.698717948717949,1.1842948717948718,1198.0,1.919871794871795,37.67,-122.07,2.108
2.5262,21.0,3.0216216216216214,1.0576576576576575,4426.0,3.987387387387388,33.78,-118.27,1.673
3.5694,41.0,5.03793626707132,1.0819423368740515,1236.0,1.8755690440060693,34.16,-118.05,2.786
2.9167,34.0,4.588235294117647,1.0441176470588236,986.0,3.625,34.96,-120.44,1.042
7.2472,30.0,7.637931034482759,1.0454545454545454,1995.0,3.126959247648903,33.96,-117.97,4.419
5.0376,52.0,8.564179104477612,1.773134328358209,500.0,1.492537313432836,37.8,-122.44,5.00001
1.7589,28.0,3.5028735632183907,1.1724137931034482,1816.0,5.218390804597701,33.79,-118.17,1.183
2.6985,16.0,4.258389261744966,0.9463087248322148,1609.0,5.399328859060403,32.57,-117.06,1.565
1.3365,37.0,2.317773788150808,1.0556552962298025,1846.0,3.3141831238779176,37.76,-122.42,2.25
2.0511,21.0,3.258928571428572,1.1741071428571428,965.0,4.308035714285714,34.07,-118.44,3.5
2.1838,18.0,3.578602620087336,1.0720524017467248,2513.0,5.486899563318778,33.74,-117.92,1.597
4.8583,28.0,5.983333333333333,0.9703703703703704,1665.0,3.083333333333333,34.28,-119.19,2.242
4.6771,35.0,6.264845605700713,1.0724465558194771,2892.0,3.4346793349168645,37.67,-122.49,2.664
3.1513,35.0,4.756207674943567,1.0835214446952597,2241.0,5.058690744920993,33.93,-118.05,1.5
2.375,17.0,5.690406976744186,1.0784883720930232,1768.0,2.569767441860465,36.02,-119.01,0.798
7.0549,52.0,6.785714285714286,0.9514285714285714,813.0,2.322857142857143,37.82,-122.21,3.314
7.5218,23.0,7.7362068965517246,1.006896551724138,2024.0,3.489655172413793,37.23,-121.82,2.915
5.4364,34.0,5.456834532374101,1.0035971223021585,2208.0,2.647482014388489,37.61,-122.47,2.793
2.8152,36.0,3.532286212914485,1.029668411867365,2028.0,3.5392670157068062,33.99,-118.08,1.639
2.2132,46.0,4.687344913151365,0.967741935483871,971.0,2.4094292803970223,36.51,-119.55,0.766
2.1979,41.0,3.975378787878788,1.003787878787879,2325.0,4.403409090909091,34.03,-118.17,1.408
5.0155,19.0,5.468208092485549,1.0520231213872833,474.0,2.739884393063584,38.68,-121.47,0.973
5.103,34.0,5.90625,0.9744318181818182,1379.0,3.917613636363636,33.84,-117.99,2.07
2.1165,48.0,6.898423817863398,1.5061295971978983,1257.0,2.2014010507880912,38.53,-122.97,0.987
2.5682,36.0,5.44,1.0555555555555556,1268.0,2.8177777777777777,32.71,-117.07,1.091
2.5707,38.0,5.511494252873563,1.0459770114942528,745.0,2.1408045977011496,38.35,-122.0,1.26
1.6725,47.0,2.063858695652174,1.0414402173913044,4225.0,2.870244565217391,34.06,-118.31,1.875
2.15,15.0,4.060975609756097,0.926829268292683,247.0,1.5060975609756098,32.8,-117.09,1.313
4.1125,39.0,5.165605095541402,1.1305732484076434,903.0,2.875796178343949,34.3,-118.38,1.83
3.2465,27.0,5.258116883116883,1.0892857142857142,1469.0,2.38474025974026,37.67,-122.07,2.306
7.2779,16.0,5.351851851851852,0.9166666666666666,455.0,2.1064814814814814,37.35,-122.03,2.929
3.2619,25.0,6.193251533742331,1.2607361963190185,888.0,2.723926380368098,38.04,-121.63,1.838
3.055,41.0,4.119891008174387,1.0899182561307903,1690.0,4.604904632152588,33.96,-118.2,1.67
3.0625,24.0,4.305084745762712,1.0084745762711864,465.0,1.9703389830508475,33.62,-117.89,0.938
2.5313,42.0,3.9134615384615374,1.0384615384615383,773.0,3.7163461538461537,34.02,-118.16,1.569
1.7866,25.0,1.6785714285714286,1.066326530612245,2796.0,3.566326530612245,34.05,-118.27,3.25
4.1405,5.0,5.956695156695156,1.1205128205128203,9690.0,2.7606837606837606,33.23,-117.27,1.985
1.9531,30.0,4.097560975609756,1.1382113821138211,529.0,4.300813008130081,33.99,-118.27,1.0
3.631,32.0,9.179775280898877,2.3146067415730336,224.0,2.5168539325842696,41.15,-122.68,0.904
8.317,32.0,6.977186311787072,1.0038022813688212,635.0,2.414448669201521,37.82,-122.19,3.659
7.6245,21.0,6.663822525597269,0.9948805460750854,1528.0,2.6075085324232083,36.55,-121.7,3.366
4.2011,41.0,5.05420054200542,1.062330623306233,825.0,2.2357723577235773,38.01,-122.68,2.554
4.1717,33.0,4.985333333333333,1.1186666666666667,2701.0,1.8006666666666666,34.11,-118.35,5.00001
7.1576,52.0,10.344827586206897,1.2137931034482758,384.0,2.648275862068965,34.08,-118.45,5.00001
1.8229,17.0,4.903345724907063,1.174721189591078,384.0,1.427509293680297,37.99,-122.06,1.375
3.5446,19.0,6.8045738045738045,1.2702702702702702,1164.0,2.41995841995842,37.39,-119.59,1.065
4.0118,8.0,4.4335812964930925,1.0860786397449522,2585.0,2.747077577045696,33.06,-117.28,2.458
3.3281,32.0,5.067901234567901,0.9629629629629628,1261.0,2.594650205761317,36.79,-119.76,0.751
6.4001,16.0,6.131661442006269,0.9780564263322884,671.0,2.103448275862069,34.14,-118.83,3.218
2.4107,38.0,5.36231884057971,1.181159420289855,332.0,2.4057971014492754,34.15,-117.3,0.88
2.1679,34.0,4.792405063291139,1.0506329113924051,884.0,2.237974683544304,38.53,-121.45,0.754
5.7789,13.0,6.324242424242424,0.9484848484848484,1165.0,3.5303030303030303,32.63,-117.03,2.277
2.8631,20.0,4.401209677419355,1.0766129032258065,999.0,2.0141129032258065,32.79,-117.09,1.697
8.3609,34.0,7.733532934131737,1.0538922155688624,2071.0,3.1002994011976046,33.79,-118.36,5.00001
8.8619,41.0,6.12396694214876,0.987603305785124,617.0,2.549586776859504,34.04,-118.55,5.00001
3.7583,33.0,5.627906976744186,1.106312292358804,1689.0,5.6112956810631225,34.07,-117.79,1.163
1.6983,10.0,4.471930906847625,1.161011721159778,4274.0,2.63664404688464,33.95,-116.5,0.666
3.4762,52.0,5.305084745762712,1.0932203389830508,979.0,2.074152542372881,37.76,-122.24,2.44
7.8177,36.0,6.75046904315197,0.9380863039399624,1296.0,2.431519699812383,37.38,-122.11,5.00001
4.5893,39.0,5.711688311688311,1.0077922077922077,1025.0,2.6623376623376624,37.95,-122.07,1.9
3.8026,28.0,5.647940074906367,0.9850187265917604,996.0,3.730337078651685,32.81,-117.23,2.7
2.7075,29.0,3.612682926829269,1.048780487804878,1611.0,1.5717073170731708,37.51,-122.26,3.238
2.2391,35.0,5.385416666666667,1.0729166666666667,604.0,3.145833333333333,37.85,-121.3,1.2
3.9886,32.0,4.740402193784278,1.0347349177330896,1596.0,2.917733089579525,34.21,-118.54,1.992
1.7878,16.0,4.329563812600969,1.137318255250404,975.0,1.5751211631663975,35.13,-120.63,0.55
2.1212,16.0,5.330532212885154,1.112044817927171,1501.0,2.1022408963585435,37.35,-118.18,1.083
4.0536,29.0,4.785294117647059,1.0544117647058824,1593.0,2.342647058823529,33.8,-118.32,2.858
6.6112,31.0,6.758474576271187,0.9194915254237288,542.0,2.296610169491525,38.51,-121.51,2.516
1.5565,35.0,2.056890012642225,1.059418457648546,3013.0,3.809102402022756,34.05,-118.28,1.525
2.1845,36.0,4.8121546961325965,1.1104972375690607,2862.0,15.812154696132596,34.06,-118.17,1.238
2.1607,17.0,5.746951219512195,1.0670731707317074,953.0,2.9054878048780486,41.66,-122.26,0.614
1.3846,26.0,3.156779661016949,1.0932203389830508,694.0,2.940677966101695,34.05,-118.21,1.292
4.2037,5.0,5.433093154915079,1.1286670097786928,9842.0,2.532681420483788,34.43,-118.43,1.946
1.3304,28.0,5.6453900709219855,1.0780141843971631,962.0,3.4113475177304964,36.7,-119.8,0.513
1.3611,18.0,4.79578947368421,1.1010526315789473,1185.0,2.494736842105264,39.45,-121.55,0.606
5.4872,7.0,6.774685222001326,0.9880715705765408,5205.0,3.4493041749502984,33.91,-117.59,2.034
2.6546,41.0,3.8271604938271606,0.8209876543209876,642.0,3.962962962962963,33.91,-118.28,1.596
2.3674,20.0,2.7405541561712847,1.0478589420654911,2919.0,2.45088161209068,34.07,-118.31,5.00001
1.3952,41.0,4.459882583170255,1.0528375733855186,1908.0,3.733855185909981,36.06,-119.02,0.431
2.9514,47.0,4.80078125,0.94921875,582.0,2.2734375,37.79,-122.19,1.981
4.625,52.0,5.3681592039801,1.1044776119402986,439.0,2.18407960199005,34.09,-118.27,2.308
1.3291,16.0,3.831867057673509,1.0694037145650048,2612.0,2.5532746823069403,32.8,-116.96,1.208
4.125,35.0,6.317204301075269,1.0268817204301075,568.0,3.053763440860215,33.85,-117.96,1.892
4.0156,9.0,4.677631578947368,0.9144736842105264,316.0,2.0789473684210527,34.16,-117.32,1.31
5.102,8.0,5.681818181818182,0.9896694214876032,1526.0,3.152892561983471,38.02,-121.92,1.565
6.2263,52.0,6.228260869565218,1.108695652173913,232.0,2.5217391304347827,37.39,-122.33,5.00001
4.3393,43.0,5.071949947862357,1.013555787278415,3134.0,3.267987486965589,37.73,-122.39,2.173
4.1581,22.0,6.3585118376550165,1.0022547914317923,3157.0,3.5591882750845545,34.12,-117.35,1.265
3.3594,32.0,4.969298245614035,0.9473684210526316,693.0,3.039473684210526,33.87,-117.89,2.021
2.2768,42.0,4.088888888888889,1.1296296296296295,892.0,3.303703703703704,32.78,-117.17,1.452
3.6875,23.0,5.077010192525481,1.0124575311438275,2136.0,2.419026047565119,35.4,-118.95,1.017
3.4519,15.0,6.157303370786517,1.130337078651685,1188.0,2.6696629213483147,41.28,-122.45,1.288
3.8292,21.0,5.763527054108216,1.0801603206412826,1387.0,2.779559118236473,33.1,-117.09,1.77
1.8015,15.0,4.359635811836116,1.370257966616085,1094.0,1.660091047040971,33.75,-117.01,1.051
3.8214,46.0,5.155979202772963,1.1143847487001732,1479.0,2.563258232235702,37.61,-122.41,2.736
4.9286,43.0,5.980487804878049,1.1902439024390243,491.0,2.395121951219512,38.1,-122.49,3.07
4.625,36.0,24.5,3.5,28.0,14.0,36.51,-119.54,1.625
2.9125,28.0,3.748159057437408,1.1075110456553756,1548.0,2.279823269513991,34.02,-118.49,4.75
5.2639,28.0,6.023454157782516,1.0021321961620469,1352.0,2.88272921108742,33.85,-118.1,2.42
2.0411,24.0,4.186346863468635,1.0774907749077491,1239.0,2.2859778597785976,38.0,-121.85,1.0
5.4863,16.0,6.414201183431953,1.014792899408284,1589.0,4.701183431952662,32.67,-117.05,1.538
5.1993,36.0,5.219512195121951,0.8902439024390244,451.0,2.75,33.81,-118.1,2.46
4.1321,35.0,5.3760683760683765,0.9344729344729344,989.0,2.8176638176638176,33.93,-117.97,1.981
4.9042,52.0,6.356223175965665,1.0042918454935623,1364.0,2.927038626609442,34.19,-118.3,3.435
2.1667,10.0,6.038277511961723,1.2344497607655502,510.0,2.4401913875598087,39.82,-120.38,0.928
4.3971,36.0,5.229681978798586,0.9823321554770318,796.0,2.812720848056537,37.69,-122.16,2.057
5.0,34.0,6.124567474048443,1.0069204152249136,916.0,3.169550173010381,33.85,-118.35,3.542
2.1705,23.0,5.133333333333334,1.0777777777777775,261.0,2.9,39.5,-122.19,0.53
3.3182,24.0,5.88911704312115,1.0821355236139631,1284.0,2.6365503080082138,38.63,-121.29,2.13
4.625,16.0,3.75,0.375,49.0,6.125,34.17,-117.27,2.5
3.9118,32.0,5.527058823529412,1.0635294117647058,1479.0,3.48,33.94,-117.44,1.141
5.4243,25.0,6.390845070422535,0.98943661971831,960.0,3.380281690140845,34.25,-118.74,2.147
3.8906,30.0,5.630813953488372,1.0203488372093024,945.0,2.747093023255814,34.17,-117.26,1.237
3.017,52.0,4.977777777777778,0.8444444444444444,120.0,2.6666666666666665,39.25,-122.08,1.125
5.748,16.0,6.091358024691358,1.0185185185185186,2668.0,3.293827160493827,33.88,-118.07,2.842
4.1635,42.0,3.7222222222222223,0.9869281045751634,1283.0,4.19281045751634,33.95,-118.36,1.639
3.6875,15.0,6.426294820717131,1.1912350597609562,655.0,2.609561752988048,38.02,-120.43,1.86
2.6506,33.0,4.327464788732394,1.0,3091.0,3.6279342723004695,37.47,-122.16,1.626
3.2813,10.0,6.030927835051546,1.1597938144329898,537.0,2.768041237113402,39.16,-121.0,1.632
3.3529,14.0,5.2174688057041,1.0481283422459893,1821.0,3.2459893048128343,35.32,-119.02,0.826
1.6121,41.0,3.5617433414043584,1.1355932203389831,1062.0,2.571428571428572,37.8,-122.25,1.714
3.1711,35.0,6.147388059701493,1.044776119402985,1454.0,2.712686567164179,38.59,-121.31,1.019
7.598,21.0,6.562162162162162,1.037837837837838,500.0,2.702702702702702,37.27,-121.99,3.478
2.9286,20.0,2.337962962962963,1.0,326.0,1.5092592592592593,37.48,-122.21,2.375
3.1204,52.0,4.051764705882353,1.0541176470588236,1122.0,2.64,34.09,-118.16,2.24
4.0625,52.0,3.645161290322581,0.9301075268817204,791.0,4.252688172043011,34.11,-118.2,1.713
5.826,14.0,6.235995232419547,0.965435041716329,3041.0,3.624553039332538,33.61,-117.64,2.479
3.8643,33.0,5.052536231884058,1.0271739130434785,1682.0,3.0471014492753623,37.73,-122.41,2.762
5.2971,34.0,6.386430678466077,1.047197640117994,776.0,2.2890855457227137,37.37,-122.09,4.421
5.9055,24.0,6.470822281167108,1.0026525198938991,1777.0,2.356763925729443,33.65,-117.88,4.773
4.2357,11.0,4.863945578231292,0.9931972789115646,921.0,3.13265306122449,33.14,-117.08,1.609
1.0424,32.0,3.941747572815534,0.9902912621359224,1509.0,2.441747572815534,38.61,-121.45,0.814
4.5208,32.0,4.606459330143541,1.076555023923445,1456.0,1.7416267942583732,34.03,-118.49,4.421
2.4167,25.0,4.777070063694268,0.994904458598726,1594.0,2.030573248407644,34.0,-117.04,1.049
3.7891,33.0,5.917525773195877,1.063573883161512,1884.0,3.237113402061856,32.73,-117.06,1.267
3.9741,28.0,5.082585278276481,0.9910233393177738,2330.0,4.183123877917415,34.08,-117.96,1.731
5.5563,13.0,6.726190476190476,1.016156462585034,3382.0,2.8758503401360542,33.94,-117.34,2.145
2.7372,52.0,4.443804034582133,1.005763688760807,1424.0,2.0518731988472623,37.87,-122.27,2.102
4.2386,33.0,4.573770491803279,1.105263157894737,2243.0,1.9352890422778253,34.07,-118.39,5.00001
4.2448,4.0,6.512658227848101,1.1582278481012658,933.0,2.9525316455696204,38.11,-121.26,1.509
4.1716,11.0,5.472144063027574,1.0106921778277995,5247.0,2.952729319077096,32.85,-116.96,1.661
5.8779,17.0,5.155979202772963,1.0537261698440208,1465.0,2.538994800693241,37.35,-122.02,3.622
2.0879,38.0,3.896210873146623,1.0510708401976936,2259.0,3.721581548599671,34.03,-118.36,1.207
2.1905,52.0,3.4619565217391304,1.1358695652173914,1655.0,4.497282608695652,34.03,-118.25,1.24
3.2813,47.0,5.485714285714286,1.2634920634920634,1178.0,3.73968253968254,37.74,-122.41,2.296
4.4671,28.0,5.3657407407407405,1.035493827160494,2990.0,4.614197530864198,37.35,-121.81,1.726
3.6797,21.0,4.233418367346939,1.042091836734694,3240.0,2.066326530612245,33.79,-118.32,2.711
1.7875,18.0,5.270440251572327,1.0440251572327044,733.0,2.3050314465408803,39.76,-121.58,1.038
2.19,35.0,4.206806282722513,1.0026178010471205,1407.0,3.683246073298429,36.75,-119.76,0.534
4.3542,32.0,7.122186495176849,1.1286173633440515,771.0,2.4790996784565915,33.95,-117.37,1.426
1.375,26.0,3.675810473815461,1.0399002493765586,1065.0,2.655860349127182,39.13,-123.2,0.844
4.1856,19.0,6.09546539379475,1.0572792362768495,1301.0,3.1050119331742243,36.08,-119.06,0.721
2.6429,33.0,4.494565217391305,1.0434782608695652,981.0,5.331521739130435,34.25,-118.41,1.431
2.0292,18.0,4.402750491159136,1.068762278978389,1521.0,2.988212180746562,35.11,-120.62,1.558
6.8469,36.0,8.734265734265735,1.111888111888112,362.0,2.531468531468532,38.6,-121.38,4.464
5.7762,45.0,5.572695035460993,0.9804964539007092,1153.0,2.044326241134752,34.07,-118.39,5.00001
3.7837,14.0,4.275177304964539,1.0070921985815602,2165.0,3.0709219858156027,32.91,-117.14,1.603
1.9093,13.0,4.779327317473339,1.1575061525840853,2244.0,1.840853158326497,38.68,-121.33,1.429
3.0208,12.0,6.1,1.211111111111111,209.0,2.3222222222222224,33.94,-116.71,0.663
2.6181,24.0,4.86144578313253,1.0481927710843373,585.0,3.5240963855421685,37.78,-121.43,1.635
3.4398,35.0,5.505119453924915,1.0170648464163825,911.0,3.1092150170648463,34.08,-117.74,1.343
3.8304,52.0,5.395437262357414,1.0779467680608366,1411.0,2.682509505703422,37.73,-122.44,2.614
1.0846,36.0,3.1,0.9333333333333332,1024.0,3.4133333333333336,34.17,-118.15,1.464
2.6875,23.0,6.357446808510638,1.1702127659574468,678.0,2.885106382978724,36.27,-119.25,0.691
3.7167,52.0,4.94,1.12,768.0,2.56,34.06,-118.34,3.273
3.1801,29.0,5.757183908045977,1.0057471264367817,1576.0,2.264367816091954,34.05,-117.17,1.493
4.037,35.0,4.537549407114624,1.0197628458498025,975.0,3.8537549407114624,34.08,-118.04,1.733
2.662,13.0,7.1078838174273855,1.410788381742739,643.0,2.66804979253112,37.57,-119.82,0.924
2.7759,18.0,4.013353115727003,1.0578635014836797,2726.0,4.044510385756676,33.85,-117.88,2.0
2.0348,17.0,2.6659815005138747,1.0565262076053443,3950.0,4.059609455292908,34.2,-118.39,1.772
6.994,27.0,7.159685863874346,0.988219895287958,1916.0,2.507853403141361,37.99,-122.49,4.208
4.0268,36.0,5.084778420038536,1.0269749518304432,1209.0,2.329479768786128,37.7,-122.18,2.055
5.0926,24.0,5.121019108280255,1.0,592.0,1.8853503184713376,33.75,-118.11,3.905
3.5488,42.0,4.821576763485477,1.095435684647303,1044.0,4.331950207468879,33.79,-118.26,2.056
2.3787,19.0,4.582037996545768,1.1744386873920554,1419.0,2.4507772020725387,38.58,-121.3,0.913
2.9422,32.0,4.931608133086876,1.1256931608133087,1512.0,2.7948243992606283,34.1,-118.03,2.331
3.4306,18.0,4.826996197718631,1.1711026615969582,964.0,1.832699619771863,32.79,-117.24,2.75
3.3958,37.0,6.018691588785047,1.0934579439252337,1284.0,3.0,34.08,-117.64,1.304
6.5146,18.0,6.712195121951219,1.0975609756097562,670.0,3.268292682926829,34.22,-118.63,2.776
9.7194,9.0,8.306260575296108,0.976311336717428,1981.0,3.3519458544839256,37.49,-121.89,5.00001
7.1382,35.0,6.381176470588235,1.0070588235294118,1084.0,2.550588235294118,37.41,-122.11,4.438
3.1964,29.0,3.977900552486188,0.9613259668508288,1045.0,5.773480662983426,33.74,-117.88,1.519
2.5162,21.0,4.429347826086956,1.0366847826086956,1735.0,2.3573369565217392,38.62,-121.41,0.975
2.4744,17.0,6.225854383358098,1.4056463595839523,1802.0,2.677563150074294,33.33,-116.74,1.582
3.75,36.0,5.202105263157895,1.048421052631579,2594.0,5.461052631578947,33.73,-117.88,1.705
3.2546,32.0,5.041121495327102,0.988785046728972,1417.0,2.6485981308411213,38.79,-123.01,1.341
3.567,28.0,6.074468085106383,1.070921985815603,663.0,2.351063829787234,36.81,-119.77,0.855
6.9343,2.0,8.091954022988507,1.1685823754789273,703.0,2.6934865900383143,33.56,-117.7,2.985
2.3952,52.0,5.477832512315271,1.0295566502463054,832.0,2.0492610837438425,36.76,-119.8,0.784
2.2684,31.0,2.755134281200632,1.1374407582938388,2034.0,3.213270142180095,34.05,-118.3,1.938
4.3214,37.0,5.151394422310757,0.9860557768924304,1208.0,2.406374501992032,37.46,-122.22,3.427
3.5851,7.0,5.414443988510464,1.1062782109150595,6763.0,2.775133360689372,33.94,-117.23,1.42
5.2759,14.0,6.50143815915628,0.986097794822627,7600.0,3.6433365292425695,33.99,-117.52,1.829
1.9952,36.0,4.708502024291498,1.0991902834008098,2073.0,4.196356275303644,33.9,-118.19,1.129
5.3321,7.0,7.830524344569288,1.2303370786516854,3907.0,3.658239700374532,37.73,-121.44,2.081
5.0519,38.0,5.524916943521594,0.9800664451827242,781.0,2.59468438538206,37.71,-122.08,2.27
4.25,40.0,5.302593659942363,1.031700288184438,1218.0,3.510086455331412,34.19,-118.16,1.779
1.15,52.0,4.88,1.04,62.0,2.48,38.05,-121.3,1.125
5.6402,17.0,6.262458471760797,0.9700996677740864,771.0,2.5614617940199333,32.81,-117.05,2.286
2.35,14.0,5.3418803418803416,1.1623931623931625,721.0,3.0811965811965814,38.51,-119.54,0.957
5.8322,15.0,5.74015748031496,1.0150918635170605,4784.0,3.1391076115485563,37.39,-121.85,2.766
2.127,15.0,3.958745874587459,1.1336633663366336,3087.0,2.547029702970297,33.78,-118.16,1.633
2.75,33.0,3.331360946745562,1.1479289940828403,265.0,1.5680473372781063,37.97,-122.52,2.313
7.1674,26.0,5.307807807807808,1.1231231231231231,1322.0,1.984984984984985,34.07,-118.44,5.00001
2.5685,26.0,4.517777777777778,1.028888888888889,618.0,1.3733333333333333,33.61,-117.72,0.804
2.2101,16.0,10.385245901639344,2.2827868852459017,638.0,2.614754098360656,39.86,-121.14,0.888
2.3603,17.0,4.073743016759776,1.1564245810055866,1987.0,2.2201117318435752,34.1,-117.59,1.393
4.0089,20.0,5.747875354107649,1.0113314447592068,1497.0,4.240793201133145,32.58,-117.04,1.321
2.5156,20.0,5.491379310344827,1.117816091954023,1241.0,3.5660919540229883,36.21,-119.08,0.593
7.6059,27.0,7.146341463414634,1.048780487804878,917.0,3.1951219512195124,34.37,-118.54,3.237
4.25,35.0,5.481037924151696,0.9540918163672656,1779.0,3.5508982035928143,34.1,-117.91,1.667
2.3523,37.0,3.800859598853868,1.0802292263610316,1087.0,1.5573065902578798,33.77,-118.18,3.25
5.0594,41.0,5.851985559566787,1.0072202166064983,756.0,2.729241877256318,33.92,-118.42,3.46
3.725,35.0,3.4433198380566803,0.9757085020242916,1428.0,2.890688259109312,33.99,-118.42,2.846
8.4693,26.0,6.993079584775087,1.0224913494809689,1611.0,2.78719723183391,37.52,-122.32,4.192
3.9732,28.0,4.6524663677130045,1.0381165919282511,1216.0,2.726457399103139,33.86,-118.35,2.815
3.0927,40.0,4.818181818181818,1.0129870129870129,584.0,2.528138528138528,33.98,-118.36,3.16
12.4237,44.0,7.4591439688715955,1.0311284046692606,754.0,2.933852140077821,34.13,-118.1,5.00001
4.875,33.0,6.280991735537191,0.987603305785124,658.0,2.71900826446281,33.78,-117.96,2.693
2.6368,25.0,3.662534435261708,1.0537190082644627,2629.0,3.621212121212121,33.82,-118.3,1.759
1.4812,39.0,5.42483660130719,1.1405228758169934,1061.0,3.4673202614379086,36.39,-119.23,0.535
7.508,52.0,7.994318181818182,1.036931818181818,878.0,2.4943181818181817,37.81,-122.23,3.487
3.5214,15.0,3.0499445061043287,1.106548279689234,1447.0,1.605993340732519,37.63,-122.43,1.442
5.2951,12.0,7.55,1.0925925925925926,1618.0,2.9962962962962965,37.14,-121.69,3.862
3.225,19.0,5.238095238095238,1.0680272108843538,1341.0,3.0408163265306123,35.48,-120.65,1.669
1.7774,23.0,3.636898920510304,1.085377821393523,3785.0,3.714425907752698,38.0,-121.3,1.0
5.6047,34.0,5.369565217391305,0.9402173913043478,759.0,4.125,33.81,-117.92,2.051
1.5556,42.0,4.290322580645161,1.0891840607210626,2496.0,4.7362428842504745,33.99,-118.25,0.985
3.775,47.0,5.419117647058823,0.9264705882352942,370.0,2.7205882352941178,37.7,-122.47,2.813
2.996,22.0,7.247058823529412,1.4352941176470588,1045.0,2.458823529411765,38.93,-120.01,1.261
4.4375,52.0,5.4363636363636365,1.1309090909090909,506.0,1.84,37.76,-122.4,3.2
2.2791,23.0,5.394944707740916,1.2290679304897314,1492.0,2.3570300157977884,34.86,-120.45,1.148
4.9609,29.0,5.45398773006135,1.01840490797546,597.0,3.6625766871165646,33.91,-118.11,1.867
3.1667,22.0,3.803837953091685,1.0,1952.0,2.0810234541577826,33.66,-117.9,1.61
4.6019,8.0,5.05175983436853,1.0393374741200827,1113.0,2.3043478260869565,33.67,-117.81,2.425
3.9936,5.0,5.838768115942029,1.045289855072464,3427.0,3.1041666666666665,34.56,-118.12,1.485
4.9237,4.0,6.310280373831776,0.9813084112149532,1684.0,3.147663551401869,34.66,-120.47,1.666
3.8796,32.0,5.76510067114094,1.0246085011185682,1172.0,2.621923937360179,38.31,-122.31,1.755
6.9931,25.0,10.1731843575419,1.921787709497207,349.0,1.9497206703910608,38.36,-122.26,3.988
2.5536,23.0,5.48,1.2114285714285715,425.0,2.4285714285714284,40.81,-124.11,0.961
2.5792,16.0,4.9147058823529415,1.0411764705882354,935.0,2.75,35.12,-120.61,1.638
3.3431,10.0,4.5958762886597935,1.2391752577319588,877.0,1.8082474226804124,37.72,-122.16,1.375
2.5985,34.0,4.110157367668097,1.0271816881258942,2758.0,3.945636623748212,34.06,-118.07,1.686
5.5,21.0,7.377005347593583,1.0935828877005347,1053.0,2.8155080213903743,38.65,-121.31,1.657
7.3732,16.0,7.199524940617577,1.0403800475059382,1087.0,2.581947743467933,37.88,-122.02,2.873
3.3892,20.0,4.195493704440026,1.0185553346587144,2957.0,1.959575878064944,34.25,-118.53,3.231
4.2276,17.0,4.586274509803921,1.0441176470588236,2427.0,2.3794117647058823,33.85,-117.85,2.541
3.9833,35.0,5.13986013986014,1.027972027972028,1930.0,2.699300699300699,37.55,-122.3,3.428
3.5288,42.0,5.31960049937578,1.048689138576779,2013.0,2.51310861423221,36.66,-121.65,2.21
2.3125,18.0,13.440677966101696,2.5084745762711864,186.0,3.152542372881356,39.0,-122.7,1.625
3.9444,45.0,4.087412587412588,0.9195804195804196,723.0,2.527972027972028,37.78,-122.27,2.129
4.9079,23.0,5.707509881422925,1.0276679841897234,792.0,3.130434782608696,33.63,-117.69,2.738
2.478,16.0,3.838763575605681,1.1203007518796992,2849.0,2.380116959064328,33.17,-117.35,1.856
8.5421,26.0,6.335443037974684,0.9822784810126582,2357.0,2.9835443037974683,33.78,-118.4,5.00001
4.1146,28.0,4.842271293375394,1.0410094637223974,1937.0,6.110410094637224,37.33,-121.84,1.601
2.2174,38.0,3.517175572519084,1.0782442748091603,1449.0,2.765267175572519,34.16,-118.14,2.154
1.9853,47.0,3.9927797833935017,0.9620938628158844,1903.0,3.435018050541516,33.99,-118.3,1.011
2.7219,15.0,6.724137931034483,1.3653962492437992,4122.0,2.4936479128856623,33.82,-116.39,0.744
4.0931,32.0,5.496835443037975,1.001054852320675,3025.0,3.190928270042194,32.85,-116.99,1.342
3.8355,15.0,6.419753086419753,1.0397805212620028,2626.0,3.6021947873799727,38.71,-121.4,1.07
2.8021,33.0,4.794561933534744,1.1299093655589123,1159.0,3.501510574018127,33.84,-117.89,1.951
3.6512,18.0,4.3730407523510975,1.072884012539185,3842.0,3.010971786833856,34.04,-118.09,1.685
2.2386,30.0,4.725738396624473,1.0464135021097047,609.0,2.569620253164557,37.78,-120.85,0.872
6.3132,18.0,6.73536299765808,0.990632318501171,1395.0,3.2669789227166275,37.69,-121.91,2.592
8.0137,9.0,7.734673111167642,1.0412108878148054,12873.0,3.274739252098702,34.16,-118.78,3.992
3.6875,22.0,4.510948905109489,1.0583941605839415,413.0,1.5072992700729928,37.39,-122.06,0.4
2.5938,45.0,4.6328125,1.0390625,481.0,3.7578125,34.07,-118.09,1.993
1.832,39.0,5.115151515151515,0.9757575757575756,535.0,3.242424242424242,39.45,-121.94,0.705
11.7894,45.0,7.4,0.9344262295081968,759.0,2.4885245901639346,34.14,-118.17,5.00001
1.8681,33.0,3.233644859813084,0.9626168224299064,488.0,4.5607476635514015,34.02,-118.17,1.125
5.7942,36.0,6.008108108108108,1.0,1039.0,2.808108108108108,33.79,-118.11,2.57
1.5625,36.0,5.2032085561497325,1.1711229946524064,613.0,3.27807486631016,35.34,-119.01,0.467
4.0833,2.0,7.416666666666667,1.3072916666666667,681.0,3.546875,33.83,-117.23,1.0
5.6846,32.0,6.654109589041096,0.9828767123287672,1081.0,3.702054794520548,32.8,-116.91,2.088
6.1737,25.0,7.889502762430939,1.0718232044198894,1212.0,3.348066298342541,33.85,-118.05,3.131
5.048,26.0,5.0,1.0,11.0,3.6666666666666665,37.6,-122.37,3.5
4.125,6.0,7.214285714285714,1.0357142857142858,75.0,2.6785714285714284,33.82,-117.54,2.167
2.0769,17.0,3.941666666666667,1.211111111111111,1300.0,3.611111111111111,33.78,-118.18,1.0
2.7857,21.0,6.132553606237817,1.1598440545808968,1580.0,3.0799220272904484,36.35,-119.09,0.927
3.4583,34.0,5.50187265917603,1.0,1031.0,3.861423220973783,32.69,-117.09,1.127
3.2206,40.0,5.777292576419214,1.0611353711790392,684.0,2.986899563318777,33.94,-118.31,1.458
3.6091,16.0,6.094138543516874,1.147424511545293,3562.0,3.1634103019538187,34.87,-117.0,0.872
3.0833,52.0,4.532994923857868,1.083756345177665,856.0,2.172588832487309,37.74,-122.42,3.281
0.9234,40.0,2.7365853658536587,1.3853658536585365,662.0,3.229268292682927,34.02,-118.27,1.875
1.8958,39.0,5.014409221902017,1.0115273775216138,1098.0,3.164265129682997,36.74,-119.75,0.513
1.9479,50.0,4.82520325203252,1.0609756097560976,907.0,3.686991869918699,37.76,-122.18,0.895
1.2904,46.0,3.081081081081081,0.990990990990991,1109.0,3.33033033033033,37.95,-121.28,0.633
3.3625,19.0,9.68108108108108,1.983783783783784,327.0,1.7675675675675675,33.28,-116.32,1.0
2.9934,14.0,5.315656565656566,1.0,960.0,2.4242424242424243,34.41,-117.28,1.182
1.5328,36.0,2.570786516853933,1.1606741573033708,3030.0,3.404494382022472,34.1,-118.31,2.5
1.2176,29.0,3.899236641221374,1.076335877862595,2669.0,4.074809160305343,36.77,-119.77,0.619
2.5446,27.0,22.646341463414632,3.953658536585366,1135.0,2.768292682926829,34.26,-117.16,1.352
4.1379,22.0,4.683168316831683,1.094059405940594,1015.0,2.512376237623762,33.8,-118.06,2.125
2.1471,33.0,4.313131313131313,1.1868686868686869,645.0,3.257575757575758,33.99,-118.47,2.393
6.9635,5.0,4.38563829787234,1.0319148936170213,779.0,2.0718085106382977,37.54,-122.26,4.173
1.0,33.0,4.140939597315437,1.251677852348993,777.0,2.6073825503355703,33.19,-115.46,0.4
3.3281,18.0,4.88539741219963,0.9279112754158964,1755.0,3.243992606284658,38.42,-121.37,0.912
4.2028,38.0,5.544747081712062,1.0700389105058363,1518.0,2.953307392996109,37.38,-122.04,2.736
2.334,30.0,5.365217391304348,1.0608695652173914,1688.0,2.935652173913044,39.51,-121.52,0.722
4.5399,52.0,4.898601398601398,1.0874125874125875,954.0,1.667832167832168,37.8,-122.43,5.00001
5.2951,12.0,7.55,1.0925925925925926,1618.0,2.9962962962962965,37.14,-121.69,3.862
3.8158,24.0,5.006476683937824,1.038860103626943,2670.0,3.458549222797928,33.75,-117.98,1.8
6.0,26.0,6.31063829787234,1.0680851063829788,738.0,3.140425531914893,33.71,-118.03,2.714
1.6767,26.0,5.720779220779221,1.3571428571428572,855.0,2.7759740259740258,37.64,-120.9,0.813
2.3365,22.0,6.468085106382978,1.180851063829787,1076.0,3.8156028368794326,36.35,-119.45,0.696
2.1046,35.0,3.981273408239701,1.16729088639201,2221.0,2.772784019975031,34.03,-118.32,1.14
5.0804,22.0,5.596923076923077,1.106153846153846,1329.0,2.0446153846153847,37.38,-122.11,5.00001
5.1788,52.0,4.786792452830189,1.0547169811320756,849.0,1.6018867924528302,37.77,-122.44,4.769
7.2074,3.0,6.488188976377953,1.110236220472441,3318.0,2.6125984251968504,33.73,-117.79,2.913
5.8461,34.0,6.323529411764706,0.9950980392156864,664.0,3.2549019607843137,33.81,-117.94,2.274
3.6964,28.0,4.78968253968254,1.0,724.0,2.873015873015873,37.96,-122.04,1.657
3.2431,14.0,52.848214285714285,11.410714285714286,265.0,2.3660714285714284,37.64,-119.02,2.214
5.9397,26.0,6.957142857142857,0.9885714285714284,1088.0,3.1085714285714285,33.82,-117.87,2.494
1.9923,21.0,3.355828220858896,1.0828220858895703,2265.0,3.473926380368098,33.78,-118.26,1.647
3.3371,32.0,4.845195729537367,1.0427046263345197,1702.0,3.02846975088968,32.57,-117.11,1.405
2.1771,18.0,5.127272727272727,1.0772727272727274,772.0,3.5090909090909093,36.44,-119.97,0.392
2.1435,52.0,2.8095238095238093,1.0,1920.0,2.5396825396825395,34.06,-118.31,3.289
3.2171,14.0,3.284369114877589,1.009416195856874,1494.0,2.8135593220338984,34.15,-118.27,2.308
4.385,35.0,6.356451612903226,1.0403225806451613,1668.0,2.6903225806451614,38.26,-122.73,3.177
5.1296,35.0,5.958490566037736,1.1320754716981132,1012.0,3.818867924528302,34.27,-118.45,1.959
5.7301,26.0,6.2444444444444445,0.9709401709401708,1930.0,3.299145299145299,33.68,-117.97,2.609
3.6301,7.0,5.766690091356289,1.0702740688685874,4399.0,3.0913562895291635,33.25,-117.32,1.709
3.1389,14.0,4.578082191780822,1.0493150684931507,1079.0,2.956164383561644,34.4,-119.53,2.487
3.1563,17.0,6.095384615384615,1.1415384615384616,773.0,2.378461538461538,39.34,-123.81,2.77
3.8583,11.0,5.186653771760155,1.1218568665377175,2783.0,2.691489361702128,34.24,-118.46,1.707
3.6522,8.0,5.217785843920145,0.9945553539019965,1718.0,3.117967332123412,36.79,-119.87,0.802
6.0809,21.0,6.474167623421355,1.026406429391504,2670.0,3.065442020665901,37.08,-122.07,2.7
5.3478,8.0,6.210344827586207,0.943103448275862,1959.0,3.377586206896552,36.83,-119.73,1.388
3.6193,35.0,4.2519201228878645,1.1551459293394777,1277.0,1.961597542242704,33.78,-118.15,2.5
4.7731,34.0,5.837777777777778,1.04,1409.0,3.131111111111111,33.78,-117.94,1.992
2.1898,40.0,5.915407854984895,1.1661631419939578,725.0,2.190332326283988,41.23,-122.27,0.655
5.9507,11.0,6.185872279700321,1.02247591865858,8721.0,3.111309311452016,34.43,-118.37,2.252
5.3046,37.0,5.028801843317972,1.066820276497696,1661.0,1.913594470046083,33.77,-118.13,3.607
5.5596,52.0,6.380952380952381,1.1468253968253967,630.0,2.5,34.06,-118.37,5.00001
3.9167,52.0,5.634743875278397,1.0200445434298442,1122.0,2.4988864142538976,34.05,-118.34,3.216
5.6513,26.0,7.1936339522546415,1.06631299734748,1389.0,3.684350132625995,34.0,-117.85,2.279
3.0833,25.0,4.2729468599033815,1.0628019323671498,1371.0,3.3115942028985508,33.89,-118.35,2.327
3.5529,43.0,5.865761689291101,1.0723981900452488,1466.0,2.211161387631976,32.76,-117.09,2.23
1.625,34.0,4.8259668508287294,1.091160220994475,935.0,2.5828729281767955,37.96,-120.24,0.794
1.3036,52.0,9.136363636363637,1.5909090909090908,74.0,3.363636363636364,37.64,-121.01,0.75
4.25,18.0,6.222360248447205,1.0260869565217392,2497.0,3.101863354037267,37.32,-120.61,1.463
2.25,25.0,4.137404580152672,1.2290076335877862,442.0,3.3740458015267176,34.04,-118.37,3.333
3.0278,35.0,4.053571428571429,1.0138888888888888,1089.0,2.1607142857142856,37.53,-122.29,3.106
2.5488,30.0,3.773170731707317,1.0634146341463415,1700.0,4.146341463414634,34.06,-118.11,1.875
3.2067,36.0,5.641369047619048,1.1101190476190477,2258.0,3.3601190476190474,34.0,-117.51,1.247
2.4672,37.0,3.1538461538461537,1.0,645.0,1.7108753315649867,32.75,-117.25,2.167
3.9732,41.0,4.8141891891891895,0.9628378378378378,838.0,2.831081081081081,34.03,-118.37,1.884
6.9584,16.0,6.310714285714286,0.9571428571428572,1061.0,3.789285714285714,37.4,-121.87,3.516
3.8333,32.0,6.079787234042553,1.1063829787234043,454.0,2.4148936170212765,39.15,-123.1,1.161
4.6776,8.0,6.871635610766045,1.0910973084886129,2710.0,2.805383022774328,35.13,-120.59,2.955
4.3981,12.0,6.28046421663443,1.1199226305609284,1459.0,2.8220502901353965,38.79,-120.95,2.028
2.5743,15.0,5.64935064935065,1.0357142857142858,1332.0,4.324675324675325,36.35,-119.29,0.602
2.7344,23.0,5.96415770609319,1.2724014336917562,629.0,2.254480286738352,35.39,-120.86,1.883
3.2219,31.0,4.825958702064897,1.12094395280236,1468.0,4.330383480825959,36.51,-121.44,1.147
2.6812,34.0,4.77972027972028,1.006993006993007,1183.0,4.136363636363637,33.89,-118.25,1.041
2.9016,25.0,5.339080459770115,1.1513409961685823,1247.0,2.388888888888889,38.65,-121.27,1.598
4.1071,29.0,4.871254162042176,0.9689234184239732,2069.0,2.2963374028856824,33.79,-118.33,3.656
5.0267,5.0,6.086896551724138,1.1089655172413793,2003.0,2.762758620689655,35.24,-120.52,2.533
2.9052,52.0,3.654520917678812,1.02834008097166,1460.0,1.9703103913630229,37.75,-122.42,4.0
2.6786,21.0,5.008264462809917,1.0888429752066116,1379.0,2.8491735537190084,34.31,-119.1,1.84
5.0762,26.0,5.556521739130435,1.146583850931677,1518.0,1.8857142857142857,34.05,-118.4,5.00001
5.305,5.0,5.562096195262025,1.1177315147164393,4768.0,3.422828427853553,34.4,-118.52,3.112
5.6411,6.0,5.7781299524564185,1.026148969889065,2468.0,1.955625990491284,37.29,-121.74,2.947
6.7501,34.0,6.837301587301587,1.1071428571428572,617.0,2.4484126984126986,33.95,-118.11,4.0
3.4911,6.0,7.593360995850622,1.3402489626556016,1243.0,2.578838174273859,35.08,-118.61,1.372
1.7656,42.0,4.144702842377261,1.0310077519379846,1581.0,4.0852713178294575,33.96,-118.28,0.967
3.2792,40.0,4.452975047984645,1.0786948176583493,1499.0,2.8771593090211134,37.76,-122.51,2.608
2.5272,5.0,6.080049261083744,1.4027093596059113,2204.0,2.7142857142857144,34.1,-117.41,0.92
4.9688,35.0,5.380597014925373,1.0298507462686568,795.0,2.966417910447761,34.25,-118.48,2.169
6.0,22.0,4.88425925925926,0.9444444444444444,682.0,3.1574074074074074,33.85,-118.08,1.913
1.4091,38.0,5.7,1.1466666666666667,468.0,3.12,40.57,-122.39,0.844
4.8929,21.0,6.415730337078652,1.0112359550561798,999.0,2.806179775280899,33.2,-117.23,2.125
2.3774,26.0,4.867803837953092,1.0788912579957357,634.0,1.35181236673774,33.6,-117.7,0.743
5.5284,37.0,5.46360153256705,0.992337164750958,689.0,2.6398467432950192,34.0,-118.41,3.31
2.9392,46.0,3.8774038461538463,0.9519230769230768,966.0,2.3221153846153846,34.13,-118.27,2.303
2.4952,32.0,4.001234567901235,1.1049382716049383,1592.0,1.965432098765432,34.1,-117.72,1.818
3.0,25.0,5.271084337349397,0.9397590361445785,646.0,3.891566265060241,36.8,-119.71,0.728
2.2976,25.0,4.976923076923077,1.2230769230769232,1000.0,2.5641025641025643,41.8,-123.38,0.544
2.9063,9.0,4.409090909090909,0.9090909090909092,91.0,4.136363636363637,37.08,-120.79,0.55
1.6303,14.0,4.380653266331659,1.1168341708542713,2352.0,2.9547738693467336,35.65,-120.69,1.449
4.0227,19.0,5.950184501845018,1.011070110701107,1760.0,3.2472324723247232,36.77,-119.58,1.265
1.5086,12.0,3.983651226158038,0.9700272479564032,1708.0,4.653950953678474,36.21,-120.1,0.647
3.7019,37.0,4.514388489208633,0.8561151079136691,671.0,2.413669064748201,32.78,-116.97,1.386
3.9861,35.0,5.912280701754386,1.0701754385964912,578.0,3.380116959064328,33.89,-118.0,1.887
3.0536,49.0,3.66530612244898,0.9959183673469388,779.0,3.179591836734694,37.78,-122.21,1.375
1.2175,52.0,2.890909090909091,1.12,1118.0,4.065454545454545,34.01,-118.28,1.313
1.925,20.0,5.549618320610687,1.2442748091603053,624.0,2.381679389312977,33.57,-114.57,0.655
5.0322,43.0,3.658198614318706,1.1016166281755195,799.0,1.8452655889145493,33.85,-118.42,4.35
2.8608,30.0,3.641340782122905,1.0525139664804468,2744.0,3.065921787709497,33.91,-118.08,1.656
2.7,32.0,5.563380281690141,1.0633802816901408,380.0,2.676056338028169,39.44,-123.73,1.65
7.8532,8.0,6.961538461538462,1.043956043956044,1527.0,4.195054945054945,37.44,-121.89,4.228
5.2608,19.0,7.092857142857143,1.0446428571428572,1586.0,2.8321428571428573,36.73,-119.71,1.514
3.9722,17.0,20.90078328981724,3.608355091383812,999.0,2.608355091383812,38.93,-120.0,3.134
1.9107,36.0,4.912863070539419,1.3112033195020747,672.0,2.788381742738589,35.0,-117.65,0.398
6.3967,36.0,6.666666666666667,1.0481927710843373,655.0,2.630522088353413,37.39,-122.11,5.00001
4.4394,34.0,5.020527859237537,0.9296187683284456,956.0,2.803519061583578,38.0,-122.3,1.62
5.9397,26.0,6.957142857142857,0.9885714285714284,1088.0,3.1085714285714285,33.82,-117.87,2.494
1.7137,16.0,7.070844686648502,1.651226158038147,1046.0,2.8501362397820165,32.74,-116.35,1.107
4.8359,18.0,6.557591623036649,0.9842931937172776,1162.0,3.0418848167539267,34.87,-120.42,1.957
5.6315,34.0,4.5405982905982905,1.064102564102564,1052.0,2.247863247863248,33.62,-117.93,4.846
2.7679,39.0,6.103448275862069,1.2586206896551724,184.0,3.1724137931034484,33.93,-118.21,1.089
1.5064,42.0,4.3858615611192935,1.0220913107511045,1879.0,2.767304860088365,39.72,-121.82,0.663
4.008,33.0,5.191176470588236,1.1650326797385622,1845.0,3.014705882352941,34.26,-118.29,1.911
3.4527,22.0,4.708624708624709,1.0862470862470863,1010.0,2.3543123543123543,32.78,-117.22,1.75
15.0001,47.0,8.592307692307692,1.0615384615384615,749.0,2.8807692307692307,34.13,-118.1,5.00001
2.1591,32.0,3.737903225806452,1.0080645161290325,970.0,3.911290322580645,33.97,-118.15,1.815
4.3222,15.0,6.361247216035634,1.1184855233853006,7540.0,3.3585746102449887,33.91,-117.43,1.38
4.4211,41.0,5.656903765690377,1.165271966527197,1047.0,2.190376569037657,34.01,-118.47,4.629
2.6818,39.0,4.032894736842105,1.0328947368421053,1528.0,3.3508771929824563,37.32,-121.87,1.849
4.2132,2.0,6.200305810397554,1.1238532110091743,1730.0,2.6452599388379205,36.83,-119.88,0.965
3.9333,26.0,4.668478260869565,1.046195652173913,1022.0,2.777173913043478,33.83,-118.0,1.961
4.5428,52.0,5.283495145631068,1.050485436893204,1185.0,2.300970873786408,37.8,-122.22,2.398
4.6458,9.0,5.21479374110953,1.0113798008534851,2341.0,3.330014224751067,37.61,-121.99,2.17
4.475,32.0,3.923512747875354,1.0084985835694051,1096.0,3.104815864022663,37.66,-122.41,2.467
3.7375,29.0,4.166666666666667,1.1225490196078431,563.0,2.7598039215686274,33.88,-118.3,2.477
4.1296,38.0,4.222780569514238,1.083752093802345,1091.0,1.8274706867671693,34.02,-118.39,3.229
4.1339,52.0,4.567058823529412,1.0258823529411765,955.0,2.247058823529412,37.78,-122.47,3.964
6.2579,10.0,6.443322981366459,1.029503105590062,3827.0,2.9712732919254656,37.65,-122.04,3.155
3.0278,15.0,5.333333333333333,0.9347319347319348,1238.0,2.885780885780886,36.09,-119.04,0.774
2.6299,35.0,4.042402826855124,1.0901060070671378,2222.0,3.9257950530035335,34.22,-118.46,1.707
3.253,20.0,4.582213987957387,1.0574339972209357,7228.0,3.347846225104215,33.98,-117.9,1.867
2.8702,36.0,5.245569620253165,1.0329113924050632,964.0,2.440506329113924,34.07,-117.66,1.37
2.7222,25.0,5.528301886792453,1.2547169811320755,1117.0,2.634433962264151,41.86,-123.26,0.646
2.5741,29.0,4.932160804020101,0.984924623115578,1208.0,3.0351758793969847,36.71,-119.56,0.73
5.8509,47.0,5.251655629139073,1.0794701986754969,334.0,2.2119205298013247,37.92,-122.52,3.178
1.4329,21.0,3.057761732851985,1.0036101083032491,1283.0,4.631768953068592,33.93,-118.28,0.941
4.3438,36.0,5.829545454545454,1.0340909090909092,505.0,2.8693181818181817,33.8,-118.13,2.336
1.7,48.0,2.86,0.82,222.0,4.44,33.79,-118.22,1.042
2.8085,16.0,5.648760330578512,1.0351239669421488,1413.0,2.919421487603306,40.46,-122.45,1.057
6.5044,33.0,6.767241379310345,1.0043103448275863,1214.0,2.6163793103448274,34.01,-118.36,3.504
2.8625,21.0,4.958695652173913,1.2108695652173913,1510.0,3.282608695652174,33.82,-117.99,1.896
3.7619,47.0,4.997361477572559,1.0765171503957784,1629.0,4.298153034300792,34.04,-118.2,1.276
6.2473,24.0,6.8927392739273925,1.0297029702970295,1704.0,2.811881188118812,33.68,-117.98,2.819
3.3625,13.0,5.0443951165371805,1.0566037735849056,2188.0,2.428412874583796,37.99,-121.84,1.261
5.4449,16.0,6.504237288135593,1.0084745762711864,768.0,3.254237288135593,35.34,-119.08,1.185
4.6964,35.0,5.613636363636363,1.0318181818181815,875.0,3.977272727272727,33.86,-117.94,1.831
3.7796,21.0,5.256997455470738,1.037319762510602,2827.0,2.397794741306192,38.67,-121.16,1.59
3.8372,13.0,5.962162162162162,1.0864864864864865,1796.0,3.236036036036036,37.61,-120.94,1.293
3.375,52.0,5.1807780320366135,1.0045766590389016,1031.0,2.359267734553776,34.08,-117.65,1.443
3.1071,24.0,5.132075471698113,1.0566037735849056,442.0,4.169811320754717,36.28,-119.81,0.561
3.7813,52.0,5.057755775577558,1.0264026402640265,1405.0,2.3184818481848186,37.75,-122.41,2.759
1.4937,20.0,4.570552147239264,0.9754601226993864,1474.0,4.521472392638037,36.61,-119.54,0.547
5.4675,32.0,6.169934640522876,1.0130718954248366,1790.0,2.9248366013071894,37.26,-121.91,2.611
7.672,42.0,5.95852534562212,0.9861751152073732,459.0,2.115207373271889,34.15,-118.43,4.676
5.9265,36.0,6.199546485260771,1.0158730158730158,1308.0,2.965986394557824,33.83,-118.09,2.273
1.8242,47.0,4.257990867579909,1.0616438356164384,1916.0,4.3744292237442925,33.99,-118.26,0.95
4.675,34.0,5.3486590038314175,0.9386973180076628,661.0,2.532567049808429,33.88,-117.9,2.154
4.3315,17.0,6.046511627906977,1.0116279069767442,709.0,2.748062015503876,36.83,-119.8,0.958
3.1838,27.0,5.061959654178675,1.1397694524495676,1875.0,2.701729106628242,37.95,-122.05,1.82
4.1444,14.0,5.116279069767442,1.0149501661129567,2472.0,2.053156146179402,37.29,-121.86,1.784
4.475,13.0,6.9703125,1.19375,1795.0,2.8046875,35.6,-120.6,2.069
3.2792,32.0,4.657894736842105,1.0160183066361557,1900.0,2.1739130434782608,34.27,-119.24,2.205
4.0426,15.0,6.884803921568627,1.1029411764705883,1267.0,3.105392156862745,39.23,-121.0,1.917
2.8068,24.0,4.391203703703703,0.9814814814814816,2225.0,2.5752314814814814,38.68,-121.79,0.953
4.0977,50.0,4.788008565310492,1.0364025695931478,1171.0,2.507494646680942,37.76,-122.48,3.221
4.0962,33.0,6.1308016877637135,1.0548523206751057,677.0,2.8565400843881856,38.25,-122.62,1.702
3.7614,37.0,3.941176470588236,1.0529411764705885,1008.0,2.9647058823529413,34.0,-118.43,3.143
4.8051,21.0,5.857142857142857,1.053391053391053,1874.0,2.704184704184704,39.0,-121.04,1.743
8.0599,31.0,6.365248226950355,0.99645390070922,872.0,3.092198581560284,37.35,-122.06,3.818
5.0778,16.0,6.274356103023516,1.0503919372900337,3045.0,3.4098544232922734,33.86,-118.06,2.937
4.76,14.0,6.096666666666667,1.02,1951.0,3.2516666666666665,36.83,-121.37,2.16
3.8958,33.0,5.419354838709677,0.9723502304147466,529.0,2.43778801843318,39.13,-123.23,1.44
3.4028,52.0,4.429184549356223,1.0643776824034334,1726.0,3.703862660944206,37.76,-122.41,2.333
3.1968,39.0,5.068965517241379,0.9386973180076628,705.0,2.7011494252873565,37.97,-122.04,1.51
1.6094,43.0,3.678571428571429,1.042857142857143,445.0,3.1785714285714284,32.67,-117.11,0.93
3.0156,36.0,5.581081081081081,1.0675675675675675,764.0,3.4414414414414414,38.59,-121.38,1.03
2.8702,36.0,5.245569620253165,1.0329113924050632,964.0,2.440506329113924,34.07,-117.66,1.37
2.9375,44.0,4.532846715328467,0.9854014598540146,811.0,2.95985401459854,33.98,-118.3,0.952
2.4353,36.0,5.717213114754099,1.0819672131147542,700.0,2.8688524590163933,38.19,-121.57,1.625
3.79,52.0,4.643867924528302,0.9174528301886792,877.0,2.068396226415094,32.74,-117.12,1.634
2.5542,35.0,5.8483754512635375,0.9963898916967509,939.0,3.3898916967509027,38.68,-121.37,0.729
14.5833,24.0,5.613333333333333,0.8533333333333334,163.0,2.1733333333333333,37.92,-122.52,5.00001
4.3264,10.0,5.1652892561983474,1.008264462809917,1055.0,2.90633608815427,34.05,-117.69,1.289
2.0536,44.0,2.76605504587156,0.9495412844036696,588.0,2.697247706422018,34.03,-118.15,1.864
1.7303,24.0,4.612990527740189,1.087956698240866,1939.0,2.6238159675236807,33.78,-116.95,0.74
5.8127,34.0,5.424,0.9573333333333334,1016.0,2.7093333333333334,37.31,-121.98,2.883
5.9641,44.0,4.357142857142857,1.0285714285714285,156.0,2.2285714285714286,33.99,-118.44,2.75
2.3636,32.0,3.633946830265849,1.096114519427403,1684.0,3.443762781186094,34.07,-118.28,1.9
4.475,36.0,5.45273631840796,1.0149253731343284,569.0,2.8308457711442787,33.91,-118.14,1.823
2.0673,24.0,4.409313725490196,1.1519607843137254,1416.0,3.4705882352941178,34.96,-120.43,1.369
7.5619,15.0,7.640226628895184,1.0594900849858355,2383.0,3.375354107648725,33.65,-117.69,3.02
2.2101,16.0,10.385245901639344,2.2827868852459017,638.0,2.614754098360656,39.86,-121.14,0.888
2.0385,47.0,5.017543859649122,0.9941520467836256,365.0,2.134502923976608,34.17,-118.35,2.25
4.1716,11.0,5.472144063027574,1.0106921778277995,5247.0,2.952729319077096,32.85,-116.96,1.661
4.3261,36.0,5.60655737704918,0.9929742388758782,1490.0,3.489461358313817,34.21,-118.52,2.067
3.0107,52.0,4.746458923512748,1.018413597733711,2101.0,2.975920679886685,37.72,-122.43,2.42
6.4247,14.0,6.560196560196561,1.0466830466830468,1034.0,2.5405405405405403,33.07,-117.3,2.951
2.4038,46.0,3.6126543209876543,1.0848765432098766,2371.0,3.658950617283951,34.07,-118.26,1.817
3.2663,19.0,3.6049129989764586,1.060388945752303,1820.0,1.8628454452405323,34.04,-118.46,3.375
3.5268,23.0,4.894308943089431,1.0975609756097562,409.0,3.3252032520325203,34.09,-118.05,1.464
4.5458,6.0,5.154015401540154,1.0616061606160616,2180.0,2.398239823982398,34.28,-118.77,2.082
3.0587,5.0,5.284007352941177,1.2729779411764706,2382.0,2.1893382352941178,34.08,-117.21,1.431
3.3611,42.0,4.326164874551972,0.996415770609319,699.0,2.505376344086021,37.75,-121.43,1.176
1.4028,37.0,4.596153846153846,0.9423076923076924,308.0,5.923076923076923,33.93,-118.23,1.054
1.3684,52.0,4.082644628099174,1.1694214876033058,475.0,1.962809917355372,38.44,-122.71,2.583
2.8783,5.0,5.821086261980831,1.172523961661342,798.0,2.549520766773163,33.95,-117.02,1.052
3.9187,25.0,5.07469244288225,1.0764499121265378,3580.0,3.145869947275923,37.31,-121.97,3.149
3.0313,30.0,6.520912547528517,1.0304182509505704,842.0,3.201520912547529,38.5,-121.49,0.879
4.0071,15.0,4.532258064516129,1.021994134897361,1602.0,2.348973607038124,38.34,-122.69,1.355
2.8958,17.0,4.392905866302865,0.9768076398362892,1381.0,1.884038199181446,34.18,-118.91,1.76
1.73,44.0,5.0245098039215685,0.9705882352941176,506.0,2.480392156862745,37.85,-122.28,1.479
1.9955,50.0,5.101010101010101,0.98989898989899,852.0,2.8686868686868685,36.75,-119.75,0.542
2.6384,16.0,4.527303754266212,1.0341296928327646,1693.0,2.889078498293516,38.46,-122.75,1.469
2.5893,27.0,4.209966777408638,1.0817275747508306,4673.0,3.104983388704319,33.92,-118.12,1.837
2.7019,44.0,4.054373522458629,1.0874704491725768,1740.0,4.113475177304965,34.02,-118.14,1.533
4.1,27.0,5.522491349480969,1.027681660899654,1703.0,5.892733564013841,33.71,-117.88,1.849
4.6167,13.0,6.221052631578948,1.1078947368421053,1257.0,3.307894736842105,35.06,-120.61,2.731
1.4205,28.0,31.0625,8.5,98.0,2.0416666666666665,35.72,-118.59,0.9
2.9605,37.0,4.48,1.06,1618.0,4.622857142857143,34.13,-117.99,1.294
3.3281,32.0,5.067901234567901,0.9629629629629628,1261.0,2.594650205761317,36.79,-119.76,0.751
1.6429,46.0,3.8341625207296848,1.0364842454394694,1552.0,2.57379767827529,34.03,-118.33,1.25
2.4375,37.0,3.549504950495049,0.9752475247524752,1667.0,4.126237623762377,34.19,-118.38,1.763
4.3651,2.0,6.621134020618556,1.1108247422680413,1232.0,3.1752577319587627,33.61,-117.12,1.456
7.2118,13.0,6.524752475247524,1.0297029702970295,1137.0,2.8143564356435644,33.68,-117.79,3.115
4.0938,37.0,5.979591836734694,1.046382189239332,1325.0,2.458256029684601,38.13,-122.24,1.269
2.837,38.0,4.57089552238806,1.0149253731343284,1823.0,3.401119402985074,34.07,-117.64,1.112
2.5074,33.0,5.665441176470588,1.150735294117647,880.0,3.235294117647059,36.94,-121.02,1.177
5.193,8.0,6.255813953488372,0.9900332225913622,999.0,3.318936877076412,37.81,-121.21,1.721
3.1286,19.0,5.23607427055703,1.0424403183023874,799.0,2.119363395225464,37.66,-120.97,1.375
3.5962,36.0,6.095419847328245,1.1488549618320612,632.0,2.412213740458016,40.31,-121.24,0.936
2.59,45.0,5.471111111111111,1.1311111111111112,1587.0,3.526666666666667,37.74,-122.4,2.118
2.8701,26.0,3.683250414593698,1.097844112769486,1998.0,3.313432835820896,34.2,-118.53,1.911
2.2083,52.0,4.107438016528926,1.0909090909090908,547.0,4.520661157024794,34.03,-118.21,1.463
3.2664,29.0,5.057899901864573,1.0637880274779197,2459.0,2.41315014720314,38.13,-122.23,1.429
5.4074,16.0,7.076923076923077,1.051282051282051,495.0,3.173076923076923,38.24,-122.03,1.577
7.1576,52.0,10.344827586206897,1.2137931034482758,384.0,2.648275862068965,34.08,-118.45,5.00001
4.2071,8.0,5.539936102236422,1.0782747603833869,1604.0,2.562300319488818,36.86,-119.78,1.283
4.4671,47.0,5.3825665859564165,0.9927360774818402,1163.0,2.8159806295399514,33.74,-118.3,2.708
3.9688,30.0,6.60431654676259,1.1079136690647482,469.0,3.3741007194244603,37.61,-120.8,1.75
2.9072,8.0,5.389845094664372,1.073580034423408,6133.0,2.6389845094664373,34.54,-117.22,1.192
3.0208,34.0,4.5,0.9835680751173708,1181.0,2.772300469483568,32.75,-117.06,1.292
3.9038,35.0,4.535830618892508,1.0798045602605864,1631.0,2.6563517915309447,34.18,-118.41,2.761
6.0382,26.0,5.33271375464684,1.053903345724907,1157.0,2.150557620817844,33.84,-118.38,3.553
2.1806,45.0,4.02928870292887,0.9790794979079498,1194.0,4.99581589958159,34.04,-118.19,1.349
6.1668,9.0,7.596153846153846,1.3798076923076923,465.0,2.235576923076923,36.37,-121.66,4.058
4.8194,45.0,5.197860962566845,0.9679144385026738,554.0,2.962566844919786,34.21,-118.4,1.813
3.7411,45.0,4.911392405063292,0.9968354430379748,785.0,2.4841772151898733,34.18,-118.33,2.355
4.712,19.0,4.246376811594203,0.991304347826087,646.0,1.872463768115942,37.39,-122.07,2.893
1.5909,44.0,2.7336244541484715,1.1179039301310043,572.0,2.497816593886463,32.72,-117.17,2.625
3.3229,9.0,4.5,1.0461538461538462,860.0,1.6538461538461535,36.84,-119.82,1.193
4.2917,6.0,5.142276422764228,0.9227642276422764,764.0,3.105691056910569,36.29,-119.79,1.042
2.2621,43.0,5.314285714285714,1.0696428571428571,1181.0,2.108928571428572,39.74,-121.84,0.851
7.736,21.0,7.0,1.0469208211143697,913.0,2.677419354838709,37.11,-121.95,3.977
4.375,22.0,6.378048780487805,1.1890243902439024,527.0,3.213414634146341,37.99,-121.67,2.135
4.0893,16.0,4.6104651162790695,1.0959302325581397,625.0,1.816860465116279,34.15,-118.34,4.5
4.0417,44.0,4.322695035460993,1.148936170212766,1036.0,3.673758865248227,34.12,-118.19,1.706
4.5,18.0,6.142857142857143,1.0729483282674772,912.0,2.7720364741641337,38.46,-122.91,2.519
1.6983,34.0,4.872586872586872,1.0308880308880308,520.0,2.007722007722008,40.58,-122.38,0.726
2.1782,34.0,4.535037878787879,1.112689393939394,3134.0,2.9678030303030303,33.61,-114.59,0.584
3.7167,17.0,5.034129692832765,1.0511945392491469,549.0,1.8737201365187712,32.8,-117.05,1.804
2.6917,24.0,4.351464435146443,1.0753138075313808,1976.0,4.133891213389122,34.09,-118.02,1.7
5.3961,52.0,6.6871165644171775,1.0,856.0,2.625766871165644,37.74,-122.46,4.169
3.6618,36.0,4.483660130718954,0.9640522875816994,774.0,2.5294117647058822,34.22,-118.43,1.873
3.7318,43.0,4.13,1.07,1029.0,2.058,37.39,-122.09,3.277
4.6125,41.0,6.022471910112359,1.00749063670412,676.0,2.5318352059925093,37.53,-122.31,3.617
2.0938,16.0,2.74585635359116,1.0828729281767957,800.0,2.209944751381216,37.8,-122.27,1.625
2.096,34.0,2.466893039049236,0.99830220713073,1987.0,3.3735144312393888,34.05,-118.3,1.875
4.0089,51.0,5.521739130434782,0.9862700228832952,1095.0,2.505720823798627,37.75,-122.47,3.57
3.052,17.0,3.355781448538755,1.0196950444726811,4116.0,2.614993646759848,34.15,-118.24,2.098
8.9083,15.0,6.947712418300654,1.0130718954248366,905.0,2.957516339869281,37.54,-122.27,5.00001
3.8056,35.0,5.1679389312977095,1.083969465648855,501.0,1.9122137404580155,34.16,-118.4,3.847
4.0603,21.0,4.580993520518359,0.961123110151188,2211.0,4.775377969762419,34.96,-120.45,1.176
1.3569,32.0,4.603340292275574,1.091858037578288,1772.0,3.69937369519833,36.32,-119.64,0.431
2.9063,31.0,5.508710801393728,1.0418118466898956,776.0,2.7038327526132404,40.87,-121.67,0.778
1.4028,46.0,4.047970479704797,1.0387453874538746,924.0,1.7047970479704797,36.76,-119.82,0.685
2.9154,9.0,3.719251336898396,1.181818181818182,1790.0,2.393048128342246,33.79,-118.3,2.033
2.1542,27.0,3.182142857142857,1.0,1785.0,3.1875,32.66,-117.1,1.063
3.3571,17.0,6.083333333333333,1.1027131782945736,1612.0,3.124031007751938,34.06,-117.38,1.123
1.9444,23.0,4.285539215686274,1.0870098039215683,2467.0,3.0232843137254903,37.61,-120.96,0.934
3.1167,39.0,4.659574468085107,1.0611702127659577,1071.0,2.848404255319149,37.78,-122.2,1.216
3.2917,19.0,6.182656826568266,1.0867158671586716,1578.0,2.911439114391144,36.69,-119.47,1.601
2.5333,43.0,5.9753086419753085,1.228395061728395,434.0,2.6790123456790123,37.72,-122.47,2.393
3.2636,22.0,4.625,1.0554347826086956,2901.0,3.1532608695652176,33.78,-117.98,1.802
1.8208,26.0,4.738430583501006,1.06841046277666,1047.0,2.106639839034205,39.13,-121.63,0.795
10.8783,52.0,8.503184713375797,0.961783439490446,402.0,2.560509554140128,37.79,-122.44,5.00001
3.7065,36.0,5.235807860262009,1.1353711790393013,665.0,2.903930131004367,34.89,-117.05,0.62
3.5536,19.0,5.742599742599743,1.0656370656370655,2229.0,2.8687258687258685,40.36,-120.71,1.057
3.7167,46.0,4.699822380106572,1.078152753108348,1418.0,2.5186500888099466,37.78,-122.5,3.328
2.9688,52.0,4.230547550432276,1.0461095100864553,870.0,2.5072046109510087,37.77,-122.28,2.208
5.0839,25.0,6.03921568627451,1.1509803921568629,1558.0,3.054901960784313,34.73,-118.61,1.567
5.2155,36.0,5.791666666666667,1.0297619047619049,871.0,2.5922619047619047,33.82,-118.1,2.548
3.375,33.0,3.732456140350877,1.013157894736842,936.0,4.105263157894737,34.08,-118.17,1.475
3.5,30.0,5.728882833787466,1.0517711171662123,2012.0,2.741144414168937,32.74,-117.02,1.447
2.3333,27.0,3.937759336099585,0.9294605809128632,888.0,3.684647302904564,37.42,-120.77,0.728
4.0357,36.0,5.103448275862069,1.0344827586206895,946.0,4.077586206896552,33.96,-118.1,1.625
7.5418,52.0,5.675,1.095,441.0,2.205,37.45,-122.16,4.92
4.4091,37.0,5.4171597633136095,1.0532544378698223,925.0,2.7366863905325443,33.93,-118.33,1.484
1.6214,17.0,6.0,1.277258566978193,1054.0,3.283489096573209,37.33,-121.01,0.715
1.5057,52.0,4.77992277992278,1.111969111969112,622.0,2.4015444015444016,37.82,-122.28,0.875
8.3252,41.0,6.984126984126984,1.0238095238095235,322.0,2.555555555555556,37.88,-122.23,4.526
3.6902,41.0,5.221311475409836,1.040983606557377,1290.0,2.64344262295082,36.99,-122.01,2.33
2.7986,14.0,4.586837294332724,1.117001828153565,1814.0,3.316270566727605,33.75,-117.96,1.761
1.7464,35.0,3.218,1.108,1675.0,1.675,37.87,-122.27,2.167
8.2159,22.0,7.599656357388316,1.0687285223367695,1995.0,3.427835051546392,34.3,-118.54,3.762
2.1182,40.0,3.7936507936507935,1.034920634920635,1135.0,3.6031746031746033,36.7,-119.56,0.589
1.2292,36.0,4.833333333333333,1.0555555555555556,285.0,3.1666666666666665,38.59,-121.55,0.696
2.59,21.0,5.840764331210191,1.0222929936305734,1120.0,3.56687898089172,36.71,-119.52,0.693
5.0165,35.0,6.035714285714286,1.2969924812030076,2755.0,2.5892857142857144,37.17,-122.16,2.023
3.0704,18.0,5.365748709122203,1.0611015490533562,4127.0,3.551635111876076,33.19,-117.29,1.516
2.3929,15.0,4.493796526054591,1.0074441687344913,718.0,1.781637717121588,38.46,-122.68,1.413
1.9531,27.0,4.075675675675676,1.0810810810810811,746.0,4.032432432432432,34.09,-117.58,1.008
4.1618,52.0,6.065602836879433,1.0602836879432624,1203.0,2.132978723404255,34.07,-118.34,5.00001
4.0301,14.0,4.536612021857923,1.028415300546448,3163.0,3.456830601092896,34.31,-118.44,1.543
2.1776,34.0,4.633744855967078,1.0534979423868314,589.0,2.4238683127572016,38.61,-121.42,0.844
4.023,14.0,5.594736842105263,1.091578947368421,2228.0,2.345263157894737,38.42,-122.66,2.084
3.0,24.0,4.626146788990826,0.9541284403669724,900.0,2.0642201834862384,33.92,-117.97,2.514
3.1563,42.0,6.1875,1.0,158.0,4.9375,37.36,-121.92,1.375
4.2009,7.0,4.843890478136494,1.0997139354311405,4404.0,1.7997548017981202,34.18,-118.59,2.713
5.2088,28.0,6.701357466063349,1.158371040723982,688.0,3.1131221719457014,37.27,-121.89,2.409
3.338,34.0,4.575916230366492,0.9982547993019196,1997.0,3.485165794066317,34.19,-118.42,2.225
1.8696,23.0,5.4278606965174125,1.079601990049751,539.0,2.681592039800995,40.54,-123.12,0.615
2.5008,22.0,3.405383360522023,1.1080750407830342,9135.0,3.725530179445351,34.23,-118.47,1.6
2.1937,20.0,3.625766871165644,1.1625766871165644,678.0,2.079754601226994,32.75,-117.14,1.625
2.9526,24.0,4.725085910652921,1.168384879725086,1699.0,1.946162657502864,37.9,-122.05,2.71
1.6331,35.0,4.182926829268292,1.0975609756097562,850.0,2.591463414634146,38.61,-121.47,0.675
1.875,38.0,4.65625,0.95,721.0,4.50625,33.91,-118.24,1.029
1.7273,29.0,6.492647058823529,1.375,326.0,2.397058823529412,38.96,-122.64,0.582
5.2442,26.0,6.367441860465116,0.9953488372093025,1316.0,3.0604651162790697,37.97,-121.98,2.132
5.8142,28.0,7.648648648648648,1.237837837837838,898.0,2.427027027027027,36.49,-121.88,5.00001
8.7172,32.0,7.693430656934306,1.1277372262773722,769.0,2.8065693430656933,34.16,-118.48,5.00001
3.267,23.0,3.860557768924303,1.1474103585657371,670.0,2.6693227091633465,33.92,-118.33,1.854
5.1811,6.0,9.431884057971017,1.3478260869565215,1168.0,3.3855072463768114,38.42,-121.36,1.884
6.5853,16.0,7.379464285714286,1.0178571428571428,690.0,3.080357142857143,32.91,-117.08,2.484
3.1912,33.0,4.8950471698113205,1.0023584905660377,3563.0,4.201650943396227,34.08,-117.96,1.599
2.6929,16.0,4.942973523421589,1.0631364562118126,794.0,1.6171079429735231,34.11,-117.69,1.193
3.962,43.0,4.536723163841808,1.152542372881356,862.0,2.4350282485875705,34.0,-118.45,3.458
9.2298,25.0,7.237676056338028,0.9471830985915493,1585.0,2.790492957746479,37.31,-122.05,5.00001
2.625,13.0,6.401486988847584,1.20817843866171,712.0,2.646840148698885,37.29,-119.6,1.375
6.0797,26.0,6.2514450867052025,0.9797687861271676,947.0,2.73699421965318,37.67,-121.79,2.11
2.723,20.0,6.496969696969697,1.1954545454545455,1800.0,2.727272727272727,41.48,-122.93,0.796
6.0622,10.0,10.095238095238097,1.809523809523809,78.0,3.7142857142857135,37.18,-122.03,3.9
2.7026,38.0,3.331269349845201,0.8854489164086687,1535.0,4.752321981424148,34.04,-118.16,1.45
0.9218,21.0,2.045662100456621,1.0342465753424657,735.0,1.678082191780822,37.82,-122.27,1.719
4.1354,52.0,5.202868852459017,1.0184426229508197,1152.0,2.360655737704918,33.82,-118.17,2.682
3.875,44.0,5.599537037037037,1.0115740740740742,1045.0,2.4189814814814814,34.15,-118.02,2.808
2.4659,45.0,5.5736677115987465,1.0626959247648904,839.0,2.6300940438871474,38.35,-121.99,1.029
4.3661,35.0,5.797665369649805,0.9766536964980544,629.0,2.4474708171206228,33.8,-117.84,2.221
4.8571,28.0,6.864864864864865,0.945945945945946,118.0,3.189189189189189,35.43,-119.09,2.375
1.8972,17.0,4.382830626450116,1.0893271461716938,2393.0,2.776102088167053,38.66,-121.38,1.005
4.526,19.0,7.042780748663102,1.0106951871657754,517.0,2.764705882352941,36.79,-119.63,1.487
6.8642,21.0,7.315545243619489,0.9535962877030162,1318.0,3.0580046403712298,37.94,-121.95,2.854
5.1163,19.0,6.225206611570248,1.0475206611570247,1356.0,2.801652892561984,34.44,-118.53,2.332
3.9395,33.0,4.9409221902017295,0.9812680115273776,1798.0,2.590778097982709,37.67,-122.12,1.847
1.4886,52.0,4.862745098039215,1.3333333333333333,124.0,2.431372549019608,37.76,-122.38,4.5
1.9911,50.0,5.343675417661098,1.0859188544152745,990.0,2.362768496420048,37.84,-122.26,1.587
2.2336,28.0,5.298217179902755,1.0486223662884928,1595.0,2.5850891410048624,37.68,-120.99,1.127
2.2328,46.0,4.890350877192983,1.0701754385964912,1985.0,4.353070175438597,34.18,-118.15,1.421
3.5054,33.0,3.99375,0.971875,1157.0,3.615625,33.82,-118.21,1.468
2.4167,25.0,4.777070063694268,0.994904458598726,1594.0,2.030573248407644,34.0,-117.04,1.049
15.0001,45.0,10.37065637065637,1.0926640926640927,857.0,3.3088803088803087,34.09,-118.4,5.00001
3.2813,36.0,3.943127962085308,1.0,545.0,2.582938388625593,37.35,-121.95,2.444
1.9425,36.0,4.002816901408451,1.0338028169014084,1418.0,3.9943661971830986,32.69,-117.11,0.934
2.2042,22.0,3.554517133956386,1.0342679127725856,1189.0,3.70404984423676,34.01,-118.11,1.625
4.45,37.0,5.659949622166247,1.0478589420654911,1237.0,3.115869017632242,37.99,-122.02,1.619
0.8928,52.0,4.442953020134228,1.0738255033557047,520.0,3.48993288590604,39.14,-121.58,0.55
3.1786,36.0,5.819672131147541,0.9704918032786886,937.0,3.072131147540984,38.68,-121.37,0.834
0.9365,28.0,3.043887147335423,1.134796238244514,1618.0,2.536050156739812,37.96,-121.28,0.525
2.8135,52.0,4.584329349269589,1.0411686586985391,2987.0,3.9667994687915007,37.76,-122.41,2.603
5.5867,35.0,5.350574712643678,1.0402298850574712,516.0,2.9655172413793105,33.86,-117.93,1.825
4.0208,8.0,2.5,0.625,309.0,19.3125,34.22,-119.09,0.525
4.25,49.0,5.652509652509653,1.166023166023166,636.0,2.455598455598456,37.62,-122.41,2.841
4.2287,32.0,3.974609375,1.015625,934.0,1.82421875,33.74,-118.1,5.00001
3.6,19.0,5.24223602484472,1.1335403726708075,622.0,1.9316770186335404,34.1,-117.65,1.364
2.824,36.0,4.467775467775468,1.0956340956340955,1359.0,2.8253638253638256,33.97,-118.03,1.679
3.8317,9.0,4.732510288065844,1.1810699588477367,377.0,1.551440329218107,37.56,-122.32,2.375
0.9318,35.0,2.803339517625232,1.1001855287569573,914.0,1.6957328385899817,33.78,-118.19,1.875
8.0239,49.0,5.669811320754717,0.8962264150943396,228.0,2.150943396226415,34.04,-118.41,5.00001
3.3431,20.0,6.383720930232558,1.172093023255814,1421.0,3.3046511627906976,39.32,-123.11,1.375
4.3077,23.0,3.4683794466403164,1.0039525691699605,1374.0,2.7154150197628457,37.4,-122.1,2.935
3.6607,25.0,4.771084337349397,1.0602409638554218,569.0,2.285140562248996,33.62,-117.94,5.00001
1.6505,50.0,3.8387650085763294,1.1543739279588336,2247.0,3.8542024013722127,34.01,-118.29,1.25
3.5192,9.0,4.863716814159292,0.9221238938053096,1663.0,2.943362831858407,38.57,-121.31,1.133
4.1964,32.0,4.907849829351536,1.044368600682594,802.0,2.737201365187713,36.96,-122.04,2.02
2.8125,33.0,5.099514563106796,1.135922330097087,1997.0,4.847087378640777,34.06,-117.16,1.172
4.1099,8.0,6.081680280046674,1.017502917152859,2383.0,2.780630105017503,37.19,-119.77,1.136
2.4053,17.0,5.477022058823529,1.1102941176470589,4115.0,3.782169117647059,34.12,-117.38,1.052
2.8202,24.0,3.136150234741784,1.0633802816901408,1268.0,2.976525821596244,34.06,-118.31,5.00001
3.0691,16.0,3.933911159263272,1.0552546045503792,2585.0,2.800650054171181,34.19,-118.92,1.304
2.8333,32.0,3.836676217765043,0.9570200573065902,817.0,2.340974212034384,34.09,-118.04,1.86
4.5,34.0,7.366013071895424,1.1666666666666667,715.0,2.3366013071895426,37.93,-122.3,3.04
3.4211,43.0,4.615101289134438,0.9779005524861878,1230.0,2.265193370165746,33.8,-118.14,2.039
2.8301,49.0,4.412987012987013,1.0597402597402596,768.0,1.9948051948051948,37.73,-122.16,1.716
3.117,37.0,4.87603305785124,1.0578512396694215,614.0,2.5371900826446283,33.96,-118.03,1.646
4.1947,16.0,6.384803921568627,1.0784313725490196,1352.0,3.313725490196078,38.0,-121.88,1.403
5.0395,36.0,4.309352517985611,0.8992805755395683,361.0,2.597122302158273,33.89,-118.13,2.258
3.5585,16.0,4.560869565217391,1.108695652173913,2165.0,3.13768115942029,33.07,-117.3,2.848
7.9813,30.0,7.216216216216216,1.0,1097.0,2.695331695331696,37.37,-122.07,4.735
6.3249,15.0,6.869070208728653,1.045540796963947,4178.0,2.6426312460468058,34.26,-118.62,2.621
5.1814,16.0,6.286231884057971,1.088768115942029,1197.0,2.1684782608695654,33.11,-117.18,2.799
6.5635,10.0,6.982708933717579,1.0259365994236311,1213.0,3.495677233429394,33.9,-117.96,3.469
3.4706,20.0,5.274253731343284,1.0335820895522387,1822.0,3.399253731343284,32.8,-117.17,1.576
3.9219,37.0,4.024024024024024,0.975975975975976,928.0,2.7867867867867866,34.12,-118.0,1.75
2.0542,46.0,4.422535211267606,1.0663983903420524,2067.0,4.158953722334004,33.99,-118.29,1.034
5.3081,12.0,3.686580882352941,1.3216911764705883,1673.0,1.5376838235294117,34.06,-118.25,2.875
4.95,45.0,5.507598784194529,1.0212765957446808,752.0,2.2857142857142856,37.5,-122.25,3.45
10.7721,24.0,8.893048128342246,1.0641711229946524,578.0,3.090909090909091,32.83,-117.26,5.00001
2.0192,18.0,3.396166134185304,1.0894568690095847,1033.0,3.3003194888178915,36.94,-121.77,1.713
5.2865,37.0,6.169291338582677,1.047244094488189,1220.0,2.4015748031496065,34.18,-118.04,4.554
4.45,37.0,5.659949622166247,1.0478589420654911,1237.0,3.115869017632242,37.99,-122.02,1.619
3.875,28.0,5.767123287671233,1.1324200913242009,601.0,2.7442922374429224,34.1,-117.67,1.74
2.2054,21.0,4.120253164556962,1.0348101265822784,1244.0,3.9367088607594938,32.98,-115.52,0.664
2.7368,29.0,5.181034482758621,0.9913793103448276,2317.0,3.329022988505747,38.49,-121.5,0.782
1.7701,26.0,2.666082383873795,1.098159509202454,4812.0,4.217353198948291,33.78,-118.18,1.462
11.2093,42.0,6.876106194690266,0.9026548672566372,284.0,2.5132743362831858,34.17,-118.43,5.00001
2.7171,38.0,8.295454545454545,1.7670454545454546,569.0,3.2329545454545454,38.7,-123.24,1.313
5.3316,37.0,4.548929663608563,1.0779816513761469,1291.0,1.974006116207951,34.06,-118.39,5.00001
1.625,38.0,6.304347826086956,1.6521739130434785,219.0,1.9043478260869569,40.01,-121.23,0.75
4.125,27.0,4.831460674157303,1.0379213483146068,1827.0,2.566011235955056,34.19,-118.43,2.455
5.5127,34.0,5.567049808429119,1.0421455938697315,1282.0,2.4559386973180075,37.25,-121.95,2.682
3.9929,14.0,4.571047957371226,1.0497335701598578,3171.0,2.8161634103019537,33.73,-117.92,2.258
5.09,14.0,6.658341658341659,1.2297702297702298,2026.0,2.023976023976024,33.03,-117.07,2.685
3.0197,28.0,4.266666666666667,1.1,214.0,3.566666666666667,36.67,-121.64,1.375
6.6453,25.0,6.618249534450651,0.9832402234636872,1600.0,2.97951582867784,33.78,-118.03,2.701
3.9583,8.0,5.550552251486831,1.0339847068819032,4797.0,4.075615972812234,32.55,-117.09,1.444
2.6417,8.0,5.052147239263804,1.0230061349693251,2277.0,3.4923312883435584,37.64,-120.77,0.968
2.4792,26.0,6.12912087912088,1.1565934065934067,987.0,2.7115384615384617,40.71,-122.95,0.888
5.93,16.0,5.958656330749354,1.0155038759689925,1368.0,3.5348837209302326,33.87,-118.03,2.776
2.0729,42.0,3.76890756302521,0.96218487394958,1094.0,4.5966386554621845,34.01,-118.09,1.141
3.46,31.0,4.457575757575758,0.9727272727272728,841.0,2.5484848484848484,33.93,-117.96,2.328
6.1043,36.0,5.545562130177514,0.9242603550295858,2254.0,2.667455621301776,37.46,-122.24,3.435
3.1812,22.0,4.346590909090909,1.125,390.0,2.215909090909091,37.38,-121.95,0.875
3.0757,39.0,4.524663677130045,1.0022421524663676,1221.0,2.7376681614349776,37.8,-122.21,1.51
2.375,41.0,2.1467391304347827,0.8913043478260869,549.0,2.983695652173913,37.33,-121.88,1.75
4.0682,36.0,6.1193415637860085,1.0246913580246917,641.0,2.6378600823045266,37.67,-122.14,1.962
2.9352,38.0,4.043731778425656,0.9825072886297376,713.0,2.0787172011661808,34.15,-118.44,3.045
1.9231,44.0,3.959550561797753,1.0404494382022471,786.0,1.7662921348314606,34.01,-118.33,1.885
3.8565,39.0,4.962795941375423,1.007891770011274,2941.0,3.3156708004509583,37.65,-122.42,2.398
2.9125,21.0,5.240963855421687,1.1566265060240963,219.0,2.63855421686747,37.76,-120.83,1.125
2.8357,16.0,4.469565217391304,1.0492753623188409,2557.0,3.705797101449275,33.49,-117.68,1.063
8.1489,18.0,6.600817438692098,1.0013623978201636,1634.0,2.226158038147139,37.89,-122.18,4.99
3.7958,33.0,5.696796338672769,1.068649885583524,2575.0,2.946224256292906,34.09,-117.72,1.525
2.125,22.0,6.856687898089172,1.4681528662420382,903.0,2.875796178343949,40.4,-122.76,1.232
3.4471,31.0,5.326388888888889,1.0138888888888888,716.0,2.486111111111111,38.44,-122.86,2.095
1.8403,47.0,4.723463687150838,1.1229050279329609,913.0,2.5502793296089385,35.42,-119.04,0.547
3.7604,15.0,5.804143126177024,1.009416195856874,1268.0,2.3879472693032016,33.81,-117.87,2.801
4.6861,16.0,5.494262295081967,1.0549180327868852,7030.0,2.8811475409836067,34.44,-118.45,1.879
1.6731,14.0,4.741322314049587,1.062809917355372,4722.0,3.902479338842975,37.62,-121.02,0.958
2.2788,46.0,4.490054249547921,1.061482820976492,2121.0,3.835443037974684,34.1,-118.23,1.529
3.8651,18.0,6.436154949784792,1.0373027259684362,1600.0,2.295552367288378,38.35,-122.01,1.897
1.9286,35.0,4.480662983425415,1.0856353591160222,1296.0,3.580110497237569,34.13,-117.31,0.685
3.4038,8.0,5.680952380952381,1.0666666666666669,2216.0,3.5174603174603174,34.39,-117.34,1.005
3.5859,17.0,5.035294117647059,0.9823529411764704,518.0,3.047058823529412,39.19,-121.04,1.443
2.6296,25.0,3.903225806451613,1.0956618464961068,2359.0,2.624026696329255,32.65,-117.09,1.5
7.8392,36.0,7.762773722627737,1.083941605839416,761.0,2.7773722627737225,34.17,-118.55,5.00001
2.8274,43.0,4.080733944954129,1.0091743119266054,1598.0,2.932110091743119,33.99,-118.33,1.225
6.0097,12.0,7.047058823529412,1.0235294117647058,443.0,2.6058823529411765,38.76,-121.29,1.875
5.3903,29.0,6.451476793248945,1.029535864978903,1197.0,2.5253164556962027,33.75,-117.8,2.866
4.2065,52.0,5.6826484018264845,0.997716894977169,1101.0,2.5136986301369864,34.16,-118.11,3.203
3.6991,19.0,3.746450304259635,1.050709939148073,2496.0,2.531440162271805,37.34,-122.04,2.715
4.0795,39.0,3.5185185185185186,1.1181657848324515,867.0,1.529100529100529,33.75,-118.14,4.0
4.4004,24.0,5.706373292867982,1.0349013657056143,3970.0,3.0121396054628224,37.24,-121.9,2.558
3.0132,30.0,4.598006644518272,1.0232558139534884,2054.0,6.823920265780731,34.28,-118.43,1.426
2.7222,24.0,5.212795549374131,1.070931849791377,1827.0,2.541029207232267,36.8,-119.77,0.831
6.6537,32.0,6.330917874396135,0.9951690821256038,1285.0,3.103864734299517,34.24,-118.48,2.676
2.45,17.0,8.973684210526315,1.855263157894737,338.0,2.223684210526316,38.69,-119.78,1.176
4.1115,35.0,4.908333333333333,0.9958333333333332,1659.0,3.45625,33.79,-117.98,1.797
3.625,24.0,5.174657534246576,1.0890410958904109,1052.0,3.602739726027397,37.09,-121.6,3.5
2.3042,36.0,4.461538461538462,1.1418269230769231,822.0,1.9759615384615383,32.75,-117.24,2.206
2.6042,25.0,5.250596658711217,1.0477326968973748,1045.0,2.4940334128878283,39.22,-121.09,1.167
2.4461,17.0,4.903703703703704,1.0907407407407408,1193.0,2.20925925925926,36.92,-121.74,1.517
3.2645,52.0,4.086647727272728,1.0241477272727273,1186.0,1.6846590909090908,34.08,-118.35,1.75
2.3125,38.0,4.959322033898305,0.9966101694915256,692.0,2.3457627118644067,35.34,-119.02,0.658
2.7321,33.0,5.467637540453074,0.9902912621359224,1565.0,2.5323624595469254,36.3,-119.13,0.765
6.2715,20.0,6.90990990990991,1.0585585585585586,871.0,3.923423423423424,32.78,-115.57,0.972
6.8927,31.0,6.634551495016611,0.9933554817275748,826.0,2.744186046511628,34.4,-119.75,5.00001
2.3125,18.0,13.440677966101696,2.5084745762711864,186.0,3.152542372881356,39.0,-122.7,1.625
2.7206,42.0,3.4309063893016343,1.0178306092124814,2609.0,3.87667161961367,33.95,-118.19,1.621
3.9545,26.0,5.877729257641922,1.027656477438137,2065.0,3.005822416302766,32.75,-117.01,1.781
4.1181,36.0,4.8753709198813056,1.0356083086053411,1414.0,4.195845697329377,34.23,-118.4,1.727
4.3851,4.0,4.416541353383459,0.974436090225564,1780.0,2.6766917293233083,37.29,-121.84,1.604
6.4459,51.0,6.174509803921569,1.0176470588235291,1082.0,2.1215686274509804,34.1,-118.27,4.216
2.6553,41.0,4.462783171521036,1.019417475728155,1249.0,4.042071197411003,34.1,-118.1,1.831
>>>>>>> 59f845f222927631bc5ce5ad07ac458134518405,,,,,,,,
2.5685,26.0,4.517777777777778,1.028888888888889,618.0,1.3733333333333333,33.61,-117.72,0.804
3.2386,21.0,4.578723404255319,1.1212765957446809,996.0,2.119148936170213,34.17,-118.45,2.773
2.8864,34.0,4.716279069767442,1.1441860465116278,952.0,4.427906976744186,37.32,-121.89,1.725
2.125,32.0,5.814338235294118,1.3088235294117647,1358.0,2.4963235294117645,34.12,-116.0,0.577
1.4866,39.0,4.202846975088968,1.103202846975089,901.0,3.206405693950178,37.78,-122.44,2.375
3.0667,19.0,5.357495881383855,1.0115321252059308,1971.0,3.247116968698517,36.32,-119.79,0.758
3.8576,20.0,4.449513836948392,1.0598354525056095,2593.0,1.9394166043380705,34.17,-118.26,3.186
2.0734,28.0,3.974063400576369,1.1109510086455332,2877.0,4.145533141210374,34.05,-117.73,1.133
4.0625,31.0,5.50561797752809,1.0674157303370786,1356.0,3.808988764044944,33.82,-118.01,2.259
2.3946,35.0,3.636963696369637,1.0165016501650166,688.0,2.2706270627062706,37.9,-122.3,1.417
4.6458,24.0,6.24294670846395,1.0579937304075235,1568.0,2.457680250783699,33.82,-118.06,2.134
12.4291,34.0,9.666666666666666,1.1218637992831542,810.0,2.903225806451613,37.58,-122.37,5.00001
3.0972,34.0,6.452914798206278,1.1345291479820627,607.0,2.721973094170404,36.31,-119.29,0.828
5.2907,34.0,6.50711743772242,0.9572953736654805,1513.0,2.692170818505338,32.8,-116.99,1.958
2.037,42.0,4.497175141242938,1.1468926553672316,697.0,3.937853107344633,33.96,-118.27,0.926
1.625,52.0,3.8380952380952382,1.1142857142857143,361.0,3.4380952380952383,34.14,-118.15,1.875
3.7411,45.0,4.911392405063292,0.9968354430379748,785.0,2.4841772151898733,34.18,-118.33,2.355
7.9283,13.0,7.703016241299304,0.988399071925754,1432.0,3.3225058004640373,33.59,-117.69,3.481
2.8793,36.0,4.941558441558442,1.08008658008658,1836.0,3.9740259740259742,33.91,-118.2,1.181
2.3462,16.0,4.676724137931035,0.9353448275862069,356.0,1.5344827586206895,38.0,-122.05,0.75
13.1738,19.0,7.893732970027248,1.125340599455041,860.0,2.343324250681199,33.61,-117.9,5.00001
5.5592,31.0,6.284414106939704,1.0398179749715586,2848.0,3.2400455062571103,37.39,-121.84,2.299
2.4348,34.0,4.911290322580645,1.1491935483870968,797.0,3.213709677419355,34.74,-118.09,1.048
4.2917,6.0,5.142276422764228,0.9227642276422764,764.0,3.105691056910569,36.29,-119.79,1.042
4.1875,16.0,4.22457627118644,1.0360169491525424,1173.0,2.485169491525424,37.4,-122.11,2.664
2.5383,11.0,4.471327572663001,1.0573448546739983,5682.0,4.463472113118617,33.69,-116.19,0.74
4.3986,52.0,3.970687711386697,1.05749718151071,1319.0,1.4870349492671928,37.79,-122.43,5.00001
2.8793,36.0,4.941558441558442,1.08008658008658,1836.0,3.9740259740259742,33.91,-118.2,1.181
2.1719,27.0,3.8298755186721993,1.0560165975103737,1078.0,2.236514522821577,32.62,-117.11,1.315
4.175,14.0,5.604698672114402,1.0459652706843718,2823.0,2.8835546475995915,37.14,-121.64,2.298
4.1641,16.0,6.404494382022472,1.0187265917602997,1025.0,3.838951310861423,33.14,-117.12,1.636
4.7381,26.0,6.007490636704119,0.9176029962546816,751.0,2.812734082397004,38.66,-121.31,1.405
2.9417,17.0,4.751644736842105,1.0263157894736843,2681.0,4.409539473684211,37.02,-121.57,1.78
3.2411,52.0,5.1488203266787655,1.0925589836660616,1164.0,2.1125226860254083,34.06,-118.35,2.5
3.5393,15.0,5.460504201680672,1.030252100840336,1569.0,2.6369747899159663,37.35,-120.59,0.88
7.0318,40.0,6.541353383458647,1.1473684210526316,1551.0,2.3323308270676693,34.03,-118.53,5.00001
3.2375,36.0,5.058181818181819,1.029090909090909,1025.0,3.727272727272727,34.01,-118.07,1.768
2.551,30.0,3.1767241379310347,0.9892241379310344,1844.0,3.974137931034482,33.99,-118.2,1.6
6.5285,19.0,6.894915254237288,0.976271186440678,852.0,2.888135593220339,37.67,-121.89,3.004
2.7727,52.0,4.867158671586716,1.088560885608856,898.0,3.3136531365313653,34.0,-118.29,1.286
2.8088,18.0,3.675555555555556,1.12,1763.0,2.611851851851852,34.15,-118.26,2.475
4.6625,44.0,6.197333333333333,1.1013333333333333,823.0,2.1946666666666665,38.6,-121.45,1.589
2.1111,33.0,4.927272727272728,0.9818181818181818,888.0,2.3064935064935064,39.16,-121.58,0.687
3.9792,34.0,5.976645435244161,1.0169851380042465,1075.0,2.282377919320594,38.54,-121.51,1.648
6.1064,33.0,6.233817701453105,1.0013210039630118,1980.0,2.6155878467635403,37.51,-122.28,4.05
1.8937,21.0,3.7345299952763344,1.0826641473783656,4868.0,2.2994803967879074,32.8,-116.94,1.098
4.2289,25.0,5.154336734693878,1.1517857142857142,1689.0,2.154336734693877,33.66,-118.0,4.427
4.4653,33.0,5.872909698996655,1.05685618729097,1971.0,3.2959866220735785,34.02,-117.98,1.932
3.7734,36.0,5.82258064516129,1.0161290322580645,169.0,2.725806451612903,37.95,-121.24,0.638
2.9384,38.0,4.30186170212766,1.0226063829787233,1284.0,1.7074468085106382,33.77,-118.16,3.041
6.131,32.0,5.878048780487805,1.008130081300813,1193.0,2.42479674796748,37.25,-121.97,3.678
4.5547,10.0,6.28,1.0514285714285714,1645.0,4.7,32.57,-117.09,1.607
3.1359,38.0,4.10668380462725,1.06426735218509,2410.0,3.0976863753213366,37.73,-122.48,3.5
1.1875,29.0,4.244755244755245,1.2377622377622377,476.0,3.3286713286713288,35.39,-118.98,0.507
2.9891,18.0,5.96,1.3854545454545455,1338.0,2.4327272727272726,34.83,-118.95,1.165
2.7428,33.0,4.049242424242424,1.0738636363636365,1072.0,2.0303030303030303,33.89,-118.29,2.089
1.4868,36.0,4.665760869565218,1.1331521739130437,902.0,2.4510869565217392,33.96,-118.29,1.132
3.1369,19.0,4.129729729729729,1.0256756756756755,1561.0,2.10945945945946,33.91,-118.11,1.969
4.6705,19.0,6.3225030084235865,1.075812274368231,2155.0,2.593261131167268,35.36,-119.07,1.107
2.8594,20.0,4.151458137347131,1.118532455315146,4818.0,4.532455315145814,33.76,-117.91,2.151
3.5638,35.0,4.701456310679611,1.0655339805825244,1523.0,3.6966019417475726,34.12,-118.21,1.705
3.7222,35.0,5.53932584269663,1.0308988764044944,1152.0,3.235955056179775,33.87,-117.96,1.875
4.0677,36.0,5.525925925925926,1.0444444444444445,1041.0,3.855555555555556,33.98,-118.08,1.658
2.1182,18.0,5.083686440677966,1.0963983050847457,1966.0,2.082627118644068,33.74,-117.11,0.713
3.8594,52.0,4.962962962962963,1.031746031746032,393.0,2.0793650793650795,37.86,-122.28,1.964
4.6,24.0,13.104166666666666,2.25,235.0,2.4479166666666665,38.92,-119.94,1.368
3.6125,36.0,4.969957081545064,0.9356223175965666,619.0,2.6566523605150216,32.73,-117.08,1.225
5.457,28.0,5.5303347280334725,1.096234309623431,2031.0,2.1244769874476988,37.85,-122.22,3.373
3.8571,24.0,5.08254397834912,0.9215155615696888,1586.0,2.146143437077132,36.8,-119.83,0.901
2.4662,15.0,5.85273492286115,1.127629733520337,2393.0,3.356241234221599,33.83,-117.29,1.183
4.7813,17.0,7.31767955801105,1.0662983425414363,1057.0,2.9198895027624308,34.9,-120.37,3.268
2.6631,26.0,3.8046783625731,1.0900584795321635,2246.0,2.626900584795321,37.66,-122.42,2.44
8.5491,20.0,6.763698630136986,1.047945205479452,703.0,2.4075342465753424,33.81,-118.38,4.103
1.7321,45.0,4.525179856115108,1.0287769784172662,568.0,4.086330935251799,35.37,-119.01,0.844
4.1339,35.0,4.780621572212066,0.959780621572212,1312.0,2.3985374771480803,32.74,-117.23,2.382
4.8274,21.0,5.832214765100671,0.9899328859060402,983.0,3.298657718120805,32.57,-117.12,1.741
2.0243,18.0,4.5293132328308205,1.169179229480737,1611.0,2.698492462311558,34.51,-117.31,0.823
3.6451,32.0,3.748527679623086,1.050647820965842,2767.0,1.6295641931684337,34.03,-118.5,3.833
2.2599,20.0,4.367307692307692,1.1576923076923078,992.0,1.907692307692308,32.75,-117.13,1.576
4.8021,48.0,5.760217983651226,1.0626702997275204,973.0,2.651226158038148,34.44,-119.73,3.511
4.5266,4.0,6.358957654723128,1.0964169381107491,4970.0,3.237785016286645,34.57,-118.09,1.429
5.0519,38.0,5.524916943521594,0.9800664451827242,781.0,2.59468438538206,37.71,-122.08,2.27
4.945,11.0,6.661971830985915,1.0070422535211268,1331.0,3.124413145539906,38.41,-122.0,2.984
3.0365,19.0,6.07667731629393,1.0702875399361025,1102.0,3.5207667731629395,32.59,-117.02,0.981
3.9543,35.0,5.134122287968442,0.95069033530572,1305.0,2.57396449704142,33.94,-118.0,2.144
6.4685,22.0,6.721374045801527,1.036259541984733,1706.0,3.2557251908396947,33.83,-117.88,2.412
2.0959,36.0,5.240384615384615,1.0934065934065933,2945.0,4.045329670329671,32.68,-117.06,1.25
2.331,28.0,5.146913580246913,1.1049382716049383,2587.0,3.193827160493828,39.13,-122.09,0.655
2.037,42.0,4.497175141242938,1.1468926553672316,697.0,3.937853107344633,33.96,-118.27,0.926
4.0301,14.0,4.536612021857923,1.028415300546448,3163.0,3.456830601092896,34.31,-118.44,1.543
2.9405,24.0,3.7675879396984926,0.9874371859296482,2937.0,3.689698492462312,34.08,-118.14,2.178
5.3433,39.0,7.260869565217392,1.0753623188405796,872.0,2.527536231884058,37.93,-122.31,2.865
6.0434,27.0,7.160628019323672,1.1256038647342994,2817.0,3.402173913043478,34.08,-117.77,2.148
2.7679,50.0,5.025821596244131,1.0586854460093895,1777.0,4.171361502347418,34.11,-118.24,1.788
1.9185,34.0,4.827868852459017,1.0655737704918034,1166.0,4.778688524590164,33.92,-118.27,0.933
5.25,41.0,3.4782608695652173,0.8695652173913043,61.0,2.652173913043478,33.92,-118.39,2.472
6.7061,23.0,7.496993987975951,1.004008016032064,1339.0,2.6833667334669338,37.94,-122.01,3.223
3.163,13.0,4.055681818181818,1.05,2159.0,2.453409090909091,33.79,-118.3,2.242
5.3649,32.0,6.399239543726236,1.038022813688213,719.0,2.7338403041825097,33.88,-117.92,2.436
10.1768,36.0,6.102836879432624,0.9361702127659576,710.0,2.517730496453901,32.96,-117.26,5.00001
4.4375,43.0,5.710344827586207,1.0413793103448277,446.0,3.075862068965517,37.3,-121.91,3.276
2.2417,15.0,10.51530612244898,2.372448979591837,573.0,2.923469387755102,38.72,-119.93,0.979
1.7262,18.0,5.71259842519685,1.094488188976378,695.0,2.736220472440945,40.58,-123.18,0.737
11.7794,39.0,14.666666666666666,1.809523809523809,59.0,2.8095238095238093,34.35,-119.5,5.00001
3.1523,14.0,6.1835443037974684,1.1645569620253164,917.0,2.901898734177215,37.98,-120.23,0.933
4.2137,13.0,5.1537242472266245,0.9667194928684628,1915.0,3.03486529318542,38.34,-121.99,1.517
4.0114,42.0,6.68724279835391,1.0493827160493827,578.0,2.3786008230452675,38.12,-122.24,1.669
6.3298,16.0,5.618491921005386,0.985637342908438,3785.0,3.3976660682226214,33.7,-117.79,2.471
2.4615,16.0,5.311475409836065,1.0,135.0,2.2131147540983607,37.86,-120.23,1.375
3.5391,5.0,5.72491145218418,1.0861865407319953,2504.0,2.9563164108618656,35.13,-117.98,0.819
2.9871,52.0,3.724637681159421,1.046583850931677,2062.0,2.1345755693581783,37.79,-122.41,3.8
5.3509,52.0,5.65067178502879,1.0287907869481765,1034.0,1.9846449136276392,37.81,-122.22,3.021
1.8438,52.0,3.06984667802385,1.0442930153321976,2382.0,4.057921635434412,34.07,-118.26,1.859
2.1764,24.0,4.407365439093485,1.0396600566572238,3996.0,2.2640226628895186,34.02,-117.51,1.353
3.7833,17.0,6.057692307692308,1.0961538461538465,877.0,2.810897435897436,39.07,-123.21,1.598
0.8131,8.0,3.114343029087262,1.259779338014042,1086.0,1.0892678034102308,34.05,-118.25,2.75
4.0667,35.0,5.10913140311804,0.9153674832962138,1054.0,2.3474387527839644,37.33,-121.96,2.769
2.761,42.0,3.1387900355871885,1.0391459074733096,1248.0,4.441281138790036,34.03,-118.17,1.2
4.0208,8.0,2.5,0.625,309.0,19.3125,34.22,-119.09,0.525
1.9556,44.0,4.975077881619938,1.2087227414330215,902.0,2.809968847352025,33.98,-118.3,0.933
1.9355,10.0,5.13655462184874,1.1050420168067228,1262.0,2.6512605042016806,36.22,-119.36,0.683
2.1211,26.0,4.508474576271187,1.271186440677966,252.0,4.271186440677966,33.89,-118.22,1.381
3.5707,29.0,5.50379746835443,1.058227848101266,1030.0,2.607594936708861,34.21,-118.22,3.417
5.0864,16.0,6.6573426573426575,1.0,530.0,3.706293706293706,32.73,-116.98,1.753
1.9485,16.0,4.518518518518518,1.0343915343915344,687.0,1.8174603174603168,38.28,-121.31,1.554
1.8783,45.0,4.445333333333333,1.064,928.0,2.474666666666667,34.02,-118.33,1.182
5.5121,34.0,6.024390243902439,1.0365853658536586,584.0,2.3739837398373984,37.26,-121.95,2.647
0.922,15.0,6.287671232876712,1.3013698630136987,160.0,2.191780821917808,33.36,-115.91,0.675
4.2955,34.0,5.720588235294118,1.0073529411764706,406.0,2.985294117647059,38.17,-122.25,1.213
2.3778,35.0,5.0954773869346734,1.1457286432160805,972.0,2.442211055276382,34.16,-117.28,0.907
3.6528,34.0,6.640449438202247,1.5617977528089888,327.0,3.6741573033707855,32.82,-115.32,1.0
4.0625,48.0,5.375,0.9460227272727272,804.0,2.284090909090909,38.13,-121.28,1.432
4.4107,17.0,6.426966292134831,1.1348314606741574,626.0,3.5168539325842696,38.31,-121.27,1.516
3.9036,11.0,6.155263157894737,1.1473684210526316,1062.0,2.794736842105263,38.66,-120.96,1.808
5.4298,28.0,6.049079754601227,0.9662576687116564,970.0,2.975460122699386,33.81,-117.83,2.342
1.8875,34.0,4.247126436781609,1.0603448275862069,1735.0,4.985632183908046,34.02,-118.19,1.367
3.7049,34.0,5.366355140186916,1.0859813084112149,1350.0,2.5233644859813085,34.2,-118.51,2.275
0.799,25.0,3.645435244161359,1.1507430997876855,1343.0,2.851380042462845,36.74,-119.8,0.518
6.0097,12.0,7.047058823529412,1.0235294117647058,443.0,2.6058823529411765,38.76,-121.29,1.875
7.3669,16.0,11.29310344827586,2.727969348659004,873.0,1.6724137931034482,32.68,-117.17,1.875
4.475,13.0,6.9703125,1.19375,1795.0,2.8046875,35.6,-120.6,2.069
7.7589,8.0,6.376899696048632,1.03951367781155,908.0,2.759878419452888,33.67,-117.81,3.429
7.2821,27.0,7.760736196319018,1.4386503067484662,594.0,1.822085889570552,32.86,-117.25,5.00001
2.9471,33.0,6.68,1.024,528.0,2.112,36.8,-119.82,0.995
3.7538,4.0,5.251325556733828,1.0604453870625663,2912.0,3.088016967126193,33.54,-117.16,1.475
4.7667,30.0,5.244604316546763,0.9424460431654677,488.0,3.5107913669064748,33.8,-117.96,1.952
2.05,11.0,3.571111111111111,1.0622222222222222,1384.0,3.075555555555556,32.75,-117.11,1.0
3.12,52.0,4.797527047913447,1.061823802163833,1157.0,1.7882534775888717,37.84,-122.25,2.414
4.2061,14.0,6.2421875,0.9986979166666666,2252.0,2.9322916666666665,38.46,-122.76,2.131
4.3088,34.0,5.896358543417367,0.9523809523809524,973.0,2.7254901960784315,32.75,-117.01,1.525
3.625,20.0,3.561139028475712,1.0770519262981575,1112.0,1.862646566164154,37.57,-122.33,2.833
3.2813,48.0,5.5,1.1336633663366336,421.0,2.084158415841584,34.17,-118.1,2.681
3.3409,34.0,5.0633333333333335,1.0133333333333334,1262.0,4.206666666666667,34.05,-117.94,1.612
6.1995,36.0,6.309756097560975,1.0146341463414634,1055.0,2.573170731707317,37.38,-122.09,4.072
1.1434,43.0,3.3323353293413174,1.1317365269461075,1305.0,3.907185628742515,33.94,-118.25,0.913
2.1667,37.0,3.2721518987341773,1.0569620253164558,2173.0,4.584388185654008,34.02,-118.26,1.177
2.6917,24.0,4.351464435146443,1.0753138075313808,1976.0,4.133891213389122,34.09,-118.02,1.7
4.0313,32.0,6.104166666666667,1.1302083333333333,1066.0,2.7760416666666665,38.27,-122.69,2.85
2.2937,25.0,5.186264308012487,1.0707596253902183,2414.0,2.5119667013527573,36.31,-119.79,0.723
2.275,21.0,5.457489878542511,1.1700404858299596,1208.0,2.445344129554656,41.95,-124.14,1.224
6.6012,6.0,7.465098039215686,1.112156862745098,4413.0,3.461176470588235,32.99,-117.04,3.149
2.7452,33.0,4.9564270152505445,1.0217864923747275,1691.0,3.684095860566449,33.96,-117.42,0.981
1.4668,40.0,5.010752688172043,1.114695340501792,788.0,2.824372759856631,40.79,-124.18,0.646
4.7984,37.0,4.429280397022333,0.8933002481389578,1155.0,2.866004962779156,33.87,-117.96,1.758
5.3369,18.0,5.340277777777778,1.4756944444444444,425.0,1.4756944444444444,33.61,-117.92,3.125
3.183,14.0,4.7844827586206895,1.1206896551724137,505.0,1.4511494252873562,38.44,-122.59,2.012
6.2715,20.0,6.90990990990991,1.0585585585585586,871.0,3.923423423423424,32.78,-115.57,0.972
1.7188,45.0,5.008064516129032,1.0403225806451613,257.0,2.0725806451612905,37.77,-120.86,1.094
2.1974,22.0,3.141025641025641,1.1117216117216118,3618.0,3.3131868131868134,34.22,-118.48,0.938
2.875,44.0,5.434650455927052,1.1185410334346504,933.0,2.835866261398176,37.95,-122.34,1.334
1.15,52.0,4.88,1.04,62.0,2.48,38.05,-121.3,1.125
3.0704,18.0,5.365748709122203,1.0611015490533562,4127.0,3.551635111876076,33.19,-117.29,1.516
2.9,24.0,4.4019047619047615,1.020952380952381,1005.0,1.9142857142857144,32.77,-117.01,1.852
6.7496,36.0,5.411616161616162,1.095959595959596,751.0,1.8964646464646464,34.05,-118.48,5.00001
6.3566,16.0,5.561643835616438,0.8794520547945206,1343.0,3.67945205479452,37.27,-121.82,2.791
2.2101,16.0,10.385245901639344,2.2827868852459017,638.0,2.614754098360656,39.86,-121.14,0.888
4.2099,24.0,5.124311565696302,1.014948859166011,2636.0,2.073957513768686,33.96,-118.33,1.898
2.1979,25.0,3.735042735042735,1.0683760683760684,1193.0,3.398860398860399,32.8,-115.56,0.639
3.3844,52.0,5.6900452488687785,1.0407239819004526,836.0,1.8914027149321264,38.55,-121.49,1.511
3.9099,33.0,4.55108877721943,1.1088777219430486,1546.0,2.589614740368509,34.18,-118.43,2.675
5.2816,36.0,5.965174129353234,1.0024875621890548,1261.0,3.13681592039801,33.79,-117.96,2.218
2.75,5.0,3.889344262295082,1.1762295081967211,497.0,2.03688524590164,33.64,-117.92,2.25
2.3687,38.0,4.370967741935484,1.0080645161290325,1019.0,2.739247311827957,34.04,-118.35,1.468
2.4722,23.0,5.430703624733476,1.0746268656716418,1235.0,2.633262260127932,38.61,-121.28,1.033
2.2297,35.0,2.5810055865921786,0.9748603351955308,1376.0,3.843575418994413,33.95,-118.37,2.625
3.6071,7.0,4.887774594078319,1.0687679083094557,5271.0,2.517191977077364,33.9,-117.49,1.591
3.0217,26.0,4.146341463414634,0.9420731707317072,869.0,2.649390243902439,32.58,-117.12,1.316
3.7731,38.0,5.491228070175438,0.9883040935672516,710.0,2.076023391812865,38.57,-121.42,1.614
3.9864,12.0,5.2558575445173386,0.9831302717900656,2595.0,2.432052483598876,37.71,-121.73,2.002
4.1458,52.0,5.9602272727272725,1.0511363636363635,374.0,2.125,37.76,-122.23,2.485
3.1403,30.0,3.541755888650964,0.9293361884368307,1843.0,3.9464668094218416,33.74,-117.93,1.53
3.15,27.0,6.7218045112781954,1.518796992481203,1010.0,2.531328320802005,38.92,-119.98,0.869
3.0375,26.0,6.147909967845659,1.090032154340836,1002.0,3.2218649517684885,36.37,-119.55,1.263
0.6775,52.0,1.7482866043613707,1.211214953271028,2232.0,1.3906542056074769,34.05,-118.25,3.5
4.793,44.0,4.854910714285714,1.0602678571428572,1019.0,2.274553571428572,34.01,-118.47,4.708
3.3447,21.0,5.268729641693811,1.0553745928338762,1820.0,2.964169381107492,36.79,-119.84,0.714
4.875,26.0,6.9,1.15,100.0,5.0,33.96,-118.37,1.75
4.5317,26.0,6.135399673735726,1.0163132137030997,1776.0,2.897226753670473,37.52,-121.97,2.326
5.2066,4.0,10.5,1.4456521739130437,311.0,3.380434782608696,33.51,-117.32,5.00001
3.0909,34.0,5.572944297082228,1.129973474801061,1150.0,3.050397877984085,34.01,-117.43,0.983
3.0893,22.0,4.732049036777584,1.1471103327495622,2664.0,4.665499124343257,34.41,-118.92,1.734
4.2656,52.0,4.841463414634147,1.0630081300813008,1096.0,2.227642276422764,37.35,-121.95,2.361
3.6437,17.0,5.158730158730159,1.0738440303657697,2092.0,1.4437543133195307,37.85,-122.06,1.865
1.3007,24.0,3.1424870466321244,1.023316062176166,699.0,1.810880829015544,38.1,-122.26,0.946
1.8238,46.0,2.3595178719867,1.084788029925187,7443.0,3.0935162094763093,34.07,-118.3,2.375
2.4113,23.0,4.7565445026178015,1.0471204188481675,1376.0,3.602094240837696,37.7,-122.41,2.142
5.4127,25.0,6.04179104477612,0.9313432835820896,907.0,2.707462686567164,34.42,-119.73,3.928
3.2321,46.0,3.985074626865672,1.0580431177446104,1281.0,2.1243781094527363,37.72,-122.48,1.125
2.4167,22.0,5.93886462882096,1.2314410480349345,808.0,3.5283842794759823,38.65,-121.7,2.25
3.2361,28.0,3.654054054054054,0.9567567567567568,543.0,2.935135135135136,34.1,-118.07,1.875
3.6,22.0,4.851449275362318,0.9094202898550724,820.0,2.971014492753623,36.72,-120.08,0.832
3.6711,35.0,4.825882352941177,1.0047058823529411,1466.0,3.449411764705882,34.02,-117.49,1.082
3.5125,10.0,7.090128755364807,1.356223175965665,725.0,3.111587982832618,33.65,-117.25,1.556
3.5192,9.0,8.747474747474747,1.8451178451178447,796.0,2.68013468013468,38.61,-120.44,0.98
1.23,47.0,5.36734693877551,1.0081632653061223,785.0,3.204081632653061,34.03,-118.31,1.384
5.0187,29.0,5.07488986784141,0.8788546255506607,1377.0,3.0330396475770924,37.92,-122.32,1.406
3.8906,46.0,5.426923076923077,1.0096153846153846,1434.0,2.757692307692308,34.09,-118.1,2.383
2.6976,52.0,4.4335511982570806,1.0522875816993464,904.0,1.9694989106753813,38.58,-121.47,1.093
1.4384,5.0,3.7740046838407495,1.100702576112412,3284.0,3.8454332552693207,32.55,-117.06,1.088
2.8306,25.0,5.464019851116626,1.0471464019851116,1109.0,2.7518610421836227,39.64,-121.8,0.875
2.25,25.0,4.137404580152672,1.2290076335877862,442.0,3.3740458015267176,34.04,-118.37,3.333
1.5357,35.0,4.810495626822157,1.1370262390670554,1145.0,3.3381924198250728,35.34,-119.02,0.565
2.7697,38.0,5.473684210526316,1.0210526315789474,995.0,2.6184210526315788,38.52,-121.44,0.766
2.5212,21.0,5.897923875432526,1.3350634371395618,3623.0,2.0893886966551327,33.82,-116.52,1.452
3.4375,17.0,4.155555555555556,1.022222222222222,412.0,2.2888888888888888,37.4,-122.09,2.906
5.4716,18.0,6.748251748251748,1.1351981351981353,1116.0,2.601398601398601,33.89,-117.92,4.0
8.4045,7.0,7.63523372061605,1.044042150770062,12203.0,3.2972169683869224,37.53,-121.92,4.511
1.6571,31.0,4.289137380191693,1.0782747603833869,1367.0,2.18370607028754,39.15,-123.21,1.089
3.5938,14.0,6.702479338842975,1.3305785123966942,352.0,2.909090909090909,39.26,-121.18,1.403
4.4209,33.0,5.709864603481625,1.0928433268858802,1264.0,2.4448742746615086,36.49,-121.74,2.746
1.1185,52.0,2.60893098782138,1.1312584573748308,2124.0,2.8741542625169147,37.78,-122.41,0.55
2.8622,26.0,4.516501650165017,1.0132013201320131,1877.0,3.097359735973597,33.79,-117.92,1.843
3.3906,33.0,5.695550351288056,1.0374707259953162,1147.0,2.686182669789228,32.78,-116.95,1.381
2.8139,15.0,5.571932299012694,1.002820874471086,4769.0,3.363187588152327,38.51,-121.42,0.904
2.3482,26.0,20.33668341708543,3.527638190954774,571.0,2.869346733668342,37.34,-119.53,1.795
3.8047,35.0,5.015037593984962,1.0526315789473684,406.0,3.0526315789473686,37.75,-122.16,0.943
2.1202,52.0,4.052805280528053,0.966996699669967,648.0,2.1386138613861387,37.85,-122.27,1.555
4.7367,14.0,5.9375,1.0915697674418603,2129.0,3.0944767441860463,32.74,-116.76,2.145
3.7143,9.0,5.450847457627119,1.006779661016949,1057.0,3.583050847457628,37.02,-120.09,0.816
2.8983,48.0,4.448905109489052,1.0930656934306568,1508.0,2.7518248175182483,34.06,-117.74,1.292
2.9883,41.0,4.538314176245211,1.0421455938697315,1252.0,2.3984674329501914,34.05,-118.37,2.961
5.0,43.0,5.313131313131313,0.9646464646464646,1071.0,2.7045454545454546,33.86,-118.14,2.089
2.197,30.0,5.104938271604938,1.021604938271605,1894.0,2.9228395061728394,36.8,-119.75,0.745
1.7935,20.0,5.628571428571429,1.1904761904761905,512.0,2.4380952380952383,40.75,-122.56,0.745
7.3028,45.0,6.849180327868853,1.022950819672131,834.0,2.734426229508197,34.04,-118.39,5.00001
5.49,15.0,6.136400986031225,1.047658175842235,3033.0,2.4921939194741167,33.45,-117.65,2.393
4.8438,28.0,5.075829383886256,1.0545023696682465,1140.0,2.7014218009478674,33.81,-118.32,3.462
3.2431,14.0,52.848214285714285,11.410714285714286,265.0,2.3660714285714284,37.64,-119.02,2.214
8.72,44.0,6.163179916317992,1.0460251046025104,668.0,2.794979079497908,34.2,-118.18,4.159
1.4589,27.0,3.51255230125523,1.1182008368200838,2415.0,2.526150627615063,34.02,-118.35,0.875
4.5743,28.0,4.881230116648992,1.0530222693531284,2191.0,2.323435843054083,33.93,-118.42,3.822
3.0773,15.0,3.9102902374670174,0.9102902374670184,669.0,1.7651715039577835,34.43,-119.82,1.125
5.5496,29.0,6.330049261083744,0.9605911330049262,2205.0,3.6206896551724137,34.09,-117.86,2.182
1.8438,35.0,4.623853211009174,1.1559633027522935,323.0,2.963302752293578,37.74,-122.18,0.905
3.6196,9.0,4.109215017064846,1.21160409556314,469.0,1.6006825938566551,33.57,-117.7,1.199
2.5395,23.0,5.076980014803849,1.1361954108068095,3405.0,2.520355292376018,33.64,-117.35,1.092
6.9682,15.0,6.285714285714286,0.9183673469387756,408.0,2.0816326530612246,37.68,-121.0,1.824
4.2431,15.0,5.217235188509874,0.9640933572710952,1886.0,3.385996409335727,37.81,-121.23,1.371
1.9453,34.0,3.807692307692308,0.9230769230769232,527.0,4.053846153846154,33.94,-118.05,1.49
7.9135,21.0,7.928571428571429,1.1114285714285714,856.0,2.4457142857142857,37.25,-121.97,4.964
2.5469,35.0,4.637271214642263,0.9767054908485856,1431.0,2.3810316139767056,39.12,-121.62,0.659
3.1061,19.0,5.490066225165563,1.0706401766004414,1110.0,2.450331125827814,39.76,-121.58,1.102
6.9931,25.0,10.1731843575419,1.921787709497207,349.0,1.9497206703910608,38.36,-122.26,3.988
3.7212,26.0,5.07088122605364,1.0268199233716475,1422.0,2.7241379310344827,37.69,-121.75,1.838
3.7175,17.0,6.606914212548015,1.089628681177977,2344.0,3.001280409731114,33.73,-116.94,1.2
2.6906,14.0,5.409276944065485,1.096862210095498,1945.0,2.6534788540245566,36.56,-119.38,0.953
5.2692,4.0,5.756238003838772,1.0479846449136276,3182.0,3.053742802303263,34.02,-117.58,1.748
2.8854,42.0,5.103092783505154,1.1958762886597938,284.0,2.927835051546392,37.99,-121.28,0.557
5.6683,24.0,6.080882352941177,1.0073529411764706,1891.0,3.4761029411764706,37.41,-121.87,2.487
2.8072,23.0,4.1120401337792645,1.1521739130434785,2720.0,4.548494983277592,33.83,-117.9,1.647
7.4863,23.0,6.585023400936038,1.046801872074883,1782.0,2.78003120124805,37.33,-122.03,4.123
4.87,19.0,5.662109375,0.974609375,1356.0,2.6484375,33.03,-117.27,2.209
3.1908,52.0,5.0,1.0141843971631206,879.0,3.117021276595745,37.71,-122.43,2.556
3.4792,30.0,4.532956685499058,1.0941619585687383,1724.0,3.2467043314500943,33.9,-118.31,1.947
4.2813,33.0,6.340425531914893,1.1170212765957446,212.0,2.25531914893617,38.13,-121.84,0.813
3.1167,39.0,4.659574468085107,1.0611702127659577,1071.0,2.848404255319149,37.78,-122.2,1.216
5.7049,9.0,6.699570815450644,1.0858369098712446,731.0,3.1373390557939915,34.66,-118.17,1.732
2.6523,36.0,5.689655172413793,1.0991379310344829,720.0,3.103448275862069,37.66,-120.91,0.763
1.4861,49.0,4.602272727272728,1.068181818181818,570.0,2.159090909090909,37.83,-122.27,0.972
5.5151,31.0,5.606365159128978,0.9865996649916248,1566.0,2.623115577889448,37.27,-121.96,2.868
3.125,23.0,6.375796178343949,1.2420382165605095,369.0,2.35031847133758,38.51,-120.8,0.964
1.2841,43.0,4.644230769230769,1.2259615384615383,857.0,4.120192307692308,32.71,-117.14,0.72
3.625,6.0,4.618012422360248,1.124223602484472,810.0,2.515527950310559,33.17,-117.22,1.357
3.6875,29.0,5.015410958904109,1.095890410958904,1618.0,2.77054794520548,33.82,-117.95,2.132
5.6529,14.0,6.817821782178218,1.00990099009901,1413.0,2.798019801980198,38.65,-121.21,1.96
2.7183,48.0,3.9053803339517614,1.098330241187384,1807.0,3.352504638218924,33.79,-118.2,1.904
6.4797,25.0,7.529644268774703,0.9881422924901184,865.0,3.41897233201581,32.8,-117.05,2.49
7.6144,34.0,7.171717171717172,0.9974747474747476,1127.0,2.845959595959596,33.79,-118.08,3.762
2.7969,18.0,6.3352272727272725,1.0965909090909092,1742.0,9.897727272727272,36.42,-119.35,1.238
4.6211,15.0,5.3215926493108725,1.0505359877488514,2568.0,3.932618683001532,37.59,-122.07,1.514
5.6293,15.0,6.4192307692307695,1.023076923076923,1834.0,3.526923076923077,38.03,-122.25,1.976
3.9688,17.0,5.163934426229508,0.9639344262295082,1857.0,3.044262295081967,38.41,-122.75,1.65
4.0668,14.0,4.7193460490463215,0.9305177111716622,2139.0,2.9141689373297,32.67,-117.04,1.375
1.3462,33.0,4.563559322033898,1.1483050847457628,753.0,3.190677966101695,38.63,-121.44,0.559
10.9529,17.0,8.609958506224066,1.0871369294605808,704.0,2.921161825726141,32.83,-117.25,5.00001
1.9257,27.0,4.20303605313093,1.096774193548387,1544.0,2.9297912713472485,34.65,-120.45,1.353
10.3048,36.0,8.134920634920634,1.1904761904761905,316.0,2.507936507936508,33.61,-117.92,5.00001
3.3348,52.0,4.929133858267717,1.031496062992126,722.0,1.89501312335958,38.56,-121.46,1.228
6.6536,9.0,6.961151079136691,1.0920863309352518,2090.0,3.0071942446043165,33.88,-117.76,3.078
3.6895,14.0,5.316441441441442,1.125,2648.0,2.981981981981982,37.12,-121.65,2.393
4.8554,11.0,6.4902763561924255,1.0542476970317298,2697.0,2.760491299897646,33.16,-117.08,2.067
2.7401,41.0,5.412,1.144,751.0,3.004,33.94,-118.31,1.317
4.2566,16.0,4.819444444444445,1.0555555555555556,784.0,2.1777777777777776,33.74,-117.97,1.392
2.3403,46.0,3.6026200873362444,1.0109170305676856,1992.0,4.349344978165939,34.0,-118.28,1.141
10.5793,16.0,7.75,1.0625,567.0,2.7259615384615383,37.27,-122.06,5.00001
4.6161,30.0,5.950920245398773,1.0940695296523515,1270.0,2.5971370143149284,33.75,-117.82,2.365
4.1857,34.0,5.288732394366197,1.0369718309859155,1938.0,3.4119718309859155,34.22,-118.42,1.986
4.0109,23.0,5.440633245382585,0.992084432717678,1302.0,3.4353562005277043,33.21,-117.34,1.457
4.2356,21.0,4.75,1.015625,1251.0,2.171875,33.02,-117.28,3.477
3.6467,14.0,5.174168297455969,1.0273972602739727,2021.0,3.954990215264188,34.05,-117.66,1.475
5.152,26.0,6.209302325581396,1.041860465116279,742.0,3.4511627906976745,32.6,-117.03,1.434
3.1505,9.0,5.62312030075188,1.0545112781954886,3515.0,3.3035714285714284,34.46,-117.34,1.02
4.0461,37.0,4.739669421487603,1.0661157024793388,742.0,3.066115702479338,33.9,-118.09,1.535
5.1048,37.0,5.3538461538461535,1.3076923076923077,673.0,1.7256410256410255,33.6,-117.91,5.00001
6.299,17.0,6.478021978021978,1.0879120879120878,1387.0,3.81043956043956,33.87,-118.04,2.858
4.1047,52.0,3.935483870967742,1.0521091811414391,1259.0,1.5620347394540943,37.8,-122.43,4.667
2.7857,30.0,5.135185185185185,1.174074074074074,1376.0,2.5481481481481483,34.1,-118.03,2.017
4.6069,7.0,5.609195402298851,0.9985632183908046,3551.0,2.5510057471264367,38.26,-122.63,2.023
5.0,32.0,5.80078125,0.984375,1117.0,2.181640625,38.46,-122.69,2.759
3.8571,52.0,5.044943820224719,1.0192616372391654,1350.0,2.1669341894061,37.77,-122.47,3.667
3.8307,33.0,5.728440366972477,1.062385321100917,1733.0,3.179816513761468,35.38,-118.92,0.706
6.4962,25.0,7.853125,1.0625,900.0,2.8125,34.03,-117.19,1.824
7.439,21.0,6.494584837545126,1.0577617328519855,576.0,2.07942238267148,37.46,-122.34,5.00001
2.3824,14.0,3.9296675191815855,1.088235294117647,2000.0,2.557544757033248,32.75,-117.07,1.447
3.6154,5.0,4.193548387096774,0.9919354838709676,1037.0,2.7876344086021505,38.02,-121.9,1.818
4.9091,43.0,5.051224944320713,0.975501113585746,1151.0,2.56347438752784,37.54,-122.29,2.932
4.7228,36.0,5.41743119266055,1.0091743119266054,775.0,3.555045871559633,34.24,-118.42,1.838
2.75,33.0,3.331360946745562,1.1479289940828403,265.0,1.5680473372781063,37.97,-122.52,2.313
3.6369,10.0,5.646564885496184,1.0450381679389311,4611.0,3.519847328244275,35.3,-119.02,0.816
2.7083,45.0,4.678571428571429,1.0634920634920637,736.0,2.9206349206349205,34.01,-118.13,1.618
4.75,37.0,5.235632183908046,0.9454022988505748,845.0,2.42816091954023,37.33,-121.94,2.511
4.1447,11.0,5.630952380952381,0.988095238095238,1701.0,3.375,38.55,-121.34,1.14
1.4552,52.0,1.902086677367576,1.059390048154093,1007.0,1.6163723916532906,37.79,-122.4,4.5
3.0096,32.0,4.6350710900473935,1.0758293838862558,543.0,2.5734597156398102,34.15,-118.1,1.99
3.7051,52.0,5.6879194630872485,1.1593959731543624,1645.0,2.76006711409396,37.76,-122.39,2.537
2.0786,33.0,4.562589928057554,1.1971223021582733,1591.0,2.289208633093525,38.62,-121.42,0.886
8.5425,35.0,7.508403361344538,1.01890756302521,1325.0,2.783613445378151,37.24,-121.98,5.00001
2.8698,23.0,5.475471698113208,1.1018867924528302,1052.0,3.969811320754717,37.38,-120.73,0.729
2.5326,20.0,6.292490118577075,1.2924901185770752,647.0,2.5573122529644268,39.05,-122.86,1.368
2.0976,29.0,4.987938596491228,1.0043859649122806,2494.0,2.7346491228070176,33.93,-116.89,0.726
1.245,42.0,3.624254473161034,1.125248508946322,761.0,1.5129224652087476,38.58,-121.48,1.375
6.323,19.0,6.813953488372093,0.9953488372093025,1481.0,3.444186046511628,33.51,-117.68,4.808
6.5847,23.0,8.442748091603054,1.0381679389312977,1124.0,2.8600508905852418,37.92,-122.03,3.588
4.0488,33.0,4.902761104441777,1.0768307322929171,1804.0,2.1656662665066024,32.7,-117.17,4.097
1.6821,18.0,4.93569844789357,1.0864745011086474,859.0,1.9046563192904653,40.57,-122.35,0.694
7.139,34.0,7.094,1.046,1187.0,2.374,34.16,-118.5,4.24
3.7833,17.0,6.057692307692308,1.0961538461538465,877.0,2.810897435897436,39.07,-123.21,1.598
5.3098,22.0,5.589147286821706,0.9069767441860463,367.0,2.8449612403100777,38.0,-121.88,1.519
2.1859,38.0,4.472222222222222,1.0462962962962965,389.0,3.601851851851852,33.89,-118.16,1.438
2.8958,10.0,3.5535714285714284,0.7321428571428571,61.0,1.0892857142857142,33.93,-118.37,2.458
3.016,6.0,4.883196721311475,1.2418032786885247,1301.0,2.665983606557377,34.14,-117.24,1.075
1.7257,18.0,3.4615384615384617,1.006118881118881,2248.0,1.965034965034965,38.56,-121.74,1.791
2.7708,33.0,4.564432989690721,1.0257731958762886,1037.0,2.672680412371134,36.62,-121.83,1.618
4.1302,30.0,5.502183406113537,0.9694323144104804,638.0,2.7860262008733625,34.22,-118.35,2.583
5.0917,17.0,6.125954198473282,0.9847328244274808,748.0,2.854961832061069,38.58,-121.34,1.341
7.2628,21.0,6.1063829787234045,0.9297872340425531,1671.0,3.5553191489361704,33.86,-118.04,3.227
10.5511,19.0,8.986206896551725,1.0689655172413792,450.0,3.103448275862069,34.14,-118.59,4.831
2.3711,20.0,5.397014925373134,0.9970149253731344,763.0,2.277611940298508,39.74,-121.64,1.218
4.9676,34.0,5.4309927360774815,1.0750605326876512,973.0,2.3559322033898304,34.02,-118.42,4.141
3.2404,39.0,5.080071174377224,1.0213523131672595,1217.0,2.165480427046264,38.54,-121.44,0.936
5.0357,45.0,4.870619946091645,0.9568733153638814,883.0,2.3800539083557952,34.0,-118.42,3.298
3.2609,22.0,3.6596638655462175,1.024159663865546,1268.0,1.3319327731092436,33.99,-118.5,5.00001
6.5513,16.0,6.774683544303797,0.9898734177215188,1377.0,3.4860759493670885,33.86,-118.05,3.504
2.725,23.0,5.633738601823708,1.168693009118541,1938.0,2.945288753799392,34.01,-117.35,0.953
1.6045,36.0,3.822950819672131,1.0754098360655735,2175.0,3.565573770491804,35.76,-119.25,0.573
3.8,31.0,4.791744840525328,0.9662288930581614,1507.0,2.827392120075047,38.25,-122.64,1.626
3.9073,17.0,6.223577235772358,1.1382113821138211,775.0,3.1504065040650406,36.61,-119.44,0.916
3.0625,45.0,5.242424242424242,0.9603729603729604,944.0,2.200466200466201,36.6,-121.9,2.603
3.8281,3.0,7.980769230769231,1.3942307692307692,272.0,2.6153846153846154,33.52,-116.8,1.635
5.5842,5.0,6.92914653784219,0.9871175523349436,2206.0,3.552334943639292,38.04,-121.35,1.591
3.7143,52.0,4.859154929577465,0.9577464788732394,847.0,2.982394366197183,37.72,-122.44,2.6
3.3268,23.0,4.440619621342513,1.114744693057946,4124.0,2.366035570854848,37.47,-122.22,3.228
3.8516,37.0,5.492957746478873,0.9683098591549296,763.0,2.686619718309859,34.19,-118.52,2.069
2.2422,30.0,3.286052009456265,1.0803782505910164,1460.0,3.451536643026005,34.08,-118.31,2.545
1.8933,18.0,5.851063829787234,1.3368794326241136,675.0,2.393617021276596,40.85,-123.13,0.847
5.4449,16.0,6.504237288135593,1.0084745762711864,768.0,3.254237288135593,35.34,-119.08,1.185
2.1056,34.0,4.260194174757282,1.007766990291262,1326.0,2.574757281553398,34.9,-117.01,0.72
2.8889,30.0,3.639581657280772,1.0555108608205954,1910.0,1.5366049879324215,34.08,-118.38,3.353
2.2138,49.0,5.058375634517766,1.131979695431472,1052.0,2.67005076142132,33.98,-118.32,1.198
1.87,38.0,2.8222222222222224,1.2355555555555555,1692.0,3.76,34.07,-118.27,1.708
2.6598,50.0,4.803603603603603,1.1045045045045043,1768.0,3.185585585585585,36.85,-121.4,1.573
4.2639,46.0,9.076923076923077,1.3076923076923077,6532.0,502.46153846153845,35.32,-120.7,3.5
3.2596,33.0,5.017656500802568,1.0064205457463884,2300.0,3.691813804173355,32.71,-117.03,1.03
4.7443,15.0,5.6251851851851855,1.0251851851851852,2216.0,3.282962962962963,34.19,-119.21,2.295
3.6833,33.0,6.102362204724409,1.0905511811023625,638.0,2.5118110236220472,37.91,-122.07,2.925
4.1115,35.0,4.908333333333333,0.9958333333333332,1659.0,3.45625,33.79,-117.98,1.797
1.1479,29.0,4.023529411764706,1.103529411764706,990.0,2.3294117647058825,40.87,-124.08,1.011
6.0296,7.0,7.003424657534247,1.1712328767123288,878.0,3.006849315068493,34.5,-117.27,1.941
2.1013,9.0,4.148148148148148,1.028395061728395,2041.0,2.5197530864197533,38.02,-121.95,1.007
3.8108,23.0,5.43931623931624,0.9623931623931624,1525.0,2.606837606837607,36.35,-119.64,0.904
3.0278,35.0,4.053571428571429,1.0138888888888888,1089.0,2.1607142857142856,37.53,-122.29,3.106
2.3071,41.0,4.444253859348199,1.169811320754717,2366.0,4.058319039451115,34.12,-118.19,1.464
5.5,46.0,5.443956043956044,1.0065934065934066,1034.0,2.2725274725274724,34.1,-117.72,2.897
4.6,21.0,5.386934673366834,1.0050251256281406,840.0,2.110552763819096,38.01,-122.56,2.395
2.375,22.0,5.4969450101833,1.105906313645621,1425.0,2.90224032586558,33.39,-117.25,1.373
13.8093,7.0,6.517241379310345,0.896551724137931,84.0,2.896551724137931,37.31,-122.11,5.00001
2.4461,17.0,4.903703703703704,1.0907407407407408,1193.0,2.20925925925926,36.92,-121.74,1.517
3.1696,13.0,5.079365079365079,1.0158730158730158,2450.0,4.320987654320987,32.57,-117.05,1.38
5.5,26.0,5.735384615384615,1.0184615384615383,956.0,2.9415384615384617,37.26,-121.89,2.317
3.7344,44.0,5.583732057416268,0.9617224880382776,452.0,2.1626794258373208,38.54,-121.5,1.798
2.871,31.0,3.552677029360967,1.0379965457685665,2397.0,4.139896373056994,34.22,-118.46,1.844
2.2847,33.0,3.696356275303644,1.0809716599190284,3423.0,4.619433198380567,33.93,-118.21,1.327
7.9606,34.0,6.504545454545455,1.018181818181818,503.0,2.286363636363636,37.9,-122.55,4.534
6.712,15.0,7.844290657439446,1.0103806228373702,1180.0,4.083044982698962,32.96,-117.13,2.402
2.0729,42.0,3.76890756302521,0.96218487394958,1094.0,4.5966386554621845,34.01,-118.09,1.141
3.6607,45.0,5.407476635514018,1.0654205607476634,1923.0,3.594392523364486,37.72,-122.39,1.923
3.05,17.0,5.493449781659389,1.1091703056768558,885.0,3.864628820960698,37.93,-122.36,1.216
5.04,22.0,7.160944206008583,1.111587982832618,1288.0,2.763948497854077,33.2,-117.21,2.537
1.6118,39.0,3.730434782608696,1.0231884057971017,1171.0,3.3942028985507244,34.09,-118.21,1.385
1.8295,52.0,2.628169014084507,1.0535211267605633,2957.0,4.164788732394366,37.8,-122.41,2.438
2.9569,27.0,6.233082706766917,1.1954887218045114,2362.0,4.43984962406015,33.82,-116.49,0.659
2.2132,34.0,4.858044164037855,1.0347003154574133,1037.0,3.271293375394322,34.13,-117.91,1.385
3.2222,24.0,3.836236933797909,1.10801393728223,491.0,1.710801393728223,34.03,-118.4,3.194
3.6823,18.0,4.003267973856209,1.0359477124183007,694.0,2.2679738562091503,34.41,-119.71,2.55
4.0516,8.0,6.201298701298701,1.0489964580873672,6002.0,3.543093270365998,38.46,-121.48,1.212
2.9406,24.0,5.11600928074246,1.0893271461716938,2362.0,2.7401392111368907,36.77,-119.73,0.73
4.9024,16.0,5.813267813267813,0.9631449631449632,1482.0,3.641277641277641,32.92,-117.15,1.829
3.9187,39.0,5.6109422492401215,1.0638297872340423,765.0,2.325227963525836,32.81,-117.25,3.119
2.975,43.0,4.111111111111111,1.0541310541310542,2086.0,1.9810066476733144,37.77,-122.25,2.434
1.7,27.0,4.2,1.0913043478260869,462.0,2.008695652173913,38.44,-122.71,3.5
2.2454,37.0,3.3531746031746037,0.988095238095238,881.0,3.496031746031746,34.04,-118.21,1.65
2.5403,52.0,3.66394279877426,1.052093973442288,2259.0,2.307456588355465,37.76,-122.42,2.5
2.8036,27.0,4.797507788161994,0.9813084112149532,883.0,2.750778816199377,40.61,-122.57,0.934
3.8826,17.0,9.426315789473684,1.873684210526316,432.0,2.273684210526316,39.63,-120.73,0.924
2.2019,13.0,4.333333333333333,1.150462962962963,1927.0,4.460648148148148,34.25,-118.4,1.342
3.9934,35.0,5.399253731343284,1.0149253731343284,1224.0,4.567164179104478,34.12,-117.89,1.419
1.1602,23.0,5.205882352941177,1.4852941176470589,316.0,2.323529411764706,40.6,-123.11,0.65
2.9926,9.0,5.599353796445881,1.0872374798061388,2356.0,3.806138933764136,35.65,-120.64,1.582
5.5922,35.0,6.219373219373219,1.0341880341880345,988.0,2.814814814814815,34.45,-119.71,3.844
3.37,36.0,4.96013018714402,1.045565500406835,3093.0,2.5166802278275022,32.72,-117.12,1.591
3.4167,36.0,5.220238095238095,1.0416666666666667,349.0,2.0773809523809526,36.63,-121.92,3.391
3.3836,43.0,5.7414772727272725,1.0767045454545454,1051.0,2.9857954545454546,33.93,-118.29,1.299
1.0391,24.0,1.9680511182108626,1.0591054313099042,1184.0,1.8913738019169328,32.72,-117.16,1.625
1.9265,29.0,11.415929203539823,2.327433628318584,323.0,2.8584070796460175,34.24,-117.32,1.033
3.8598,14.0,5.684536082474227,0.9371134020618557,2819.0,2.906185567010309,37.69,-120.97,1.744
3.8571,9.0,4.7669172932330826,1.1428571428571428,248.0,1.8646616541353382,32.77,-117.19,1.438
1.1818,29.0,3.5016835016835017,0.9797979797979798,1054.0,3.548821548821549,32.71,-117.11,0.832
3.9886,16.0,5.469613259668508,0.988950276243094,1776.0,2.453038674033149,37.65,-120.97,1.375
4.4595,24.0,6.2486910994764395,1.0078534031413613,1051.0,2.75130890052356,34.7,-120.47,1.527
2.275,21.0,5.4574898785425106,1.1700404858299596,1208.0,2.445344129554656,41.95,-124.14,1.224
